$hessian                                                                        
        0.4991888618   0.0111242772   0.0307416025  -0.1093617554   0.0225693464
        0.0593705392  -0.0212417538   0.0036022578   0.0212971423   0.0005422029
       -0.0000261894  -0.0001265716  -0.2308066888  -0.0971917367  -0.0208956403
       -0.0860282638   0.0272731462  -0.0890474096  -0.0488115654   0.0324047778
       -0.0018166872  -0.0047297607   0.0045470288   0.0067965903   0.0063243200
       -0.0031388291  -0.0077955911   0.0010262926   0.0011397645  -0.0000786496
       -0.0050818144  -0.0023549192   0.0008664147  -0.0001880700   0.0000470919
        0.0000797437   0.0000469170   0.0001226893   0.0002563996  -0.0008789220
       -0.0001187055   0.0003521172
        0.0111242772   0.5199595753  -0.0142540882   0.0221631008  -0.0776288509
       -0.0279518960  -0.0073041764   0.0032076883   0.0094648045  -0.0000260109
        0.0000837877   0.0000389725  -0.0973762067  -0.0952347280  -0.0092411855
        0.0273070412  -0.0632638419   0.0571895564   0.0326946140  -0.2780800720
        0.0028750038   0.0186057249  -0.0119519616  -0.0243869077  -0.0028809290
        0.0024953291   0.0044877302  -0.0009501271   0.0009490260   0.0009441439
       -0.0033050769  -0.0007373789   0.0006711374  -0.0001043761  -0.0000300278
       -0.0000473660  -0.0000878837   0.0000708503   0.0000795068   0.0001400286
        0.0001606043   0.0001305878
        0.0307416025  -0.0142540882   0.4901255103   0.0576880872  -0.0281399478
       -0.1473999695   0.0060890232   0.0015494110  -0.0013196150   0.0001268157
       -0.0000390304   0.0001519835  -0.0208858415  -0.0091976660  -0.0446620393
       -0.0889291640   0.0574553456  -0.2237901918  -0.0018420594   0.0031352470
       -0.0442439585   0.0025290440  -0.0027448228  -0.0018540556   0.0156338376
       -0.0073969495  -0.0283068674  -0.0005735642  -0.0001763580   0.0003305578
        0.0001429318   0.0000088667   0.0009015000  -0.0000117614   0.0000805408
        0.0000423429  -0.0001422192   0.0000534997  -0.0000045848  -0.0005667321
       -0.0003340481   0.0000293874
       -0.1093617554   0.0221631008   0.0576880872   0.4690918424  -0.0202640196
        0.0216259229  -0.1599396142  -0.0538643409   0.0012889923  -0.0212402397
       -0.0073131973  -0.0060813020  -0.0204797403   0.0060304478   0.0224483840
        0.0074920093  -0.0031380182  -0.0074356932  -0.0044393695   0.0046919755
        0.0056071360  -0.0491018737   0.0379466475  -0.0035348370  -0.0929095063
        0.0249690528  -0.0933419865   0.0008070798  -0.0021752605  -0.0001214973
       -0.0190554339  -0.0091320128   0.0036099728   0.0006682007  -0.0006010459
        0.0006374180  -0.0020645334   0.0007155449  -0.0030403978   0.0005329342
       -0.0000288740   0.0006498007
        0.0225693464  -0.0776288509  -0.0281399478  -0.0202640196   0.5197941660
       -0.0154274225  -0.0538641991  -0.0987697293   0.0003294642   0.0035747617
        0.0031942892  -0.0015557572  -0.0083877145   0.0034241906   0.0097589571
       -0.0043481702   0.0023649982   0.0051425586   0.0190619815  -0.0124683855
       -0.0244773793   0.0375694509  -0.2650541951   0.0098479376   0.0249102660
       -0.0577643457   0.0431428139  -0.0274866895  -0.0210194833   0.0002080639
        0.0036950597   0.0027848146  -0.0004046335   0.0014672587   0.0007662289
        0.0003981330   0.0015587511   0.0002383636   0.0013642846  -0.0000560830
        0.0001379384  -0.0001870726
        0.0593705392  -0.0279518960  -0.1473999695   0.0216259229  -0.0154274225
        0.5011494105  -0.0012235821  -0.0002884563  -0.0653071670  -0.0213028480
       -0.0094718092  -0.0013076391   0.0019087698   0.0004534075  -0.0005480631
        0.0150651675  -0.0067556410  -0.0271069282   0.0023023479  -0.0037649738
       -0.0017407000  -0.0032906113   0.0094250457  -0.0451728211  -0.0934855187
        0.0430019076  -0.2078111889  -0.0005765766  -0.0007428811   0.0007227034
        0.0232084446   0.0117823398  -0.0028661108   0.0001160195  -0.0005747486
        0.0006022881  -0.0037142867   0.0007924260  -0.0035022647  -0.0000037880
       -0.0004772982   0.0002884504
       -0.0212417538  -0.0073041764   0.0060890232  -0.1599396142  -0.0538641991
       -0.0012235821   0.4690966081  -0.0202941405  -0.0215999306  -0.1093598383
        0.0220919469  -0.0577163431  -0.0020648881   0.0007186861   0.0030400601
        0.0005322915  -0.0000297020  -0.0006486841   0.0006685582  -0.0006025759
       -0.0006371551   0.0008076682  -0.0021747531   0.0001244381  -0.0190551293
       -0.0091365056  -0.0035993228  -0.0491015454   0.0379510481   0.0034862471
       -0.0929169210   0.0250880190   0.0933148483  -0.0044458322   0.0046876132
       -0.0056212270  -0.0204755877   0.0060001853  -0.0224540007   0.0074959840
       -0.0031314460   0.0074456287
        0.0036022578   0.0032076883   0.0015494110  -0.0538643409  -0.0987697293
       -0.0002884563  -0.0202941405   0.5198330614   0.0154011045   0.0224955671
       -0.0775594786   0.0280549453   0.0015641701   0.0002351630  -0.0013692174
       -0.0000560740   0.0001382830   0.0001873755   0.0014678986   0.0007670560
       -0.0003987204  -0.0274862056  -0.0210183718  -0.0001817104   0.0036656299
        0.0027705679   0.0003976960   0.0375727431  -0.2650761266  -0.0095678067
        0.0250293626  -0.0578733239  -0.0433315974   0.0190593519  -0.0124325525
        0.0244901980  -0.0083959716   0.0034128571  -0.0097724810  -0.0043602486
        0.0023649059  -0.0051707408
        0.0212971423   0.0094648045  -0.0013196150   0.0012889923   0.0003294642
       -0.0653071670  -0.0215999306   0.0154011045   0.5011124189  -0.0593997354
        0.0278676898  -0.1474778244   0.0037115301  -0.0007967387  -0.0034989115
        0.0000037570   0.0004771018   0.0002867830  -0.0001177127   0.0005748358
        0.0006029151   0.0006116525   0.0007703338   0.0007222589  -0.0232137856
       -0.0117899512  -0.0028527833   0.0032434366  -0.0091458629  -0.0451498640
        0.0934577550  -0.0431920135  -0.2076955315  -0.0023220644   0.0037757493
       -0.0017711974  -0.0019033921  -0.0004564248  -0.0005407024  -0.0150576451
        0.0067199074  -0.0271107793
        0.0005422029  -0.0000260109   0.0001268157  -0.0212402397   0.0035747617
       -0.0213028480  -0.1093598383   0.0224955671  -0.0593997354   0.4991857319
        0.0110775443  -0.0307531670   0.0000469124   0.0001226066  -0.0002563448
       -0.0008787257  -0.0001189220  -0.0003520263  -0.0001879242   0.0000470488
       -0.0000795298   0.0010263585   0.0011396402   0.0000773291  -0.0050818813
       -0.0023561387  -0.0008636750  -0.0047316102   0.0045392807  -0.0068032308
        0.0063263036  -0.0031283395   0.0078023196  -0.0488391182   0.0324986579
        0.0017869387  -0.2307240889  -0.0972226204   0.0209476785  -0.0860840828
        0.0273569242   0.0890694755
       -0.0000261894   0.0000837877  -0.0000390304  -0.0073131973   0.0031942892
       -0.0094718092   0.0220919469  -0.0775594786   0.0278676898   0.0110775443
        0.5199979804   0.0142120035  -0.0000876457   0.0000706603  -0.0000794301
        0.0001405133   0.0001606684  -0.0001308506  -0.0001043396  -0.0000299865
        0.0000474314  -0.0009487075   0.0009480677  -0.0009442502  -0.0033058056
       -0.0007382910  -0.0006693949   0.0186015000  -0.0119179293   0.0244000042
       -0.0028995176   0.0024979071  -0.0045241876   0.0327891589  -0.2780646548
       -0.0026509688  -0.0974061402  -0.0952940340   0.0092786965   0.0273908793
       -0.0633489866  -0.0572959036
       -0.0001265716   0.0000389725   0.0001519835  -0.0060813020  -0.0015557572
       -0.0013076391  -0.0577163431   0.0280549453  -0.1474778244  -0.0307531670
        0.0142120035   0.4900869724   0.0001424014  -0.0000536971  -0.0000047743
        0.0005661047   0.0003338452   0.0000289772   0.0000119813  -0.0000805278
        0.0000424293   0.0005743999   0.0001755461   0.0003312467  -0.0001388872
       -0.0000069028   0.0009022682  -0.0025522113   0.0027568812  -0.0018860759
       -0.0156288515   0.0073592687  -0.0283117085   0.0018112552  -0.0029097719
       -0.0442362713   0.0209387229   0.0092350173  -0.0446739346   0.0889524683
       -0.0575598229  -0.2236456492
       -0.2308066888  -0.0973762067  -0.0208858415  -0.0204797403  -0.0083877145
        0.0019087698  -0.0020648881   0.0015641701   0.0037115301   0.0000469124
       -0.0000876457   0.0001424014   0.2679525922   0.1131025476   0.0211544595
       -0.0168339833  -0.0078596764  -0.0054198909   0.0019114883  -0.0007573314
       -0.0002401287   0.0000683484   0.0000584485  -0.0004323692   0.0008146903
       -0.0002721971  -0.0003545233   0.0002082128   0.0004169664  -0.0000262591
       -0.0011000268  -0.0004527675   0.0001900867  -0.0000085031  -0.0000146383
        0.0000457537   0.0001174462   0.0000232611   0.0000531350   0.0001741398
        0.0000427839   0.0001528763
       -0.0971917367  -0.0952347280  -0.0091976660   0.0060304478   0.0034241906
        0.0004534075   0.0007186861   0.0002351630  -0.0007967387   0.0001226066
        0.0000706603  -0.0000536971   0.1131025476   0.1068710340   0.0119839930
        0.0069914933   0.0040783983   0.0011484526  -0.0304097243  -0.0203726809
       -0.0038888723   0.0004145530   0.0004017787  -0.0000116792  -0.0000870419
        0.0000692951   0.0003556236   0.0001418113   0.0002054711  -0.0001061627
        0.0002070186   0.0003027938  -0.0000180798  -0.0000380941   0.0000610450
        0.0000106385   0.0000231575  -0.0000137695   0.0000006088  -0.0000257248
       -0.0000986517   0.0001201716
       -0.0208956403  -0.0092411855  -0.0446620393   0.0224483840   0.0097589571
       -0.0005480631   0.0030400601  -0.0013692174  -0.0034989115  -0.0002563448
       -0.0000794301  -0.0000047743   0.0211544595   0.0119839930   0.0523527525
       -0.0273253742  -0.0128102581  -0.0053577481   0.0003325908   0.0004973925
        0.0007308227  -0.0002112121   0.0002896807   0.0004163783   0.0005455301
        0.0004707627   0.0006196807  -0.0001389220  -0.0001460177  -0.0001150347
        0.0012225654   0.0005414388  -0.0002149302  -0.0000012703  -0.0000229739
       -0.0000148331  -0.0000531430  -0.0000003957   0.0001566364   0.0001383168
        0.0001272537   0.0001400637
       -0.0860282638   0.0273070412  -0.0889291640   0.0074920093  -0.0043481702
        0.0150651675   0.0005322915  -0.0000560740   0.0000037570  -0.0008787257
        0.0001405133   0.0005661047  -0.0168339833   0.0069914933  -0.0273253742
        0.1002103118  -0.0322866293   0.1022996571  -0.0021058516   0.0024364875
       -0.0047987318   0.0005635640  -0.0004696016  -0.0001312286  -0.0012384310
        0.0007295009   0.0037591170  -0.0000453362  -0.0000117750  -0.0000266394
       -0.0000296535   0.0000651107  -0.0002172972  -0.0000868512   0.0001911178
        0.0000896865   0.0001741817  -0.0000257862  -0.0001382921  -0.0017252621
       -0.0006632283  -0.0002167624
        0.0272731462  -0.0632638419   0.0574553456  -0.0031380182   0.0023649982
       -0.0067556410  -0.0000297020   0.0001382830   0.0004771018  -0.0001189220
        0.0001606684   0.0003338452  -0.0078596764   0.0040783983  -0.0128102581
       -0.0322866293   0.0688840583  -0.0650251605   0.0159624435  -0.0131491278
        0.0295401917  -0.0003803538   0.0004574532  -0.0007260105   0.0009276143
        0.0004839373  -0.0019515859   0.0001078971  -0.0001614653   0.0001081745
        0.0000023143  -0.0000821751  -0.0000679694   0.0001604473  -0.0001347326
       -0.0001918853   0.0000425791  -0.0000986340  -0.0001269147  -0.0006631400
        0.0003221799  -0.0002592334
       -0.0890474096   0.0571895564  -0.2237901918  -0.0074356932   0.0051425586
       -0.0271069282  -0.0006486841   0.0001873755   0.0002867830  -0.0003520263
       -0.0001308506   0.0000289772  -0.0054198909   0.0011484526  -0.0053577481
        0.1022996571  -0.0650251605   0.2610301760  -0.0024090477   0.0030431752
       -0.0026077096  -0.0005699707   0.0002665632   0.0007610576   0.0036796969
       -0.0017725040  -0.0046359712  -0.0000456111   0.0000143041  -0.0001428330
       -0.0003041386   0.0000134507   0.0002929078   0.0001884727  -0.0002169390
        0.0000242666  -0.0001528695  -0.0001198777   0.0001404339   0.0002175149
        0.0002598955   0.0010767798
       -0.0488115654   0.0326946140  -0.0018420594  -0.0044393695   0.0190619815
        0.0023023479   0.0006685582   0.0014678986  -0.0001177127  -0.0001879242
       -0.0001043396   0.0000119813   0.0019114883  -0.0304097243   0.0003325908
       -0.0021058516   0.0159624435  -0.0024090477   0.0546224501  -0.0391704080
       -0.0011930725  -0.0019401078   0.0016393662   0.0035390571   0.0003594877
       -0.0003620030  -0.0005615874  -0.0003490069  -0.0005569955   0.0003082131
        0.0002143299  -0.0001460662  -0.0001828466   0.0001530295  -0.0001991390
       -0.0000003453  -0.0000086229  -0.0000379853   0.0000013204  -0.0000868955
        0.0001603572  -0.0001888389
        0.0324047778  -0.2780800720   0.0031352470   0.0046919755  -0.0124683855
       -0.0037649738  -0.0006025759   0.0007670560   0.0005748358   0.0000470488
       -0.0000299865  -0.0000805278  -0.0007573314  -0.0203726809   0.0004973925
        0.0024364875  -0.0131491278   0.0030431752  -0.0391704080   0.3221392292
       -0.0014204151   0.0013519423   0.0000741707  -0.0025101342  -0.0003830877
        0.0003564001   0.0001641709   0.0003483963   0.0006539185  -0.0000452252
       -0.0003445596   0.0000706915   0.0001678068  -0.0001992546   0.0001122554
       -0.0000017706  -0.0000147248   0.0000611453   0.0000230297   0.0001913139
       -0.0001346141   0.0002173889
       -0.0018166872   0.0028750038  -0.0442439585   0.0056071360  -0.0244773793
       -0.0017407000  -0.0006371551  -0.0003987204   0.0006029151  -0.0000795298
        0.0000474314   0.0000424293  -0.0002401287  -0.0038888723   0.0007308227
       -0.0047987318   0.0295401917  -0.0026077096  -0.0011930725  -0.0014204151
        0.0502163768   0.0034663100  -0.0022236939  -0.0036381968  -0.0001089500
       -0.0005720125   0.0005858143   0.0002294917   0.0003493801   0.0001184571
       -0.0002934848  -0.0000140040   0.0000943447   0.0000005403   0.0000015709
       -0.0001694008  -0.0000456935  -0.0000106638  -0.0000149276  -0.0000900446
        0.0001921835   0.0000237334
       -0.0047297607   0.0186057249   0.0025290440  -0.0491018737   0.0375694509
       -0.0032906113   0.0008076682  -0.0274862056   0.0006116525   0.0010263585
       -0.0009487075   0.0005743999   0.0000683484   0.0004145530  -0.0002112121
        0.0005635640  -0.0003803538  -0.0005699707  -0.0019401078   0.0013519423
        0.0034663100   0.0604010012  -0.0426320286   0.0003454726  -0.0028092346
        0.0168495895  -0.0031597131  -0.0046507419  -0.0038027765  -0.0000807567
        0.0005509044  -0.0001391126  -0.0001694067  -0.0003489917   0.0003479518
       -0.0002294270   0.0002082136   0.0001420974   0.0001388053  -0.0000453479
        0.0001078748   0.0000454135
        0.0045470288  -0.0119519616  -0.0027448228   0.0379466475  -0.2650541951
        0.0094250457  -0.0021747531  -0.0210183718   0.0007703338   0.0011396402
        0.0009480677   0.0001755461   0.0000584485   0.0004017787   0.0002896807
       -0.0004696016   0.0004574532   0.0002665632   0.0016393662   0.0000741707
       -0.0022236939  -0.0426320286   0.3086109447  -0.0097678835   0.0036328192
       -0.0116934805   0.0034880761  -0.0038025357  -0.0017357793   0.0003407765
        0.0002671556   0.0002640691   0.0001991076  -0.0005574421   0.0006532400
       -0.0003497316   0.0004170086   0.0002059094   0.0001456206  -0.0000117535
       -0.0001618453  -0.0000146182
        0.0067965903  -0.0243869077  -0.0018540556  -0.0035348370   0.0098479376
       -0.0451728211   0.0001244381  -0.0001817104   0.0007222589   0.0000773291
       -0.0009442502   0.0003312467  -0.0004323692  -0.0000116792   0.0004163783
       -0.0001312286  -0.0007260105   0.0007610576   0.0035390571  -0.0025101342
       -0.0036381968   0.0003454726  -0.0097678835   0.0518888593  -0.0066948165
        0.0285730442  -0.0038258191   0.0000854479  -0.0003381205   0.0005780186
        0.0000796408   0.0004038676  -0.0000679851  -0.0003072272   0.0000445021
        0.0001191826   0.0000257695   0.0001057258  -0.0001152632   0.0000267331
       -0.0001083810  -0.0001428610
        0.0063243200  -0.0028809290   0.0156338376  -0.0929095063   0.0249102660
       -0.0934855187  -0.0190551293   0.0036656299  -0.0232137856  -0.0050818813
       -0.0033058056  -0.0001388872   0.0008146903  -0.0000870419   0.0005455301
       -0.0012384310   0.0009276143   0.0036796969   0.0003594877  -0.0003830877
       -0.0001089500  -0.0028092346   0.0036328192  -0.0066948165   0.1139034032
       -0.0271147544   0.1050126249   0.0005509227   0.0002670663  -0.0000799631
        0.0000565216   0.0005040978  -0.0005249660   0.0002143161  -0.0003440339
        0.0002936352  -0.0011001570   0.0002055815  -0.0012230741  -0.0000293222
        0.0000025775   0.0003046365
       -0.0031388291   0.0024953291  -0.0073969495   0.0249690528  -0.0577643457
        0.0430019076  -0.0091365056   0.0027705679  -0.0117899512  -0.0023561387
       -0.0007382910  -0.0000069028  -0.0002721971   0.0000692951   0.0004707627
        0.0007295009   0.0004839373  -0.0017725040  -0.0003620030   0.0003564001
       -0.0005720125   0.0168495895  -0.0116934805   0.0285730442  -0.0271147544
        0.0630852552  -0.0493482459  -0.0001389011   0.0002632940  -0.0004043682
        0.0005047829   0.0003815686  -0.0002136012  -0.0001459877   0.0000704560
        0.0000139526  -0.0004530740   0.0003022283  -0.0005422081   0.0000654648
       -0.0000822145  -0.0000129237
       -0.0077955911   0.0044877302  -0.0283068674  -0.0933419865   0.0431428139
       -0.2078111889  -0.0035993228   0.0003976960  -0.0028527833  -0.0008636750
       -0.0006693949   0.0009022682  -0.0003545233   0.0003556236   0.0006196807
        0.0037591170  -0.0019515859  -0.0046359712  -0.0005615874   0.0001641709
        0.0005858143  -0.0031597131   0.0034880761  -0.0038258191   0.1050126249
       -0.0493482459   0.2442304370   0.0001696105  -0.0001994710  -0.0000671358
        0.0005243263   0.0002144346   0.0009884337   0.0001830062  -0.0001676562
        0.0000944235  -0.0001895459   0.0000175040  -0.0002142281   0.0002172604
        0.0000683046   0.0002929366
        0.0010262926  -0.0009501271  -0.0005735642   0.0008070798  -0.0274866895
       -0.0005765766  -0.0491015454   0.0375727431   0.0032434366  -0.0047316102
        0.0186015000  -0.0025522113   0.0002082128   0.0001418113  -0.0001389220
       -0.0000453362   0.0001078971  -0.0000456111  -0.0003490069   0.0003483963
        0.0002294917  -0.0046507419  -0.0038025357   0.0000854479   0.0005509227
       -0.0001389011   0.0001696105   0.0604034794  -0.0426325785  -0.0002915418
       -0.0028094545   0.0168542027   0.0031384876  -0.0019396695   0.0013483341
       -0.0034689357   0.0000685556   0.0004156313   0.0002106919   0.0005628216
       -0.0003796841   0.0005701966
        0.0011397645   0.0009490260  -0.0001763580  -0.0021752605  -0.0210194833
       -0.0007428811   0.0379510481  -0.2650761266  -0.0091458629   0.0045392807
       -0.0119179293   0.0027568812   0.0004169664   0.0002054711  -0.0001460177
       -0.0000117750  -0.0001614653   0.0000143041  -0.0005569955   0.0006539185
        0.0003493801  -0.0038027765  -0.0017357793  -0.0003381205   0.0002670663
        0.0002632940  -0.0001994710  -0.0426325785   0.3086330594   0.0094423863
        0.0036413540  -0.0117339685  -0.0034779661   0.0016343341   0.0000802297
        0.0022197165   0.0000586525   0.0004026272  -0.0002901196  -0.0004690806
        0.0004571263  -0.0002658712
       -0.0000786496   0.0009441439   0.0003305578  -0.0001214973   0.0002080639
        0.0007227034   0.0034862471  -0.0095678067  -0.0451498640  -0.0068032308
        0.0244000042  -0.0018860759  -0.0000262591  -0.0001061627  -0.0001150347
       -0.0000266394   0.0001081745  -0.0001428330   0.0003082131  -0.0000452252
        0.0001184571  -0.0000807567   0.0003407765   0.0005780186  -0.0000799631
       -0.0004043682  -0.0000671358  -0.0002915418   0.0094423863   0.0518630685
        0.0066901566  -0.0285624879  -0.0037851345  -0.0035406587   0.0025051281
       -0.0036443945   0.0004327231   0.0000119535   0.0004175451   0.0001318566
        0.0007254198   0.0007601219
       -0.0050818144  -0.0033050769   0.0001429318  -0.0190554339   0.0036950597
        0.0232084446  -0.0929169210   0.0250293626   0.0934577550   0.0063263036
       -0.0028995176  -0.0156288515  -0.0011000268   0.0002070186   0.0012225654
       -0.0000296535   0.0000023143  -0.0003041386   0.0002143299  -0.0003445596
       -0.0002934848   0.0005509044   0.0002671556   0.0000796408   0.0000565216
        0.0005047829   0.0005243263  -0.0028094545   0.0036413540   0.0066901566
        0.1139093489  -0.0272500556  -0.1049840934   0.0003602953  -0.0003832844
        0.0001091905   0.0008138636  -0.0000875025  -0.0005440071  -0.0012382633
        0.0009229488  -0.0036804355
       -0.0023549192  -0.0007373789   0.0000088667  -0.0091320128   0.0027848146
        0.0117823398   0.0250880190  -0.0578733239  -0.0431920135  -0.0031283395
        0.0024979071   0.0073592687  -0.0004527675   0.0003027938   0.0005414388
        0.0000651107  -0.0000821751   0.0000134507  -0.0001460662   0.0000706915
       -0.0000140040  -0.0001391126   0.0002640691   0.0004038676   0.0005040978
        0.0003815686   0.0002144346   0.0168542027  -0.0117339685  -0.0285624879
       -0.0272500556   0.0632112889   0.0495745551  -0.0003617442   0.0003575593
        0.0005730957  -0.0002712695   0.0000675434  -0.0004699901   0.0007248569
        0.0004886100   0.0017671777
        0.0008664147   0.0006711374   0.0009015000   0.0036099728  -0.0004046335
       -0.0028661108   0.0933148483  -0.0433315974  -0.2076955315   0.0078023196
       -0.0045241876  -0.0283117085   0.0001900867  -0.0000180798  -0.0002149302
       -0.0002172972  -0.0000679694   0.0002929078  -0.0001828466   0.0001678068
        0.0000943447  -0.0001694067   0.0001991076  -0.0000679851  -0.0005249660
       -0.0002136012   0.0009884337   0.0031384876  -0.0034779661  -0.0037851345
       -0.1049840934   0.0495745551   0.2440988920   0.0005625721  -0.0001639999
        0.0005863491   0.0003545521  -0.0003547942   0.0006199236  -0.0037606441
        0.0019442223  -0.0046409502
       -0.0001880700  -0.0001043761  -0.0000117614   0.0006682007   0.0014672587
        0.0001160195  -0.0044458322   0.0190593519  -0.0023220644  -0.0488391182
        0.0327891589   0.0018112552  -0.0000085031  -0.0000380941  -0.0000012703
       -0.0000868512   0.0001604473   0.0001884727   0.0001530295  -0.0001992546
        0.0000005403  -0.0003489917  -0.0005574421  -0.0003072272   0.0002143161
       -0.0001459877   0.0001830062  -0.0019396695   0.0016343341  -0.0035406587
        0.0003602953  -0.0003617442   0.0005625721   0.0546518440  -0.0392766716
        0.0012295501   0.0019238461  -0.0304016327  -0.0003038681  -0.0021144958
        0.0159746522   0.0023954339
        0.0000470919  -0.0000300278   0.0000805408  -0.0006010459   0.0007662289
       -0.0005747486   0.0046876132  -0.0124325525   0.0037757493   0.0324986579
       -0.2780646548  -0.0029097719  -0.0000146383   0.0000610450  -0.0000229739
        0.0001911178  -0.0001347326  -0.0002169390  -0.0001991390   0.0001122554
        0.0000015709   0.0003479518   0.0006532400   0.0000445021  -0.0003440339
        0.0000704560  -0.0001676562   0.0013483341   0.0000802297   0.0025051281
       -0.0003832844   0.0003575593  -0.0001639999  -0.0392766716   0.3221151842
        0.0011585993  -0.0007480084  -0.0203817963  -0.0004779549   0.0024460546
       -0.0131724344  -0.0030320460
        0.0000797437  -0.0000473660   0.0000423429   0.0006374180   0.0003981330
        0.0006022881  -0.0056212270   0.0244901980  -0.0017711974   0.0017869387
       -0.0026509688  -0.0442362713   0.0000457537   0.0000106385  -0.0000148331
        0.0000896865  -0.0001918853   0.0000242666  -0.0000003453  -0.0000017706
       -0.0001694008  -0.0002294270  -0.0003497316   0.0001191826   0.0002936352
        0.0000139526   0.0000944235  -0.0034689357   0.0022197165  -0.0036443945
        0.0001091905   0.0005730957   0.0005863491   0.0012295501   0.0011585993
        0.0502157579   0.0002395192   0.0039028679   0.0007274846   0.0048084993
       -0.0295254792  -0.0025759983
        0.0000469170  -0.0000878837  -0.0001422192  -0.0020645334   0.0015587511
       -0.0037142867  -0.0204755877  -0.0083959716  -0.0019033921  -0.2307240889
       -0.0974061402   0.0209387229   0.0001174462   0.0000231575  -0.0000531430
        0.0001741817   0.0000425791  -0.0001528695  -0.0000086229  -0.0000147248
       -0.0000456935   0.0002082136   0.0004170086   0.0000257695  -0.0011001570
       -0.0004530740  -0.0001895459   0.0000685556   0.0000586525   0.0004327231
        0.0008138636  -0.0002712695   0.0003545521   0.0019238461  -0.0007480084
        0.0002395192   0.2678586051   0.1131419480  -0.0212150439  -0.0168386392
       -0.0078650248   0.0054249069
        0.0001226893   0.0000708503   0.0000534997   0.0007155449   0.0002383636
        0.0007924260   0.0060001853   0.0034128571  -0.0004564248  -0.0972226204
       -0.0952940340   0.0092350173   0.0000232611  -0.0000137695  -0.0000003957
       -0.0000257862  -0.0000986340  -0.0001198777  -0.0000379853   0.0000611453
       -0.0000106638   0.0001420974   0.0002059094   0.0001057258   0.0002055815
        0.0003022283   0.0000175040   0.0004156313   0.0004026272   0.0000119535
       -0.0000875025   0.0000675434  -0.0003547942  -0.0304016327  -0.0203817963
        0.0039028679   0.1131419480   0.1069380245  -0.0120230951   0.0070085882
        0.0040886845  -0.0011537429
        0.0002563996   0.0000795068  -0.0000045848  -0.0030403978   0.0013642846
       -0.0035022647  -0.0224540007  -0.0097724810  -0.0005407024   0.0209476785
        0.0092786965  -0.0446739346   0.0000531350   0.0000006088   0.0001566364
       -0.0001382921  -0.0001269147   0.0001404339   0.0000013204   0.0000230297
       -0.0000149276   0.0001388053   0.0001456206  -0.0001152632  -0.0012230741
       -0.0005422081  -0.0002142281   0.0002106919  -0.0002901196   0.0004175451
       -0.0005440071  -0.0004699901   0.0006199236  -0.0003038681  -0.0004779549
        0.0007274846  -0.0212150439  -0.0120230951   0.0523660441   0.0273106532
        0.0128110165  -0.0053621621
       -0.0008789220   0.0001400286  -0.0005667321   0.0005329342  -0.0000560830
       -0.0000037880   0.0074959840  -0.0043602486  -0.0150576451  -0.0860840828
        0.0273908793   0.0889524683   0.0001741398  -0.0000257248   0.0001383168
       -0.0017252621  -0.0006631400   0.0002175149  -0.0000868955   0.0001913139
       -0.0000900446  -0.0000453479  -0.0000117535   0.0000267331  -0.0000293222
        0.0000654648   0.0002172604   0.0005628216  -0.0004690806   0.0001318566
       -0.0012382633   0.0007248569  -0.0037606441  -0.0021144958   0.0024460546
        0.0048084993  -0.0168386392   0.0070085882   0.0273106532   0.1002753511
       -0.0323811558  -0.1023244488
       -0.0001187055   0.0001606043  -0.0003340481  -0.0000288740   0.0001379384
       -0.0004772982  -0.0031314460   0.0023649059   0.0067199074   0.0273569242
       -0.0633489866  -0.0575598229   0.0000427839  -0.0000986517   0.0001272537
       -0.0006632283   0.0003221799   0.0002598955   0.0001603572  -0.0001346141
        0.0001921835   0.0001078748  -0.0001618453  -0.0001083810   0.0000025775
       -0.0000822145   0.0000683046  -0.0003796841   0.0004571263   0.0007254198
        0.0009229488   0.0004886100   0.0019442223   0.0159746522  -0.0131724344
       -0.0295254792  -0.0078650248   0.0040886845   0.0128110165  -0.0323811558
        0.0689786971   0.0651568263
        0.0003521172   0.0001305878   0.0000293874   0.0006498007  -0.0001870726
        0.0002884504   0.0074456287  -0.0051707408  -0.0271107793   0.0890694755
       -0.0572959036  -0.2236456492   0.0001528763   0.0001201716   0.0001400637
       -0.0002167624  -0.0002592334   0.0010767798  -0.0001888389   0.0002173889
        0.0000237334   0.0000454135  -0.0000146182  -0.0001428610   0.0003046365
       -0.0000129237   0.0002929366   0.0005701966  -0.0002658712   0.0007601219
       -0.0036804355   0.0017671777  -0.0046409502   0.0023954339  -0.0030320460
       -0.0025759983   0.0054249069  -0.0011537429  -0.0053621621  -0.1023244488
        0.0651568263   0.2608669268
