           1           2   1.01999849187402     
           2           3   1.00790301773186     
           3           4   1.02000032960538     
           1           5  0.987732044039374     
           1           6  0.986276496111096     
           1           7  0.987852857290840     
           2           8  0.978388026196022     
           2           9  0.979050373130993     
           3          10  0.978387242851797     
           3          11  0.979049604440923     
           4          12  0.987854817183397     
           4          13  0.987731776154476     
           4          14  0.986273992547278     
