$coord
        -14.177274289904          4.165003755074          0.181068599584     c 
        -13.178698057623          1.689763148930         -0.884406154565     c 
        -10.816975539161          0.751986697425          0.493808126600     c 
         -9.884748010336         -1.802374481662         -0.487753882508     c 
         -7.351613292680         -2.636084039023          0.637804752419     c 
         -5.110163243220         -1.023020220483         -0.234764663924     c 
         -2.554522360806         -2.174128755835          0.478849049938     c 
         -0.313331505023         -0.429559630359         -0.061250658806     c 
          2.242036356778         -1.750099990313          0.244286993738     c 
          4.486794533461          0.069280943781          0.042824278957     c 
          7.047603944092         -1.266755387788          0.084604906681     c 
          9.270711982408          0.574730458750         -0.112045743613     c 
         11.823899723129         -0.751006554968         -0.397650157151     c 
         13.993577127256          1.056521083313         -1.048100356958     c 
         14.502001939577          3.018228399686          0.990562951061     c 
        -14.641075437180          3.978450170931          2.187436166853     h 
        -15.888148418169          4.794147031942         -0.793197097131     h 
        -12.776052299942          5.676149865548          0.018766466836     h 
        -14.650359610124          0.228705143906         -0.794240819229     h 
        -12.755856007116          1.893784838373         -2.906746932587     h 
        -11.202215153198          0.620389553020          2.526557906702     h 
         -9.316142763013          2.167812426218          0.323099702735     h 
        -11.342444390751         -3.234376975874         -0.115661684140     h 
         -9.727623700232         -1.735911205822         -2.554274595246     h 
         -7.463771639205         -2.611897717789          2.710602878892     h 
         -6.984724578112         -4.619715915041          0.142429164284     h 
         -5.198881398834         -0.759605598888         -2.291036449866     h 
         -5.258587650384          0.888697698575          0.553674674343     h 
         -2.556621495602         -2.696971887454          2.485594748913     h 
         -2.302014878153         -3.965152160733         -0.535717653098     h 
         -0.471870594742          0.338531095611         -1.981466121201     h 
         -0.398701114254          1.225438152426          1.186064698623     h 
          2.414071641703         -3.250183775660         -1.182342111413     h 
          2.309502213493         -2.734684573181          2.071481784195     h 
          4.401449709876          1.450484274589          1.587232516945     h 
          4.319941929100          1.182300086364         -1.697010697134     h 
          7.223853298609         -2.409465574919          1.803222699706     h 
          7.135186592296         -2.624968456883         -1.478598806192     h 
          9.295072139154          1.823102460223          1.542408181901     h 
          8.972158585008          1.835736070367         -1.732043338559     h 
         12.268324467495         -1.797586646108          1.336209928220     h 
         11.660677924633         -2.203097674114         -1.872745144982     h 
         13.566718997147          2.001707799198         -2.847900504077     h 
         15.726540574136         -0.030018529897         -1.410826654758     h 
         16.092107376836          4.244430832496          0.497858711465     h 
         12.866940994403          4.245338518137          1.277333097987     h 
         14.929231869676          2.126409188294          2.803779014049     h 
$end
