   -0.07181879
   -0.05103667
   -0.05098104
   -0.05083973
   -0.05010224
   -0.05088456
   -0.05073023
   -0.05153429
   -0.05160317
   -0.05154795
   -0.05173293
   -0.05093391
   -0.05163894
   -0.05062650
   -0.07101973
    0.02335877
    0.02482198
    0.02476783
    0.02622670
    0.02530085
    0.02722927
    0.02436973
    0.02410973
    0.02555095
    0.02446078
    0.02443297
    0.02556442
    0.02410593
    0.02741545
    0.02484498
    0.02624674
    0.02576170
    0.02634321
    0.02491010
    0.02484269
    0.02618049
    0.02580413
    0.02573522
    0.02757885
    0.02490556
    0.02642348
    0.02286104
    0.02476401
    0.02327520
    0.02534761
    0.02311646
    0.02637384
