           1           2   1.02636516974089     
           2           3   1.01275687093276     
           3           4   1.01170638867848     
           4           5   1.01126321216244     
           5           6   1.01111569560287     
           6           7   1.01113532347619     
           7           8   1.01274113214468     
           8           9   1.01090476622216     
           9          10   1.01226475652337     
          10          11   1.01059820656289     
          11          12   1.01363476852452     
          12          13   1.00766441688106     
          13          14   1.01222414529504     
          14          15   1.02604757871322     
           1          16  0.982457984814080     
           1          17  0.980808067452455     
           1          18  0.981071731939392     
           2          19  0.973876163788168     
           2          20  0.975873353911576     
           3          21  0.972740558921788     
           3          22  0.975527427544736     
           4          23  0.975783966352385     
           4          24  0.974469491640678     
           5          25  0.973701792363528     
           5          26  0.973437171642801     
           6          27  0.974400433425677     
           6          28  0.975776185202817     
           7          29  0.972791151689723     
           7          30  0.972991411173439     
           8          31  0.974220129414650     
           8          32  0.973483738529347     
           9          33  0.973213373657130     
           9          34  0.975824847134101     
          10          35  0.975641363312366     
          10          36  0.972196525761914     
          11          37  0.971616558971425     
          11          38  0.973830568344544     
          12          39  0.974078724311633     
          12          40  0.975276645335206     
          13          41  0.974667038067431     
          13          42  0.978368877898911     
          14          43  0.975719756441207     
          14          44  0.976842703347508     
          15          45  0.981411155168663     
          15          46  0.980886704886657     
          15          47  0.978395375517488     
