$hessian                                                                        
        0.4770518955  -0.0293850279   0.0000476620  -0.1633310909  -0.0621474430
        0.0001170466  -0.0290366570  -0.0083693997   0.0000207899  -0.0036960030
        0.0030408121  -0.0000070076  -0.0010786503  -0.0006615357   0.0000012271
       -0.0003478712   0.0002342751   0.0000010459  -0.0436035176  -0.0055114722
       -0.0095621299  -0.0436008410  -0.0054681894   0.0095631630  -0.1832055574
        0.1192574517  -0.0001996398  -0.0052840329  -0.0047408183  -0.0020703313
       -0.0052846920  -0.0047355705   0.0020874808   0.0007574294  -0.0008352674
        0.0002455484   0.0007597192  -0.0008408112  -0.0002434992  -0.0000137240
        0.0001302806  -0.0001577962  -0.0000144871   0.0001290579   0.0001568827
       -0.0000046416  -0.0000538005  -0.0000475105  -0.0000041822  -0.0000549276
        0.0000471775   0.0000284227   0.0000390459  -0.0000405364  -0.0001194497
       -0.0000647422  -0.0000005890   0.0000279310   0.0000380824   0.0000410161
       -0.0293850279   0.5080670551   0.0000194397  -0.0612764010  -0.1028290502
        0.0000665517   0.0128800133   0.0074804738  -0.0000148328   0.0028119891
       -0.0015930450   0.0000035926   0.0007706791   0.0005301524  -0.0000006415
        0.0002345705  -0.0001348584  -0.0000003870  -0.0059232257  -0.1239058739
       -0.1116096853  -0.0058788556  -0.1231469862   0.1113365236   0.1195154862
       -0.1426467118   0.0001629119  -0.0177940956  -0.0117252762  -0.0027289495
       -0.0177136363  -0.0116604777   0.0027669691   0.0008364617   0.0006730224
       -0.0003665835   0.0008422062   0.0006788492   0.0003659728   0.0000609138
        0.0000500368  -0.0001325160   0.0000618590   0.0000512975   0.0001318473
       -0.0000666067   0.0000414795   0.0000001981  -0.0000673117   0.0000417279
       -0.0000005564  -0.0000053620   0.0000060677  -0.0000118685   0.0001014349
        0.0000160154   0.0000000216  -0.0000050912   0.0000061015   0.0000119923
        0.0000476620   0.0000194397   0.5233765517   0.0001097696   0.0000647353
       -0.0681148324  -0.0000241704  -0.0000156206   0.0004548093  -0.0000023970
        0.0000034731   0.0003188256  -0.0000012631  -0.0000008728   0.0001939346
       -0.0000003261   0.0000000867   0.0000072269  -0.0097934170  -0.1116573625
       -0.2038009348   0.0097978319   0.1113869438  -0.2045702726  -0.0002001866
        0.0001624470  -0.0452789266  -0.0214403130  -0.0147457107  -0.0015911454
        0.0215068510   0.0147837144  -0.0016570102  -0.0007293214  -0.0002411997
        0.0002993707   0.0007288859   0.0002401514   0.0002986507  -0.0001203517
       -0.0000430254   0.0000346899   0.0001208581   0.0000428053   0.0000336996
       -0.0000222386   0.0000221275  -0.0000036503   0.0000222354  -0.0000219423
       -0.0000034226  -0.0000124856   0.0000082559  -0.0000001907   0.0000001277
        0.0000000633   0.0000026368   0.0000122490  -0.0000085092  -0.0000000103
       -0.1633310909  -0.0612764010   0.0001097696   0.4561259622   0.0068980839
       -0.0000181680  -0.1375628427   0.0658778216  -0.0001324673  -0.0280540722
        0.0123705260  -0.0000110057  -0.0039969851  -0.0024252301   0.0000030189
       -0.0010796061   0.0007698047   0.0000032561  -0.0046184169  -0.0048860449
       -0.0028449769  -0.0046130572  -0.0048716408   0.0028636824  -0.0261989927
       -0.0112196222   0.0000207529  -0.0413898363  -0.0047884252  -0.0069422421
       -0.0413870489  -0.0047592578   0.0069681723  -0.0024576655   0.0034864758
       -0.0019291762  -0.0024358814   0.0034772290   0.0019171491   0.0007191957
        0.0008124927  -0.0002885935   0.0007174396   0.0008068864   0.0002806481
       -0.0000624873  -0.0000883941  -0.0001088513  -0.0000602636  -0.0000934653
        0.0001098021   0.0000135039   0.0000635616  -0.0000436290  -0.0003410735
       -0.0002169457  -0.0000015621   0.0000132190   0.0000625451   0.0000444208
       -0.0621474430  -0.1028290502   0.0000647353   0.0068980839   0.4987818940
        0.0000859659   0.0648021024  -0.1183722096   0.0000945070  -0.0080893028
        0.0073277997  -0.0000079577  -0.0024248207  -0.0011000206   0.0000038943
       -0.0006614011   0.0005293122   0.0000013407  -0.0172507243  -0.0123310858
       -0.0032027967  -0.0171740729  -0.0122649316   0.0032418850   0.0152746601
        0.0086204949  -0.0000158916  -0.0043003321  -0.1201351424  -0.1056349923
       -0.0042760485  -0.1193210714   0.1053241434   0.0158036540  -0.0149991980
        0.0036765031   0.0159003335  -0.0151149486  -0.0036294719  -0.0010576142
        0.0005505019  -0.0002038747  -0.0010536455   0.0005492345   0.0002036148
       -0.0000195631   0.0000673561   0.0001334508  -0.0000187790   0.0000669603
       -0.0001342975   0.0000491133   0.0000076674   0.0000342351  -0.0003023689
       -0.0000416074  -0.0000005595   0.0000481689   0.0000080445  -0.0000344332
        0.0001170466   0.0000665517  -0.0681148324  -0.0000181680   0.0000859659
        0.5399269431  -0.0001316757   0.0000926458  -0.0692720968   0.0000390066
       -0.0000216826   0.0002906189   0.0000094960   0.0000081902   0.0002952040
        0.0000036279  -0.0000026297   0.0001934020  -0.0218842381  -0.0146772530
       -0.0015150561   0.0219451044   0.0147145804  -0.0015799119  -0.0000257698
       -0.0000143226   0.0003335294  -0.0066527373  -0.1054876703  -0.1979848186
        0.0066760666   0.1051813279  -0.1987943549  -0.0193520097   0.0180506460
       -0.0021221868   0.0192662107  -0.0179916867  -0.0020319386   0.0008328545
       -0.0001943105   0.0001811824  -0.0008230671   0.0001901757   0.0001772480
       -0.0000800293   0.0000226243   0.0000160525   0.0000775127  -0.0000237214
        0.0000140976  -0.0000093991  -0.0000107220  -0.0000073721   0.0000009763
       -0.0000001554   0.0000019580   0.0000091919   0.0000114464  -0.0000076678
       -0.0290366570   0.0128800133  -0.0000241704  -0.1375628427   0.0648021024
       -0.0001316757   0.4543033430   0.0032798748   0.0000603556  -0.1543005472
       -0.0607462624   0.0002096286  -0.0280299119  -0.0080990677   0.0000322614
       -0.0036972041   0.0028105437   0.0000137740   0.0009591282   0.0008412148
        0.0003351456   0.0009602886   0.0008400495  -0.0003380124  -0.0051447660
       -0.0021998726   0.0000040323  -0.0025583963   0.0036931731   0.0020764928
       -0.0025657359   0.0036868496  -0.0020971547  -0.0416122358  -0.0050009902
        0.0067467640  -0.0416306810  -0.0051786684  -0.0069208063  -0.0051346124
       -0.0047666884   0.0024629573  -0.0051937082  -0.0048213292  -0.0024307882
        0.0007760043  -0.0008490166  -0.0002536628   0.0007807727  -0.0008696986
        0.0002600094  -0.0000328394   0.0001575331  -0.0001476893  -0.0012434242
       -0.0006120285  -0.0000060649  -0.0000359748   0.0001522680   0.0001486038
       -0.0083693997   0.0074804738  -0.0000156206   0.0658778216  -0.1183722096
        0.0000926458   0.0032798748   0.4975113826   0.0000959073  -0.0607390141
       -0.1017026813   0.0001240289   0.0123621126   0.0073345220  -0.0000198876
        0.0030404016  -0.0015903868  -0.0000052725  -0.0010047095   0.0006815485
        0.0002785995  -0.0009982082   0.0006785206  -0.0002807982  -0.0036510372
       -0.0005984383   0.0000017591   0.0158407898  -0.0151257174  -0.0035792434
        0.0157565185  -0.0150351270   0.0036342902  -0.0051188111  -0.1185640995
        0.1045331998  -0.0052974722  -0.1197427523  -0.1049381087  -0.0170227699
       -0.0122108541   0.0033425307  -0.0171081107  -0.0122780198  -0.0032599801
        0.0010221955   0.0005199616   0.0002621176   0.0010294566   0.0005317348
       -0.0002690735   0.0000108177   0.0000368926  -0.0001060127   0.0010787872
        0.0004093475   0.0000031313   0.0000107564   0.0000359021   0.0001057874
        0.0000207899  -0.0000148328   0.0004548093  -0.0001324673   0.0000945070
       -0.0692720968   0.0000603556   0.0000959073   0.5386479031   0.0002271174
        0.0001259195  -0.0689387321   0.0000130748   0.0000120909   0.0002885559
       -0.0000059359   0.0000045807   0.0003191431  -0.0008603737   0.0003076711
        0.0002138930   0.0008630421  -0.0003091355   0.0002177915   0.0000085937
        0.0000019820   0.0005536283   0.0192416838  -0.0179782266  -0.0019135437
       -0.0193028109   0.0180363980  -0.0019999630   0.0068761400   0.1046359221
       -0.1982386498  -0.0070568414  -0.1050600581  -0.1970339188   0.0214471715
        0.0152420260  -0.0020208461  -0.0213850422  -0.0151924771  -0.0018968321
        0.0008148704   0.0001034338   0.0001809463  -0.0008284867  -0.0001024274
        0.0001951971  -0.0000721411  -0.0000150485   0.0000150817  -0.0000031870
       -0.0000009446   0.0002088220   0.0000744469   0.0000127121   0.0000188114
       -0.0036960030   0.0028119891  -0.0000023970  -0.0280540722  -0.0080893028
        0.0000390066  -0.1543005472  -0.0607390141   0.0002271174   0.4544219513
        0.0032467773   0.0001160676  -0.1376259009   0.0647909411   0.0000541694
       -0.0290563536   0.0128585911   0.0000154693  -0.0000342715   0.0001553180
        0.0001479442  -0.0000349052   0.0001542700  -0.0001483428  -0.0012439960
       -0.0006108202   0.0000011013   0.0007761215  -0.0008590469  -0.0002543247
        0.0007772232  -0.0008633800   0.0002607841  -0.0051482700  -0.0047764415
        0.0024559909  -0.0051780943  -0.0048061495  -0.0024360554  -0.0416005286
       -0.0049266826   0.0065872762  -0.0416359326  -0.0052163184  -0.0070299391
       -0.0025948435   0.0037196715   0.0020819122  -0.0025453621   0.0036684721
       -0.0020942682   0.0009656319   0.0008538310  -0.0003359394  -0.0051433410
       -0.0022029072  -0.0000232164   0.0009514937   0.0008302020   0.0003376439
        0.0030408121  -0.0015930450   0.0000034731   0.0123705260   0.0073277997
       -0.0000216826  -0.0607462624  -0.1017026813   0.0001259195   0.0032467773
        0.4974363749   0.0000553381   0.0658794918  -0.1183198965  -0.0000378890
       -0.0083902278   0.0074789506   0.0000032628   0.0000110470   0.0000364128
        0.0001058911   0.0000106827   0.0000364284  -0.0001055603   0.0010792700
        0.0004083593  -0.0000003850   0.0010271461   0.0005258625   0.0002643752
        0.0010308330   0.0005261842  -0.0002675855  -0.0170062817  -0.0121937534
        0.0033374589  -0.0171259608  -0.0122814194  -0.0032614181  -0.0050356233
       -0.1188408354   0.1046409161  -0.0053446858  -0.1194691811  -0.1048270988
        0.0157761165  -0.0150324668  -0.0036055641   0.0158361006  -0.0151003350
        0.0036032872  -0.0010045256   0.0006873137  -0.0002815930  -0.0036534367
       -0.0006028278  -0.0000095369  -0.0010017990   0.0006727555   0.0002783912
       -0.0000070076   0.0000035926   0.0003188256  -0.0000110057  -0.0000079577
        0.0002906189   0.0002096286   0.0001240289  -0.0689387321   0.0001160676
        0.0000553381   0.5386194469   0.0000112763  -0.0000239902  -0.0692715912
       -0.0000433580   0.0000450168   0.0004552279   0.0000734408   0.0000138578
        0.0000171603  -0.0000730830  -0.0000139797   0.0000169155  -0.0000021832
       -0.0000001118   0.0002077796   0.0008178024   0.0001016923   0.0001870001
       -0.0008290609  -0.0001035706   0.0001906395   0.0214650815   0.0152390134
       -0.0020244438  -0.0213733951  -0.0151810025  -0.0018918353   0.0067267191
        0.1047399365  -0.1979550574  -0.0071553677  -0.1049553311  -0.1972962190
        0.0193207509  -0.0180110126  -0.0019757494  -0.0192460336   0.0179758608
       -0.0019367015   0.0008642824  -0.0003054893   0.0002224984  -0.0000034646
       -0.0000060214   0.0005547529  -0.0008610899   0.0003101298   0.0002094643
       -0.0010786503   0.0007706791  -0.0000012631  -0.0039969851  -0.0024248207
        0.0000094960  -0.0280299119   0.0123621126   0.0000130748  -0.1376259009
        0.0658794918   0.0000112763   0.4560319517   0.0068537287  -0.0001089896
       -0.1632302099  -0.0613200885  -0.0003634199   0.0000134436   0.0000631566
        0.0000439641   0.0000133473   0.0000629465  -0.0000442212  -0.0003411511
       -0.0002165708   0.0000001970  -0.0000609628  -0.0000907672  -0.0001088924
       -0.0000613405  -0.0000917026   0.0001098906   0.0007194428   0.0008052406
       -0.0002857405   0.0007213843   0.0008098602   0.0002818046  -0.0024783938
        0.0035139811  -0.0019140851  -0.0024341230   0.0034644396   0.0019368978
       -0.0413629250  -0.0045510845  -0.0066284793  -0.0414041984  -0.0048963340
        0.0071449886  -0.0045803894  -0.0048756945   0.0028365494  -0.0261955981
       -0.0112461756  -0.0000660828  -0.0046188297  -0.0048723985  -0.0028669652
       -0.0006615357   0.0005301524  -0.0000008728  -0.0024252301  -0.0011000206
        0.0000081902  -0.0080990677   0.0073345220   0.0000120909   0.0647909411
       -0.1183198965  -0.0000239902   0.0068537287   0.4988481149  -0.0000963424
       -0.0621844992  -0.1029139625  -0.0002060507   0.0000487497   0.0000077402
       -0.0000342759   0.0000485995   0.0000080591   0.0000343262  -0.0003025026
       -0.0000413383   0.0000000740  -0.0000198867   0.0000678838   0.0001336450
       -0.0000183820   0.0000662607  -0.0001344297  -0.0010577138   0.0005481424
       -0.0002011293  -0.0010474882   0.0005506683   0.0002060726   0.0158483588
       -0.0150489789   0.0036408016   0.0158657764  -0.0150612513  -0.0036670707
       -0.0040490099  -0.1191500924  -0.1052825472  -0.0044273483  -0.1203173664
        0.1056900531  -0.0173561569  -0.0124287417   0.0031679138   0.0152462340
        0.0086239383   0.0000342076  -0.0170535672  -0.0122038334  -0.0032806662
        0.0000012271  -0.0000006415   0.0001939346   0.0000030189   0.0000038943
        0.0002952040   0.0000322614  -0.0000198876   0.0002885559   0.0000541694
       -0.0000378890  -0.0692715912  -0.0001089896  -0.0000963424   0.5399476622
       -0.0003437288  -0.0001977737  -0.0681172412   0.0000092866   0.0000110167
       -0.0000071818  -0.0000093044  -0.0000114707  -0.0000072744   0.0000000517
        0.0000004231   0.0000018899  -0.0000788046   0.0000236323   0.0000152382
        0.0000782962  -0.0000228559   0.0000157022   0.0008286908  -0.0001947282
        0.0001745109  -0.0008240958   0.0001893128   0.0001828363  -0.0193293945
        0.0180195469  -0.0020738443   0.0192982260  -0.0180181677  -0.0020812844
       -0.0063415983  -0.1051341491  -0.1990073201   0.0068478509   0.1055459701
       -0.1977883352   0.0217815171   0.0146502791  -0.0014445549   0.0001225645
        0.0000674410   0.0003350730  -0.0220212445  -0.0147776105  -0.0016519797
       -0.0003478712   0.0002345705  -0.0000003261  -0.0010796061  -0.0006614011
        0.0000036279  -0.0036972041   0.0030404016  -0.0000059359  -0.0290563536
       -0.0083902278  -0.0000433580  -0.1632302099  -0.0621844992  -0.0003437288
        0.4771307326  -0.0294362765  -0.0001558883   0.0000283215   0.0000385238
        0.0000406410   0.0000281009   0.0000384163  -0.0000409068  -0.0001195888
       -0.0000647101  -0.0000000198  -0.0000046906  -0.0000542753  -0.0000472894
       -0.0000040864  -0.0000546856   0.0000473010  -0.0000156189   0.0001289297
       -0.0001573478  -0.0000130442   0.0001297312   0.0001569963   0.0007535492
       -0.0008314773   0.0002428010   0.0007613476  -0.0008473511  -0.0002479228
       -0.0052445976  -0.0046941186  -0.0021074911  -0.0052891129  -0.0047703462
        0.0020449066  -0.0435605247  -0.0053663638   0.0092198256  -0.1834155132
        0.1192161933   0.0011084388  -0.0436240296  -0.0054710337  -0.0097143236
        0.0002342751  -0.0001348584   0.0000000867   0.0007698047   0.0005293122
       -0.0000026297   0.0028105437  -0.0015903868   0.0000045807   0.0128585911
        0.0074789506   0.0000450168  -0.0613200885  -0.1029139625  -0.0001977737
       -0.0294362765   0.5079960858  -0.0000721742  -0.0000051702   0.0000063254
        0.0000118138  -0.0000052098   0.0000059212  -0.0000120394   0.0001014139
        0.0000157756   0.0000001384  -0.0000671292   0.0000413711   0.0000005284
       -0.0000667606   0.0000417497  -0.0000001486   0.0000604941   0.0000499607
       -0.0001323480   0.0000623850   0.0000517109   0.0001317682   0.0008469103
        0.0006711626  -0.0003617737   0.0008364551   0.0006814164   0.0003708213
       -0.0176631319  -0.0116357637  -0.0028067153  -0.0178332180  -0.0117766043
        0.0026902421  -0.0057713375  -0.1252909687   0.1120834366   0.1194758301
       -0.1424330912  -0.0009014650  -0.0058883809  -0.1217941066  -0.1108513655
        0.0000010459  -0.0000003870   0.0000072269   0.0000032561   0.0000013407
        0.0001934020   0.0000137740  -0.0000052725   0.0003191431   0.0000154693
        0.0000032628   0.0004552279  -0.0003634199  -0.0002060507  -0.0681172412
       -0.0001558883  -0.0000721742   0.5233604873   0.0000122021  -0.0000082333
        0.0000002438  -0.0000122392   0.0000085120   0.0000001734   0.0000003455
       -0.0000000053   0.0000026576  -0.0000222522   0.0000219250  -0.0000030680
        0.0000217763  -0.0000220669  -0.0000038841  -0.0001209667  -0.0000419389
        0.0000354070   0.0001202706   0.0000437652   0.0000327144  -0.0007253864
       -0.0002419523   0.0002900596   0.0007352422   0.0002405026   0.0003085006
       -0.0215311221  -0.0148233044  -0.0017136902   0.0213957653   0.0147303410
       -0.0015351448   0.0094559263   0.1121529419  -0.2024513974   0.0010978650
       -0.0008995816  -0.0452819334  -0.0099416637  -0.1108816241  -0.2058988844
       -0.0436035176  -0.0059232257  -0.0097934170  -0.0046184169  -0.0172507243
       -0.0218842381   0.0009591282  -0.0010047095  -0.0008603737  -0.0000342715
        0.0000110470   0.0000734408   0.0000134436   0.0000487497   0.0000092866
        0.0000283215  -0.0000051702   0.0000122021   0.0512007156   0.0098443157
        0.0116128657   0.0008011386   0.0007488571   0.0004092073  -0.0002927736
        0.0161544577   0.0208579036  -0.0048334704  -0.0036121157  -0.0006398697
        0.0007791360   0.0004586649  -0.0003521065  -0.0000290761   0.0000516713
        0.0000056673  -0.0005391318   0.0002862829   0.0004211978   0.0000552738
        0.0000102985  -0.0000476977   0.0001169853   0.0001223189   0.0001352313
       -0.0000474476   0.0000355683   0.0000375735   0.0000032638  -0.0000029566
       -0.0000064091   0.0000051853  -0.0000020341  -0.0000055691   0.0000099176
        0.0000151562   0.0000017288   0.0000255963   0.0000135478   0.0000133762
       -0.0055114722  -0.1239058739  -0.1116573625  -0.0048860449  -0.0123310858
       -0.0146772530   0.0008412148   0.0006815485   0.0003076711   0.0001553180
        0.0000364128   0.0000138578   0.0000631566   0.0000077402   0.0000110167
        0.0000385238   0.0000063254  -0.0000082333   0.0098443157   0.1426236452
        0.1314774743   0.0007490939   0.0098330021   0.0148424060   0.0022395562
       -0.0155248002  -0.0201288474  -0.0038067236  -0.0018001939  -0.0001730882
        0.0004138452   0.0000097860  -0.0003645293  -0.0000463821  -0.0000748807
        0.0000556368  -0.0002099946   0.0004191258   0.0001880787   0.0000049115
       -0.0000445013  -0.0000086209   0.0001360135   0.0000189545   0.0000737647
       -0.0000250803   0.0000501803   0.0000350799   0.0000014335  -0.0000049614
       -0.0000054342  -0.0000022184  -0.0000165281   0.0000107840  -0.0000133210
        0.0000193100   0.0000042292   0.0000138545  -0.0000032055   0.0000033694
       -0.0095621299  -0.1116096853  -0.2038009348  -0.0028449769  -0.0032027967
       -0.0015150561   0.0003351456   0.0002785995   0.0002138930   0.0001479442
        0.0001058911   0.0000171603   0.0000439641  -0.0000342759  -0.0000071818
        0.0000406410   0.0000118138   0.0000002438   0.0116128657   0.1314774743
        0.2335559470  -0.0004150439  -0.0149749586  -0.0287019758   0.0011364440
       -0.0024520835  -0.0019878255  -0.0005050557  -0.0003416116   0.0012623931
        0.0002996446   0.0004087781   0.0007667820  -0.0000154786  -0.0000496976
       -0.0003269947  -0.0004019933   0.0002458254   0.0004415417   0.0000390584
        0.0000078424   0.0000158845   0.0001267651   0.0000655439   0.0000314481
       -0.0000300057   0.0000396705   0.0000638219  -0.0000088147   0.0000113680
       -0.0000401442   0.0000054428  -0.0000115867   0.0000136810  -0.0000175097
        0.0000209263   0.0000009265   0.0000130928   0.0000029624  -0.0000036099
       -0.0436008410  -0.0058788556   0.0097978319  -0.0046130572  -0.0171740729
        0.0219451044   0.0009602886  -0.0009982082   0.0008630421  -0.0000349052
        0.0000106827  -0.0000730830   0.0000133473   0.0000485995  -0.0000093044
        0.0000281009  -0.0000052098  -0.0000122392   0.0008011386   0.0007490939
       -0.0004150439   0.0511943648   0.0097901660  -0.0116285689  -0.0002950474
        0.0160827302  -0.0209134456   0.0007783989   0.0004600417   0.0003499682
       -0.0048331611  -0.0036108036   0.0006531454  -0.0005379071   0.0002820483
       -0.0004228302  -0.0000294935   0.0000518947  -0.0000045162   0.0001165321
        0.0001220393  -0.0001361938   0.0000555211   0.0000106909   0.0000474195
        0.0000036923  -0.0000032258   0.0000057877  -0.0000474391   0.0000359098
       -0.0000374152   0.0000256450   0.0000138141  -0.0000132891   0.0000101452
        0.0000149884  -0.0000016246   0.0000046768  -0.0000023237   0.0000052551
       -0.0054681894  -0.1231469862   0.1113869438  -0.0048716408  -0.0122649316
        0.0147145804   0.0008400495   0.0006785206  -0.0003091355   0.0001542700
        0.0000364284  -0.0000139797   0.0000629465   0.0000080591  -0.0000114707
        0.0000384163   0.0000059212   0.0000085120   0.0007488571   0.0098330021
       -0.0149749586   0.0097901660   0.1417234340  -0.1311681115   0.0022374903
       -0.0154466794   0.0201747055   0.0004129278   0.0000094945   0.0003667982
       -0.0038038985  -0.0017977117   0.0001838796  -0.0002099616   0.0004165786
       -0.0001880408  -0.0000467018  -0.0000743601  -0.0000564550   0.0001356911
        0.0000186588  -0.0000743008   0.0000046027  -0.0000438547   0.0000090139
        0.0000016754  -0.0000052438   0.0000051670  -0.0000248393   0.0000502007
       -0.0000345017   0.0000134438  -0.0000037666  -0.0000028265  -0.0000131411
        0.0000196966  -0.0000039311  -0.0000021643  -0.0000164604  -0.0000118884
        0.0095631630   0.1113365236  -0.2045702726   0.0028636824   0.0032418850
       -0.0015799119  -0.0003380124  -0.0002807982   0.0002177915  -0.0001483428
       -0.0001055603   0.0000169155  -0.0000442212   0.0000343262  -0.0000072744
       -0.0000409068  -0.0000120394   0.0000001734   0.0004092073   0.0148424060
       -0.0287019758  -0.0116285689  -0.1311681115   0.2344639020  -0.0011442702
        0.0024964799  -0.0020634786  -0.0003007938  -0.0004054703   0.0007656819
        0.0005191050   0.0003534537   0.0012606092   0.0004016947  -0.0002446147
        0.0004430970   0.0000165519   0.0000480658  -0.0003288941  -0.0001269015
       -0.0000651574   0.0000317319  -0.0000391288  -0.0000076585   0.0000165766
        0.0000084643  -0.0000109173  -0.0000397961   0.0000303245  -0.0000403418
        0.0000637787  -0.0000134695  -0.0000033327  -0.0000032150   0.0000179114
       -0.0000203415   0.0000005782  -0.0000054886   0.0000112036   0.0000139827
       -0.1832055574   0.1195154862  -0.0002001866  -0.0261989927   0.0152746601
       -0.0000257698  -0.0051447660  -0.0036510372   0.0000085937  -0.0012439960
        0.0010792700  -0.0000021832  -0.0003411511  -0.0003025026   0.0000000517
       -0.0001195888   0.0001014139   0.0000003455  -0.0002927736   0.0022395562
        0.0011364440  -0.0002950474   0.0022374903  -0.0011442702   0.2151210531
       -0.1367117368   0.0002278147   0.0005695750   0.0004421405  -0.0001790281
        0.0005691504   0.0004423656   0.0001773287   0.0002406308  -0.0003165122
        0.0002035220   0.0002409988  -0.0003192114  -0.0002026736   0.0000353288
        0.0000275560   0.0000171081   0.0000350050   0.0000272044  -0.0000171642
        0.0000455715  -0.0000337519  -0.0000184477   0.0000459357  -0.0000343982
        0.0000186968   0.0000100628  -0.0000132765   0.0000176029  -0.0000814658
        0.0000082940  -0.0000000012   0.0000100267  -0.0000130106  -0.0000177836
        0.1192574517  -0.1426467118   0.0001624470  -0.0112196222   0.0086204949
       -0.0000143226  -0.0021998726  -0.0005984383   0.0000019820  -0.0006108202
        0.0004083593  -0.0000001118  -0.0002165708  -0.0000413383   0.0000004231
       -0.0000647101   0.0000157756  -0.0000000053   0.0161544577  -0.0155248002
       -0.0024520835   0.0160827302  -0.0154466794   0.0024964799  -0.1367117368
        0.1637582583  -0.0001925915  -0.0001454540   0.0005817682   0.0002534195
       -0.0001433474   0.0005794895  -0.0002553596  -0.0001807918   0.0000795547
       -0.0002114380  -0.0001807346   0.0000809039   0.0002117973   0.0000834605
        0.0000659666  -0.0000505937   0.0000833573   0.0000662782   0.0000501395
       -0.0000129525  -0.0000116569   0.0000014701  -0.0000131947  -0.0000118882
       -0.0000017093   0.0000148375   0.0000195542  -0.0000205789   0.0000083070
       -0.0000141941  -0.0000000690   0.0000152056   0.0000193037   0.0000207049
       -0.0001996398   0.0001629119  -0.0452789266   0.0000207529  -0.0000158916
        0.0003335294   0.0000040323   0.0000017591   0.0005536283   0.0000011013
       -0.0000003850   0.0002077796   0.0000001970   0.0000000740   0.0000018899
       -0.0000000198   0.0000001384   0.0000026576   0.0208579036  -0.0201288474
       -0.0019878255  -0.0209134456   0.0201747055  -0.0020634786   0.0002278147
       -0.0001925915   0.0480707173  -0.0004741494   0.0001889901   0.0000354713
        0.0004741966  -0.0001908001   0.0000363933   0.0001261444  -0.0000696374
        0.0000403113  -0.0001249080   0.0000698318   0.0000385313  -0.0000293996
       -0.0000268132   0.0000046595   0.0000294695   0.0000266336   0.0000043956
       -0.0000124695  -0.0000010456   0.0000014078   0.0000124851   0.0000009333
        0.0000010036  -0.0000017659  -0.0000041898   0.0000004245   0.0000002522
       -0.0000001475  -0.0000035005   0.0000014482   0.0000043716   0.0000009308
       -0.0052840329  -0.0177940956  -0.0214403130  -0.0413898363  -0.0043003321
       -0.0066527373  -0.0025583963   0.0158407898   0.0192416838   0.0007761215
        0.0010271461   0.0008178024  -0.0000609628  -0.0000198867  -0.0000788046
       -0.0000046906  -0.0000671292  -0.0000222522  -0.0048334704  -0.0038067236
       -0.0005050557   0.0007783989   0.0004129278  -0.0003007938   0.0005695750
       -0.0001454540  -0.0004741494   0.0543646547   0.0055990450   0.0082629989
        0.0012727761   0.0005197767   0.0009216959   0.0007104393  -0.0005244830
        0.0002761450  -0.0038383250   0.0036968518   0.0004518574  -0.0000073019
       -0.0000647317   0.0000209539  -0.0006430128  -0.0001771151  -0.0004033674
        0.0000979581  -0.0001367418  -0.0001247121   0.0000485696  -0.0000232528
        0.0000430561   0.0000029257   0.0000012679   0.0000090526   0.0000459231
       -0.0000132316  -0.0000126368  -0.0000473129  -0.0000246279  -0.0000304235
       -0.0047408183  -0.0117252762  -0.0147457107  -0.0047884252  -0.1201351424
       -0.1054876703   0.0036931731  -0.0151257174  -0.0179782266  -0.0008590469
        0.0005258625   0.0001016923  -0.0000907672   0.0000678838   0.0000236323
       -0.0000542753   0.0000413711   0.0000219250  -0.0036121157  -0.0018001939
       -0.0003416116   0.0004600417   0.0000094945  -0.0004054703   0.0004421405
        0.0005817682   0.0001889901   0.0055990450   0.1407920160   0.1251049834
        0.0005151579   0.0092981507   0.0141112950  -0.0005301396   0.0001531020
       -0.0004597305   0.0037455285  -0.0031041797  -0.0005442459   0.0000611666
       -0.0000610900   0.0000411057   0.0003215994   0.0004225059   0.0002581062
       -0.0001374882   0.0000594142   0.0000992766  -0.0000236552  -0.0000334924
       -0.0000166912  -0.0000028453  -0.0000048900  -0.0000111254  -0.0000343084
       -0.0000113050  -0.0000008357   0.0000360326   0.0000497180   0.0000403116
       -0.0020703313  -0.0027289495  -0.0015911454  -0.0069422421  -0.1056349923
       -0.1979848186   0.0020764928  -0.0035792434  -0.0019135437  -0.0002543247
        0.0002643752   0.0001870001  -0.0001088924   0.0001336450   0.0000152382
       -0.0000472894   0.0000005284  -0.0000030680  -0.0006398697  -0.0001730882
        0.0012623931   0.0003499682   0.0003667982   0.0007656819  -0.0001790281
        0.0002534195   0.0000354713   0.0082629989   0.1251049834   0.2262128770
       -0.0009221520  -0.0142599105  -0.0292095114  -0.0002799230   0.0004652732
        0.0007646106   0.0004541571  -0.0005199229   0.0012143986   0.0000065387
       -0.0000506212  -0.0003284944   0.0004359325   0.0002014070   0.0004896444
       -0.0001246514   0.0000984862   0.0000447899  -0.0000425195   0.0000159734
        0.0000140222   0.0000065205   0.0000060149  -0.0000407208  -0.0000185195
        0.0000013622   0.0000007862   0.0000371346   0.0000344616   0.0000643888
       -0.0052846920  -0.0177136363   0.0215068510  -0.0413870489  -0.0042760485
        0.0066760666  -0.0025657359   0.0157565185  -0.0193028109   0.0007772232
        0.0010308330  -0.0008290609  -0.0000613405  -0.0000183820   0.0000782962
       -0.0000040864  -0.0000667606   0.0000217763   0.0007791360   0.0004138452
        0.0002996446  -0.0048331611  -0.0038038985   0.0005191050   0.0005691504
       -0.0001433474   0.0004741966   0.0012727761   0.0005151579  -0.0009221520
        0.0543770843   0.0055744951  -0.0082872069  -0.0038386950   0.0036950693
       -0.0004658125   0.0007075968  -0.0005254103  -0.0002723717  -0.0006475490
       -0.0001764376   0.0004059203  -0.0000075373  -0.0000651342  -0.0000200803
        0.0000475469  -0.0000226575  -0.0000417111   0.0000973814  -0.0001376690
        0.0001250005  -0.0000476142  -0.0000253732   0.0000300136   0.0000455672
       -0.0000129193   0.0000125229   0.0000039979   0.0000017555  -0.0000081871
       -0.0047355705  -0.0116604777   0.0147837144  -0.0047592578  -0.1193210714
        0.1051813279   0.0036868496  -0.0150351270   0.0180363980  -0.0008633800
        0.0005261842  -0.0001035706  -0.0000917026   0.0000662607  -0.0000228559
       -0.0000546856   0.0000417497  -0.0000220669   0.0004586649   0.0000097860
        0.0004087781  -0.0036108036  -0.0017977117   0.0003534537   0.0004423656
        0.0005794895  -0.0001908001   0.0005197767   0.0092981507  -0.0142599105
        0.0055744951   0.1398193205  -0.1247704818   0.0037416404  -0.0030995738
        0.0005584175  -0.0005278558   0.0001525260   0.0004608045   0.0003202549
        0.0004232094  -0.0002587129   0.0000604221  -0.0000616117  -0.0000431513
       -0.0000222852  -0.0000336526   0.0000150047  -0.0001370859   0.0000596394
       -0.0000983844   0.0000354044   0.0000506752  -0.0000399429  -0.0000339701
       -0.0000123278   0.0000010186  -0.0000032767  -0.0000054377   0.0000109597
        0.0020874808   0.0027669691  -0.0016570102   0.0069681723   0.1053241434
       -0.1987943549  -0.0020971547   0.0036342902  -0.0019999630   0.0002607841
       -0.0002675855   0.0001906395   0.0001098906  -0.0001344297   0.0000157022
        0.0000473010  -0.0000001486  -0.0000038841  -0.0003521065  -0.0003645293
        0.0007667820   0.0006531454   0.0001838796   0.0012606092   0.0001773287
       -0.0002553596   0.0000363933   0.0009216959   0.0141112950  -0.0292095114
       -0.0082872069  -0.1247704818   0.2271747252  -0.0004689967   0.0005417264
        0.0012095907   0.0002810778  -0.0004596632   0.0007603871  -0.0004369135
       -0.0002027815   0.0004938566  -0.0000072089   0.0000492877  -0.0003282769
        0.0000424300  -0.0000158671   0.0000152929   0.0001252011  -0.0000990906
        0.0000444322  -0.0000378087  -0.0000351554   0.0000631748   0.0000186717
       -0.0000018877   0.0000008627  -0.0000057835  -0.0000046115  -0.0000394481
        0.0007574294   0.0008364617  -0.0007293214  -0.0024576655   0.0158036540
       -0.0193520097  -0.0416122358  -0.0051188111   0.0068761400  -0.0051482700
       -0.0170062817   0.0214650815   0.0007194428  -0.0010577138   0.0008286908
       -0.0000156189   0.0000604941  -0.0001209667  -0.0000290761  -0.0000463821
       -0.0000154786  -0.0005379071  -0.0002099616   0.0004016947   0.0002406308
       -0.0001807918   0.0001261444   0.0007104393  -0.0005301396  -0.0002799230
       -0.0038386950   0.0037416404  -0.0004689967   0.0542148624   0.0055746301
       -0.0080682284   0.0012868106   0.0005350594  -0.0009740373  -0.0046926074
       -0.0034474733   0.0005336588   0.0008486922   0.0004366662   0.0003248195
       -0.0000067404   0.0000597739   0.0000028101  -0.0006454460   0.0003254158
       -0.0004328560   0.0001165100   0.0001369660  -0.0001261241   0.0000356212
        0.0000829590  -0.0000291202   0.0000538234   0.0000038344   0.0000380223
       -0.0008352674   0.0006730224  -0.0002411997   0.0034864758  -0.0149991980
        0.0180506460  -0.0050009902  -0.1185640995   0.1046359221  -0.0047764415
       -0.0121937534   0.0152390134   0.0008052406   0.0005481424  -0.0001947282
        0.0001289297   0.0000499607  -0.0000419389   0.0000516713  -0.0000748807
       -0.0000496976   0.0002820483   0.0004165786  -0.0002446147  -0.0003165122
        0.0000795547  -0.0000696374  -0.0005244830   0.0001531020   0.0004652732
        0.0036950693  -0.0030995738   0.0005417264   0.0055746301   0.1394702500
       -0.1244013443   0.0005211331   0.0092733698  -0.0142776937  -0.0034501177
       -0.0021496450   0.0005071902   0.0004359000   0.0000173812   0.0004168614
       -0.0000637071  -0.0000634441  -0.0000512473  -0.0001727467   0.0004229541
       -0.0002004128   0.0001217975   0.0000190285  -0.0000641237   0.0000277746
        0.0000657774  -0.0000263622   0.0000095956  -0.0000445273   0.0000063680
        0.0002455484  -0.0003665835   0.0002993707  -0.0019291762   0.0036765031
       -0.0021221868   0.0067467640   0.1045331998  -0.1982386498   0.0024559909
        0.0033374589  -0.0020244438  -0.0002857405  -0.0002011293   0.0001745109
       -0.0001573478  -0.0001323480   0.0000354070   0.0000056673   0.0000556368
       -0.0003269947  -0.0004228302  -0.0001880408   0.0004430970   0.0002035220
       -0.0002114380   0.0000403113   0.0002761450  -0.0004597305   0.0007646106
       -0.0004658125   0.0005584175   0.0012095907  -0.0080682284  -0.1244013443
        0.2268449750   0.0009305915   0.0140634081  -0.0292651497   0.0005320250
        0.0005024698   0.0011848242  -0.0003268798  -0.0004143894   0.0007585270
        0.0000174720   0.0000431028  -0.0003231501   0.0004084646  -0.0002615485
        0.0004926109  -0.0001360701  -0.0000753696   0.0000316238   0.0000167551
       -0.0000499123   0.0000040972  -0.0000468603  -0.0000083627   0.0000170187
        0.0007597192   0.0008422062   0.0007288859  -0.0024358814   0.0159003335
        0.0192662107  -0.0416306810  -0.0052974722  -0.0070568414  -0.0051780943
       -0.0171259608  -0.0213733951   0.0007213843  -0.0010474882  -0.0008240958
       -0.0000130442   0.0000623850   0.0001202706  -0.0005391318  -0.0002099946
       -0.0004019933  -0.0000294935  -0.0000467018   0.0000165519   0.0002409988
       -0.0001807346  -0.0001249080  -0.0038383250   0.0037455285   0.0004541571
        0.0007075968  -0.0005278558   0.0002810778   0.0012868106   0.0005211331
        0.0009305915   0.0542388439   0.0057842276   0.0082667750   0.0008437551
        0.0004364607  -0.0003244046  -0.0046938718  -0.0034572505  -0.0005050175
       -0.0006406345   0.0003155419   0.0004393591  -0.0000083153   0.0000612866
       -0.0000108082   0.0000569711   0.0000057192  -0.0000400993   0.0000345102
        0.0000838437   0.0000300347   0.0001168827   0.0001347924   0.0001276491
       -0.0008408112   0.0006788492   0.0002401514   0.0034772290  -0.0151149486
       -0.0179916867  -0.0051786684  -0.1197427523  -0.1050600581  -0.0048061495
       -0.0122814194  -0.0151810025   0.0008098602   0.0005506683   0.0001893128
        0.0001297312   0.0000517109   0.0000437652   0.0002862829   0.0004191258
        0.0002458254   0.0000518947  -0.0000743601   0.0000480658  -0.0003192114
        0.0000809039   0.0000698318   0.0036968518  -0.0031041797  -0.0005199229
       -0.0005254103   0.0001525260  -0.0004596632   0.0005350594   0.0092733698
        0.0140634081   0.0057842276   0.1408411669   0.1248683548   0.0004364461
        0.0000165869  -0.0004113133  -0.0034507292  -0.0021505991  -0.0004812675
       -0.0001815869   0.0004211463   0.0002035819  -0.0000656738  -0.0000592724
        0.0000486326   0.0000115449  -0.0000437500  -0.0000091560   0.0000267511
        0.0000665001   0.0000265247   0.0001223619   0.0000187274   0.0000666157
       -0.0002434992   0.0003659728   0.0002986507   0.0019171491  -0.0036294719
       -0.0020319386  -0.0069208063  -0.1049381087  -0.1970339188  -0.0024360554
       -0.0032614181  -0.0018918353   0.0002818046   0.0002060726   0.0001828363
        0.0001569963   0.0001317682   0.0000327144   0.0004211978   0.0001880787
        0.0004415417  -0.0000045162  -0.0000564550  -0.0003288941  -0.0002026736
        0.0002117973   0.0000385313   0.0004518574  -0.0005442459   0.0012143986
       -0.0002723717   0.0004608045   0.0007603871  -0.0009740373  -0.0142776937
       -0.0292651497   0.0082667750   0.1248683548   0.2254290121   0.0003225085
        0.0004137836   0.0007516610  -0.0005061633  -0.0004855313   0.0011921981
       -0.0004003685   0.0002546699   0.0004894860  -0.0000235277  -0.0000411847
       -0.0003323568   0.0000482118   0.0000092859   0.0000159637  -0.0000174870
        0.0000507821   0.0000047159   0.0001350055   0.0000727391   0.0000319964
       -0.0000137240   0.0000609138  -0.0001203517   0.0007191957  -0.0010576142
        0.0008328545  -0.0051346124  -0.0170227699   0.0214471715  -0.0416005286
       -0.0050356233   0.0067267191  -0.0024783938   0.0158483588  -0.0193293945
        0.0007535492   0.0008469103  -0.0007253864   0.0000552738   0.0000049115
        0.0000390584   0.0001165321   0.0001356911  -0.0001269015   0.0000353288
        0.0000834605  -0.0000293996  -0.0000073019   0.0000611666   0.0000065387
       -0.0006475490   0.0003202549  -0.0004369135  -0.0046926074  -0.0034501177
        0.0005320250   0.0008437551   0.0004364461   0.0003225085   0.0542188012
        0.0054622302  -0.0079123940   0.0012861982   0.0005455238  -0.0009935166
        0.0007171125  -0.0005289855  -0.0002842966  -0.0038412711   0.0037348634
       -0.0004602348  -0.0005411518  -0.0002189445   0.0003968414   0.0002394956
       -0.0001810874   0.0001258343  -0.0000281021  -0.0000455887  -0.0000107622
        0.0001302806   0.0000500368  -0.0000430254   0.0008124927   0.0005505019
       -0.0001943105  -0.0047666884  -0.0122108541   0.0152420260  -0.0049266826
       -0.1188408354   0.1047399365   0.0035139811  -0.0150489789   0.0180195469
       -0.0008314773   0.0006711626  -0.0002419523   0.0000102985  -0.0000445013
        0.0000078424   0.0001220393   0.0000186588  -0.0000651574   0.0000275560
        0.0000659666  -0.0000268132  -0.0000647317  -0.0000610900  -0.0000506212
       -0.0001764376   0.0004232094  -0.0002027815  -0.0034474733  -0.0021496450
        0.0005024698   0.0004364607   0.0000165869   0.0004137836   0.0054622302
        0.1398093645  -0.1245179573   0.0005071618   0.0092746848  -0.0142265794
       -0.0005261816   0.0001535266   0.0004675329   0.0037028014  -0.0030999705
        0.0005359116   0.0002783918   0.0004212854  -0.0002419255  -0.0003144423
        0.0000785314  -0.0000674244   0.0000504205  -0.0000776407  -0.0000505017
       -0.0001577962  -0.0001325160   0.0000346899  -0.0002885935  -0.0002038747
        0.0001811824   0.0024629573   0.0033425307  -0.0020208461   0.0065872762
        0.1046409161  -0.1979550574  -0.0019140851   0.0036408016  -0.0020738443
        0.0002428010  -0.0003617737   0.0002900596  -0.0000476977  -0.0000086209
        0.0000158845  -0.0001361938  -0.0000743008   0.0000317319   0.0000171081
       -0.0000505937   0.0000046595   0.0000209539   0.0000411057  -0.0003284944
        0.0004059203  -0.0002587129   0.0004938566   0.0005336588   0.0005071902
        0.0011848242  -0.0003244046  -0.0004113133   0.0007516610  -0.0079123940
       -0.1245179573   0.2265077254   0.0009046162   0.0141165570  -0.0292650359
        0.0002774916  -0.0004661244   0.0007741184  -0.0004569681   0.0005411225
        0.0012123494  -0.0004267582  -0.0001917821   0.0004415185   0.0002017648
       -0.0002108159   0.0000399769   0.0000103431   0.0000581619  -0.0003209600
       -0.0000144871   0.0000618590   0.0001208581   0.0007174396  -0.0010536455
       -0.0008230671  -0.0051937082  -0.0171081107  -0.0213850422  -0.0416359326
       -0.0053446858  -0.0071553677  -0.0024341230   0.0158657764   0.0192982260
        0.0007613476   0.0008364551   0.0007352422   0.0001169853   0.0001360135
        0.0001267651   0.0000555211   0.0000046027  -0.0000391288   0.0000350050
        0.0000833573   0.0000294695  -0.0006430128   0.0003215994   0.0004359325
       -0.0000075373   0.0000604221  -0.0000072089   0.0008486922   0.0004359000
       -0.0003268798  -0.0046938718  -0.0034507292  -0.0005061633   0.0012861982
        0.0005071618   0.0009046162   0.0542681589   0.0058526476   0.0083627232
       -0.0038419351   0.0037486443   0.0004631397   0.0007016753  -0.0005275272
        0.0002772031  -0.0000304094  -0.0000478642   0.0000213223   0.0002426366
       -0.0001800194  -0.0001251915  -0.0005386424  -0.0002018574  -0.0004074484
        0.0001290579   0.0000512975   0.0000428053   0.0008068864   0.0005492345
        0.0001901757  -0.0048213292  -0.0122780198  -0.0151924771  -0.0052163184
       -0.1194691811  -0.1049553311   0.0034644396  -0.0150612513  -0.0180181677
       -0.0008473511   0.0006814164   0.0002405026   0.0001223189   0.0000189545
        0.0000655439   0.0000106909  -0.0000438547  -0.0000076585   0.0000272044
        0.0000662782   0.0000266336  -0.0001771151   0.0004225059   0.0002014070
       -0.0000651342  -0.0000616117   0.0000492877   0.0004366662   0.0000173812
       -0.0004143894  -0.0034572505  -0.0021505991  -0.0004855313   0.0005455238
        0.0092746848   0.0141165570   0.0058526476   0.1405034577   0.1247544200
        0.0036920239  -0.0030972262  -0.0005246848  -0.0005237645   0.0001511199
       -0.0004570835   0.0000534972  -0.0000713462   0.0000476224  -0.0003217115
        0.0000812803   0.0000716797   0.0002890177   0.0004154790   0.0002486884
        0.0001568827   0.0001318473   0.0000336996   0.0002806481   0.0002036148
        0.0001772480  -0.0024307882  -0.0032599801  -0.0018968321  -0.0070299391
       -0.1048270988  -0.1972962190   0.0019368978  -0.0036670707  -0.0020812844
       -0.0002479228   0.0003708213   0.0003085006   0.0001352313   0.0000737647
        0.0000314481   0.0000474195   0.0000090139   0.0000165766  -0.0000171642
        0.0000501395   0.0000043956  -0.0004033674   0.0002581062   0.0004896444
       -0.0000200803  -0.0000431513  -0.0003282769   0.0003248195   0.0004168614
        0.0007585270  -0.0005050175  -0.0004812675   0.0011921981  -0.0009935166
       -0.0142265794  -0.0292650359   0.0083627232   0.1247544200   0.2257453286
        0.0004618199  -0.0005615022   0.0012120774  -0.0002715322   0.0004541808
        0.0007512914   0.0000004805  -0.0000537761  -0.0003351322  -0.0002049678
        0.0002125682   0.0000374885   0.0004173738   0.0001850878   0.0004443565
       -0.0000046416  -0.0000666067  -0.0000222386  -0.0000624873  -0.0000195631
       -0.0000800293   0.0007760043   0.0010221955   0.0008148704  -0.0025948435
        0.0157761165   0.0193207509  -0.0413629250  -0.0040490099  -0.0063415983
       -0.0052445976  -0.0176631319  -0.0215311221  -0.0000474476  -0.0000250803
       -0.0000300057   0.0000036923   0.0000016754   0.0000084643   0.0000455715
       -0.0000129525  -0.0000124695   0.0000979581  -0.0001374882  -0.0001246514
        0.0000475469  -0.0000222852   0.0000424300  -0.0000067404  -0.0000637071
        0.0000174720  -0.0006406345  -0.0001815869  -0.0004003685   0.0007171125
       -0.0005261816   0.0002774916  -0.0038419351   0.0036920239   0.0004618199
        0.0543275091   0.0052885862   0.0079403724   0.0012721997   0.0005348309
        0.0009672003   0.0007683710   0.0004152811  -0.0002942127   0.0005760159
       -0.0001482562  -0.0004822569  -0.0048257290  -0.0038148600  -0.0005319189
       -0.0000538005   0.0000414795   0.0000221275  -0.0000883941   0.0000673561
        0.0000226243  -0.0008490166   0.0005199616   0.0001034338   0.0037196715
       -0.0150324668  -0.0180110126  -0.0045510845  -0.1191500924  -0.1051341491
       -0.0046941186  -0.0116357637  -0.0148233044   0.0000355683   0.0000501803
        0.0000396705  -0.0000032258  -0.0000052438  -0.0000109173  -0.0000337519
       -0.0000116569  -0.0000010456  -0.0001367418   0.0000594142   0.0000984862
       -0.0000226575  -0.0000336526  -0.0000158671   0.0000597739  -0.0000634441
        0.0000431028   0.0003155419   0.0004211463   0.0002546699  -0.0005289855
        0.0001535266  -0.0004661244   0.0037486443  -0.0030972262  -0.0005615022
        0.0052885862   0.1396240238   0.1247137688   0.0004895395   0.0092980369
        0.0142925618   0.0004571301   0.0000079214  -0.0004052496   0.0004494120
        0.0005892737   0.0001934368  -0.0036020911  -0.0018027739  -0.0003547101
       -0.0000475105   0.0000001981  -0.0000036503  -0.0001088513   0.0001334508
        0.0000160525  -0.0002536628   0.0002621176   0.0001809463   0.0020819122
       -0.0036055641  -0.0019757494  -0.0066284793  -0.1052825472  -0.1990073201
       -0.0021074911  -0.0028067153  -0.0017136902   0.0000375735   0.0000350799
        0.0000638219   0.0000057877   0.0000051670  -0.0000397961  -0.0000184477
        0.0000014701   0.0000014078  -0.0001247121   0.0000992766   0.0000447899
       -0.0000417111   0.0000150047   0.0000152929   0.0000028101  -0.0000512473
       -0.0003231501   0.0004393591   0.0002035819   0.0004894860  -0.0002842966
        0.0004675329   0.0007741184   0.0004631397  -0.0005246848   0.0012120774
        0.0079403724   0.1247137688   0.2274172631  -0.0008588754  -0.0140788714
       -0.0292088010   0.0003477341   0.0003571663   0.0007537391  -0.0001761840
        0.0002594329   0.0000439376  -0.0006684667  -0.0002036174   0.0012592244
       -0.0000041822  -0.0000673117   0.0000222354  -0.0000602636  -0.0000187790
        0.0000775127   0.0007807727   0.0010294566  -0.0008284867  -0.0025453621
        0.0158361006  -0.0192460336  -0.0414041984  -0.0044273483   0.0068478509
       -0.0052891129  -0.0178332180   0.0213957653   0.0000032638   0.0000014335
       -0.0000088147  -0.0000474391  -0.0000248393   0.0000303245   0.0000459357
       -0.0000131947   0.0000124851   0.0000485696  -0.0000236552  -0.0000425195
        0.0000973814  -0.0001370859   0.0001252011  -0.0006454460  -0.0001727467
        0.0004084646  -0.0000083153  -0.0000656738  -0.0000235277  -0.0038412711
        0.0037028014  -0.0004569681   0.0007016753  -0.0005237645  -0.0002715322
        0.0012721997   0.0004895395  -0.0008588754   0.0543754636   0.0057757840
       -0.0084461893  -0.0048301783  -0.0038006233   0.0004918447   0.0005624402
       -0.0001396932   0.0004657732   0.0007880672   0.0004128180   0.0003054898
       -0.0000549276   0.0000417279  -0.0000219423  -0.0000934653   0.0000669603
       -0.0000237214  -0.0008696986   0.0005317348  -0.0001024274   0.0036684721
       -0.0151003350   0.0179758608  -0.0048963340  -0.1203173664   0.1055459701
       -0.0047703462  -0.0117766043   0.0147303410  -0.0000029566  -0.0000049614
        0.0000113680   0.0000359098   0.0000502007  -0.0000403418  -0.0000343982
       -0.0000118882   0.0000009333  -0.0000232528  -0.0000334924   0.0000159734
       -0.0001376690   0.0000596394  -0.0000990906   0.0003254158   0.0004229541
       -0.0002615485   0.0000612866  -0.0000592724  -0.0000411847   0.0037348634
       -0.0030999705   0.0005411225  -0.0005275272   0.0001511199   0.0004541808
        0.0005348309   0.0092980369  -0.0140788714   0.0057757840   0.1410037765
       -0.1251730251  -0.0036228583  -0.0018064709   0.0003413666   0.0004344904
        0.0005716428  -0.0001842927   0.0004623806   0.0000125683   0.0004093295
        0.0000471775  -0.0000005564  -0.0000034226   0.0001098021  -0.0001342975
        0.0000140976   0.0002600094  -0.0002690735   0.0001951971  -0.0020942682
        0.0036032872  -0.0019367015   0.0071449886   0.1056900531  -0.1977883352
        0.0020449066   0.0026902421  -0.0015351448  -0.0000064091  -0.0000054342
       -0.0000401442  -0.0000374152  -0.0000345017   0.0000637787   0.0000186968
       -0.0000017093   0.0000010036   0.0000430561  -0.0000166912   0.0000140222
        0.0001250005  -0.0000983844   0.0000444322  -0.0004328560  -0.0002004128
        0.0004926109  -0.0000108082   0.0000486326  -0.0003323568  -0.0004602348
        0.0005359116   0.0012123494   0.0002772031  -0.0004570835   0.0007512914
        0.0009672003   0.0142925618  -0.0292088010  -0.0084461893  -0.1251730251
        0.2259858392   0.0006238242   0.0001541896   0.0012640525   0.0001803076
       -0.0002489177   0.0000267549  -0.0003539919  -0.0003747907   0.0007794765
        0.0000284227  -0.0000053620  -0.0000124856   0.0000135039   0.0000491133
       -0.0000093991  -0.0000328394   0.0000108177  -0.0000721411   0.0009656319
       -0.0010045256   0.0008642824  -0.0045803894  -0.0173561569   0.0217815171
       -0.0435605247  -0.0057713375   0.0094559263   0.0000051853  -0.0000022184
        0.0000054428   0.0000256450   0.0000134438  -0.0000134695   0.0000100628
        0.0000148375  -0.0000017659   0.0000029257  -0.0000028453   0.0000065205
       -0.0000476142   0.0000354044  -0.0000378087   0.0001165100   0.0001217975
       -0.0001360701   0.0000569711   0.0000115449   0.0000482118  -0.0005411518
        0.0002783918  -0.0004267582  -0.0000304094   0.0000534972   0.0000004805
        0.0007683710   0.0004571301   0.0003477341  -0.0048301783  -0.0036228583
        0.0006238242   0.0511643628   0.0096599536  -0.0112187181  -0.0003345347
        0.0162963060  -0.0207760309   0.0008000496   0.0007630663  -0.0004292924
        0.0000390459   0.0000060677   0.0000082559   0.0000635616   0.0000076674
       -0.0000107220   0.0001575331   0.0000368926  -0.0000150485   0.0008538310
        0.0006873137  -0.0003054893  -0.0048756945  -0.0124287417   0.0146502791
       -0.0053663638  -0.1252909687   0.1121529419  -0.0000020341  -0.0000165281
       -0.0000115867   0.0000138141  -0.0000037666  -0.0000033327  -0.0000132765
        0.0000195542  -0.0000041898   0.0000012679  -0.0000048900   0.0000060149
       -0.0000253732   0.0000506752  -0.0000351554   0.0001369660   0.0000190285
       -0.0000753696   0.0000057192  -0.0000437500   0.0000092859  -0.0002189445
        0.0004212854  -0.0001917821  -0.0000478642  -0.0000713462  -0.0000537761
        0.0004152811   0.0000079214   0.0003571663  -0.0038006233  -0.0018064709
        0.0001541896   0.0096599536   0.1442234372  -0.1320452496   0.0022829680
       -0.0156457951   0.0200247727   0.0007202323   0.0098324139  -0.0146112044
       -0.0000405364  -0.0000118685  -0.0000001907  -0.0000436290   0.0000342351
       -0.0000073721  -0.0001476893  -0.0001060127   0.0000150817  -0.0003359394
       -0.0002815930   0.0002224984   0.0028365494   0.0031679138  -0.0014445549
        0.0092198256   0.1120834366  -0.2024513974  -0.0000055691   0.0000107840
        0.0000136810  -0.0000132891  -0.0000028265  -0.0000032150   0.0000176029
       -0.0000205789   0.0000004245   0.0000090526  -0.0000111254  -0.0000407208
        0.0000300136  -0.0000399429   0.0000631748  -0.0001261241  -0.0000641237
        0.0000316238  -0.0000400993  -0.0000091560   0.0000159637   0.0003968414
       -0.0002419255   0.0004415185   0.0000213223   0.0000476224  -0.0003351322
       -0.0002942127  -0.0004052496   0.0007537391   0.0004918447   0.0003413666
        0.0012640525  -0.0112187181  -0.1320452496   0.2319846220  -0.0011268031
        0.0023469763  -0.0018233558   0.0003695571   0.0152073174  -0.0287004412
       -0.0001194497   0.0001014349   0.0000001277  -0.0003410735  -0.0003023689
        0.0000009763  -0.0012434242   0.0010787872  -0.0000031870  -0.0051433410
       -0.0036534367  -0.0000034646  -0.0261955981   0.0152462340   0.0001225645
       -0.1834155132   0.1194758301   0.0010978650   0.0000099176  -0.0000133210
       -0.0000175097   0.0000101452  -0.0000131411   0.0000179114  -0.0000814658
        0.0000083070   0.0000002522   0.0000459231  -0.0000343084  -0.0000185195
        0.0000455672  -0.0000339701   0.0000186717   0.0000356212   0.0000277746
        0.0000167551   0.0000345102   0.0000267511  -0.0000174870   0.0002394956
       -0.0003144423   0.0002017648   0.0002426366  -0.0003217115  -0.0002049678
        0.0005760159   0.0004494120  -0.0001761840   0.0005624402   0.0004344904
        0.0001803076  -0.0003345347   0.0022829680  -0.0011268031   0.2153565896
       -0.1366652573  -0.0012468075  -0.0002844624   0.0022199680   0.0011577338
       -0.0000647422   0.0000160154   0.0000000633  -0.0002169457  -0.0000416074
       -0.0000001554  -0.0006120285   0.0004093475  -0.0000009446  -0.0022029072
       -0.0006028278  -0.0000060214  -0.0112461756   0.0086239383   0.0000674410
        0.1192161933  -0.1424330912  -0.0008995816   0.0000151562   0.0000193100
        0.0000209263   0.0000149884   0.0000196966  -0.0000203415   0.0000082940
       -0.0000141941  -0.0000001475  -0.0000132316  -0.0000113050   0.0000013622
       -0.0000129193  -0.0000123278  -0.0000018877   0.0000829590   0.0000657774
       -0.0000499123   0.0000838437   0.0000665001   0.0000507821  -0.0001810874
        0.0000785314  -0.0002108159  -0.0001800194   0.0000812803   0.0002125682
       -0.0001482562   0.0005892737   0.0002594329  -0.0001396932   0.0005716428
       -0.0002489177   0.0162963060  -0.0156457951   0.0023469763  -0.1366652573
        0.1635127812   0.0010753438   0.0159655228  -0.0152929466  -0.0025961706
       -0.0000005890   0.0000000216   0.0000026368  -0.0000015621  -0.0000005595
        0.0000019580  -0.0000060649   0.0000031313   0.0002088220  -0.0000232164
       -0.0000095369   0.0005547529  -0.0000660828   0.0000342076   0.0003350730
        0.0011084388  -0.0009014650  -0.0452819334   0.0000017288   0.0000042292
        0.0000009265  -0.0000016246  -0.0000039311   0.0000005782  -0.0000000012
       -0.0000000690  -0.0000035005  -0.0000126368  -0.0000008357   0.0000007862
        0.0000125229   0.0000010186   0.0000008627  -0.0000291202  -0.0000263622
        0.0000040972   0.0000300347   0.0000265247   0.0000047159   0.0001258343
       -0.0000674244   0.0000399769  -0.0001251915   0.0000716797   0.0000374885
       -0.0004822569   0.0001934368   0.0000439376   0.0004657732  -0.0001842927
        0.0000267549  -0.0207760309   0.0200247727  -0.0018233558  -0.0012468075
        0.0010753438   0.0480761884   0.0210268522  -0.0202398896  -0.0022307659
        0.0000279310  -0.0000050912   0.0000122490   0.0000132190   0.0000481689
        0.0000091919  -0.0000359748   0.0000107564   0.0000744469   0.0009514937
       -0.0010017990  -0.0008610899  -0.0046188297  -0.0170535672  -0.0220212445
       -0.0436240296  -0.0058883809  -0.0099416637   0.0000255963   0.0000138545
        0.0000130928   0.0000046768  -0.0000021643  -0.0000054886   0.0000100267
        0.0000152056   0.0000014482  -0.0000473129   0.0000360326   0.0000371346
        0.0000039979  -0.0000032767  -0.0000057835   0.0000538234   0.0000095956
       -0.0000468603   0.0001168827   0.0001223619   0.0001350055  -0.0000281021
        0.0000504205   0.0000103431  -0.0005386424   0.0002890177   0.0004173738
       -0.0048257290  -0.0036020911  -0.0006684667   0.0007880672   0.0004623806
       -0.0003539919   0.0008000496   0.0007202323   0.0003695571  -0.0002844624
        0.0159655228   0.0210268522   0.0512073185   0.0098128208   0.0117978940
        0.0000380824   0.0000061015  -0.0000085092   0.0000625451   0.0000080445
        0.0000114464   0.0001522680   0.0000359021   0.0000127121   0.0008302020
        0.0006727555   0.0003101298  -0.0048723985  -0.0122038334  -0.0147776105
       -0.0054710337  -0.1217941066  -0.1108816241   0.0000135478  -0.0000032055
        0.0000029624  -0.0000023237  -0.0000164604   0.0000112036  -0.0000130106
        0.0000193037   0.0000043716  -0.0000246279   0.0000497180   0.0000344616
        0.0000017555  -0.0000054377  -0.0000046115   0.0000038344  -0.0000445273
       -0.0000083627   0.0001347924   0.0000187274   0.0000727391  -0.0000455887
       -0.0000776407   0.0000581619  -0.0002018574   0.0004154790   0.0001850878
       -0.0038148600  -0.0018027739  -0.0002036174   0.0004128180   0.0000125683
       -0.0003747907   0.0007630663   0.0098324139   0.0152073174   0.0022199680
       -0.0152929466  -0.0202398896   0.0098128208   0.1401699183   0.1305884219
        0.0000410161   0.0000119923  -0.0000000103   0.0000444208  -0.0000344332
       -0.0000076678   0.0001486038   0.0001057874   0.0000188114   0.0003376439
        0.0002783912   0.0002094643  -0.0028669652  -0.0032806662  -0.0016519797
       -0.0097143236  -0.1108513655  -0.2058988844   0.0000133762   0.0000033694
       -0.0000036099   0.0000052551  -0.0000118884   0.0000139827  -0.0000177836
        0.0000207049   0.0000009308  -0.0000304235   0.0000403116   0.0000643888
       -0.0000081871   0.0000109597  -0.0000394481   0.0000380223   0.0000063680
        0.0000170187   0.0001276491   0.0000666157   0.0000319964  -0.0000107622
       -0.0000505017  -0.0003209600  -0.0004074484   0.0002486884   0.0004443565
       -0.0005319189  -0.0003547101   0.0012592244   0.0003054898   0.0004093295
        0.0007794765  -0.0004292924  -0.0146112044  -0.0287004412   0.0011577338
       -0.0025961706  -0.0022307659   0.0117978940   0.1305884219   0.2360141167
