           1           2   1.01905523759584     
           2           3   1.00778497713323     
           3           4   1.00730827209821     
           4           5   1.00778801149142     
           5           6   1.01905208839066     
           1           7  0.988038097453196     
           1           8  0.988039669040728     
           1           9  0.987570219106861     
           2          10  0.978692755623074     
           2          11  0.978681623834760     
           3          12  0.977582312219484     
           3          13  0.977576353692247     
           4          14  0.977578969968056     
           4          15  0.977568249920529     
           5          16  0.978708306833695     
           5          17  0.978673205658668     
           6          18  0.988021959869284     
           6          19  0.987571465638556     
           6          20  0.988053947844240     
