$coord
          1.603097822080         -6.571662842617         -1.952688236452     c 
          2.876369678470         -4.935456738069          0.036876122190     c 
          5.709626672167         -4.616959066797         -0.435211259645     c 
          7.057664521336         -3.027469599128          1.574178055195     c 
          6.154647455750         -0.275158506622          1.731872074019     c 
          6.290540701428          1.131752117995         -0.793339643884     c 
          6.059254033705          4.007919266221         -0.553261947235     c 
          3.650171363184          4.926086330127          0.753955030116     c 
          1.208448301425          4.179235599050         -0.604346248363     c 
         -1.133859685883          5.350636907943          0.618917967677     c 
         -3.621136728173          4.604387542276         -0.659657997776     c 
         -4.256206552413          1.801383292056         -0.367652748155     c 
         -6.813313746324          1.087713085593         -1.514883011980     c 
         -7.282610852741         -1.767377976144         -1.565566317230     c 
         -7.335581386094         -3.018925543210          1.047592656003     c 
         -9.608171564477         -2.242949724824          2.638943570440     c 
         -0.414223345312         -6.821157911056         -1.596477962035     h 
          2.449720468336         -8.448052688999         -2.023746737908     h 
          1.800605016550         -5.742620479761         -3.827390704771     h 
          1.965324879229         -3.075011604429          0.104065733664     h 
          2.584722646056         -5.741669513350          1.925359553621     h 
          6.585040271383         -6.496282786226         -0.553791193144     h 
          6.008329788585         -3.783556896417         -2.310314004612     h 
          9.100021344644         -3.037941146602          1.202377358014     h 
          6.841454414160         -3.945538656933          3.422582248149     h 
          7.282129062197          0.749268312285          3.142028497218     h 
          4.214721099694         -0.212520622107          2.460194700543     h 
          4.824901297157          0.409400877128         -2.068946537121     h 
          8.084946752814          0.660841617797         -1.723870006054     h 
          7.714332496827          4.726111127867          0.474454860740     h 
          6.177222871217          4.865567672541         -2.438562278734     h 
          3.599407410288          4.204733102666          2.696661853535     h 
          3.702175857859          6.989300323487          0.960308611712     h 
          1.031928831182          2.117463909730         -0.643642168789     h 
          1.306122903883          4.753611677116         -2.591735364063     h 
         -1.201175694889          4.821522538024          2.621778161254     h 
         -0.928082322169          7.416153063342          0.614298532216     h 
         -3.536143022472          5.086933942324         -2.674315872908     h 
         -5.183434611495          5.739095350205          0.103532579423     h 
         -2.769561008914          0.651493730286         -1.246954607233     h 
         -4.219599438381          1.292539337953          1.644079624850     h 
         -6.920640018432          1.850712322370         -3.440533771614     h 
         -8.330585609631          2.044115349174         -0.480157534169     h 
         -5.819208691243         -2.661739521649         -2.733601174397     h 
         -9.071420534208         -2.163384451743         -2.538510004568     h 
         -7.319908313332         -5.087625892125          0.825912919236     h 
         -5.577838815296         -2.586732847704          2.059939025158     h 
         -9.628201079540         -0.212221629478          3.003020330843     h 
         -9.636814893558         -3.195123974715          4.470909791551     h 
        -11.377078369354         -2.712890917497          1.688627851847     h 
$end
