   -0.07184861
   -0.05106866
   -0.05126726
   -0.05192944
   -0.05107869
   -0.05164005
   -0.05212733
   -0.05136654
   -0.05127344
   -0.05080352
   -0.05010059
   -0.04991358
   -0.05020368
   -0.05088813
   -0.05050012
   -0.07115979
    0.02335341
    0.02482406
    0.02481186
    0.02557276
    0.02664912
    0.02579537
    0.02465936
    0.02626798
    0.02293363
    0.02473863
    0.02762345
    0.02685616
    0.02439594
    0.02576069
    0.02438320
    0.02662005
    0.02776925
    0.02409753
    0.02702715
    0.02546595
    0.02405630
    0.02421670
    0.02560861
    0.02520128
    0.02534062
    0.02534111
    0.02414281
    0.02771314
    0.02259837
    0.02579025
    0.02322784
    0.02645376
    0.02476558
    0.02310751
