           1           2   1.02510869347329     
           2           3   1.01220803630503     
           3           4   1.01246322742149     
           4           5   1.00760704339945     
           5           6   1.01405129591619     
           6           7   1.01067881120552     
           7           8   1.01244429201266     
           8           9   1.01255914694892     
           9          10   1.01125164574031     
          10          11   1.01130250406051     
          11          12   1.01147335120130     
          12          13   1.01094837100012     
          13          14   1.01161545362454     
          14          15   1.00847358220432     
          15          16   1.02711431810227     
           1          17  0.982417398206567     
           1          18  0.981176872507467     
           1          19  0.980674818599941     
           2          20  0.976460970735336     
           2          21  0.972796671463331     
           3          22  0.974601808676085     
           3          23  0.974990001240992     
           4          24  0.974125040676284     
           4          25  0.978194254703357     
           5          26  0.976722584938424     
           5          27  0.971311873662250     
           6          28  0.969900316446689     
           6          29  0.974980827486479     
           7          30  0.974283827795931     
           7          31  0.975368234760979     
           8          32  0.974570420850192     
           8          33  0.969637559279578     
           9          34  0.975140082653972     
           9          35  0.972268643908956     
          10          36  0.974503480697957     
          10          37  0.975787761688942     
          11          38  0.973532334258997     
          11          39  0.973333013595919     
          12          40  0.969763222767400     
          12          41  0.973122659540446     
          13          42  0.973952832716920     
          13          43  0.975135351860133     
          14          44  0.972142446563165     
          14          45  0.978094052562070     
          15          46  0.975163228492460     
          15          47  0.978017148329699     
          16          48  0.974781035306820     
          16          49  0.980928177111693     
          16          50  0.981065062016593     
