           1           2   1.01914636509806     
           2           3   1.00768407890094     
           3           4   1.00820242206358     
           4           5   1.00603932609142     
           5           6   1.00800367479552     
           6           7   1.00662208803056     
           7           8   1.00793055603282     
           8           9   1.00702187220183     
           9          10   1.02004704228884     
           1          11  0.987583466278254     
           1          12  0.988018957645644     
           1          13  0.987986782979970     
           2          14  0.978525609348899     
           2          15  0.978724624983350     
           3          16  0.975391142884410     
           3          17  0.977235411340510     
           4          18  0.977187549275162     
           4          19  0.977419990174863     
           5          20  0.977313130978963     
           5          21  0.977177538218230     
           6          22  0.975192569107883     
           6          23  0.977506430990147     
           7          24  0.977328193068530     
           7          25  0.975894168519727     
           8          26  0.977332527342802     
           8          27  0.977511570403267     
           9          28  0.978691199688684     
           9          29  0.978278579753220     
          10          30  0.986433486882602     
          10          31  0.987706795206352     
          10          32  0.987646434724016     
