   -0.10208308
   -0.05277408
   -0.05910936
   -0.05887512
   -0.05805777
   -0.05814845
   -0.05882002
   -0.05837583
   -0.05815755
   -0.05810386
   -0.05833197
   -0.05840712
   -0.05815240
   -0.05269406
   -0.10191958
    0.03242930
    0.03307702
    0.03311764
    0.02826004
    0.02835805
    0.02930413
    0.02876049
    0.03085824
    0.02890990
    0.02844675
    0.02959529
    0.02963632
    0.02833030
    0.02924707
    0.03158378
    0.02868082
    0.02802397
    0.02884550
    0.02878559
    0.02855804
    0.02888016
    0.02837950
    0.02798099
    0.03217078
    0.02882532
    0.03006693
    0.02711182
    0.02911238
    0.02762890
    0.03354899
    0.03080251
    0.03469372
