           1           2   1.01908164834869     
           2           3   1.00773031400869     
           3           4   1.00698931959853     
           4           5   1.00796848459713     
           5           6   1.00590249612078     
           6           7   1.00796036479772     
           7           8   1.00666786269623     
           8           9   1.00672578058983     
           9          10   1.00677144172257     
          10          11   1.00674096356522     
          11          12   1.00670498399628     
          12          13   1.00787328420024     
          13          14   1.00697653066192     
          14          15   1.02001422587108     
           1          16  0.987569708043624     
           1          17  0.988053010709821     
           1          18  0.988017602950001     
           2          19  0.978590940746491     
           2          20  0.978734238401872     
           3          21  0.977541167184353     
           3          22  0.977565252867475     
           4          23  0.974934134474106     
           4          24  0.977379936374748     
           5          25  0.977313453156296     
           5          26  0.977389208356664     
           6          27  0.977211219538016     
           6          28  0.977405004654881     
           7          29  0.977513118486942     
           7          30  0.974760033980553     
           8          31  0.977388395913167     
           8          32  0.977746879142850     
           9          33  0.977257605351404     
           9          34  0.977769367996286     
          10          35  0.977758347898841     
          10          36  0.977404370560651     
          11          37  0.977750547500540     
          11          38  0.977297728780112     
          12          39  0.975927517153501     
          12          40  0.977279550285401     
          13          41  0.977481215184576     
          13          42  0.977396301797866     
          14          43  0.978308260133488     
          14          44  0.978721913011998     
          15          45  0.987729339503175     
          15          46  0.987650015015126     
          15          47  0.986342954338654     
