$coord
          6.037384771598          0.407285190410         -0.150344905410     c 
          3.560910378878         -1.024103012287          0.105915187663     c 
          1.251097274475          0.724856165588          0.103649484485     c 
         -1.250614327418         -0.714494220519          0.011189535053     c 
         -3.558691208122          1.025679081335          0.054881223732     c 
         -6.040493923718         -0.417648855130         -0.104547301787     c 
          6.142464806594          1.398444858534         -1.955764776816     h 
          7.667959328789         -0.850045868940         -0.036751757814     h 
          6.241366210634          1.824629188904          1.336190621645     h 
          3.377441590744         -2.405534487064         -1.435808562900     h 
          3.564588638030         -2.147400208391          1.853497456410     h 
          1.359552021000          2.019532496162         -1.514138236023     h 
          1.297700231299          1.950155697733          1.778073407009     h 
         -1.346552418749         -2.048326611011          1.597185300442     h 
         -1.307667505781         -1.899703296207         -1.690510084655     h 
         -3.512698119908          2.183941559394          1.777550204066     h 
         -3.421869027403          2.381130053472         -1.512810483202     h 
         -6.232758576965         -1.738113344666          1.476689413676     h 
         -7.685456840492          0.841321188102         -0.074184626717     h 
         -6.139219769383         -1.528792521621         -1.846411900806     h 
$end
