           1           2   1.02649457383044     
           2           3   1.01269051356905     
           3           4   1.01345924378265     
           4           5   1.01268998278304     
           5           6   1.02649381209080     
           1           7  0.981013681618541     
           1           8  0.982379107399250     
           1           9  0.981013681618541     
           2          10  0.975790243828148     
           2          11  0.975790243828149     
           3          12  0.974489759393591     
           3          13  0.974489759393591     
           4          14  0.974489789716950     
           4          15  0.974489789716948     
           5          16  0.975791614970485     
           5          17  0.975791614970488     
           6          18  0.981013741202928     
           6          19  0.982379555548036     
           6          20  0.981013741202926     
