$hessian                                                                        
        0.4813571605   0.0305635109  -0.0000214534  -0.1556017501   0.0658370122
        0.0000277880  -0.0291364462   0.0107756609  -0.0000172893  -0.0040405358
       -0.0028700744  -0.0000141729  -0.0012140330   0.0007292529  -0.0000005054
       -0.0432176364  -0.0000009238  -0.0018879948  -0.0432614063   0.0006879926
        0.0029340556  -0.1982995899  -0.1155016215  -0.0010464272  -0.0039026561
        0.0042615975   0.0019242488  -0.0038121177   0.0042197061  -0.0018983740
        0.0007607318   0.0008276947   0.0002781226   0.0007616225   0.0008382178
       -0.0002769816  -0.0000261185  -0.0001259238  -0.0001478741  -0.0000301455
       -0.0001207829   0.0001463583  -0.0003675564  -0.0002536898   0.0000011086
        0.0000152985   0.0000666070   0.0000552129   0.0000151784   0.0000657637
       -0.0000558221
        0.0305635109   0.5040813300   0.0000317413   0.0649582775  -0.1111885543
       -0.0000058046  -0.0105122445   0.0076531122   0.0000106629  -0.0026012314
       -0.0012408189  -0.0000050631  -0.0007291995   0.0004709738   0.0000003611
        0.0004099035  -0.1248844917   0.1120738274   0.0011055081  -0.1227940556
       -0.1113412946  -0.1157524989  -0.1273265433  -0.0007602090   0.0172063352
       -0.0130764123  -0.0028892476   0.0173076239  -0.0131817518   0.0028850043
       -0.0008308207   0.0006707385   0.0003470740  -0.0008483500   0.0006785672
       -0.0003488203  -0.0000684830   0.0000653752   0.0001402702  -0.0000692715
        0.0000672314  -0.0001389546  -0.0002706327  -0.0000686135   0.0000005076
        0.0000661329   0.0000372046  -0.0000023888   0.0000654403   0.0000367084
        0.0000023339
       -0.0000214534   0.0000317413   0.5230357567   0.0000179397  -0.0000022971
       -0.0680691882  -0.0000821043   0.0000417635   0.0004513282  -0.0000092635
       -0.0000096291   0.0003097010  -0.0000039422   0.0000029712   0.0001815344
       -0.0021170443   0.1121460374  -0.2029653002   0.0031650128  -0.1113997181
       -0.2050302832  -0.0010400709  -0.0007571043  -0.0453052513   0.0205285793
       -0.0161594247  -0.0016465641  -0.0204441444   0.0161036942  -0.0016230753
       -0.0007049952   0.0002843478   0.0003050115   0.0007114899  -0.0002832563
        0.0003027111  -0.0001191019   0.0000550883   0.0000283005   0.0001200751
       -0.0000539234   0.0000279922  -0.0000015722  -0.0000001678  -0.0000043870
        0.0000234185   0.0000209175   0.0000009896  -0.0000228230  -0.0000210405
        0.0000007243
       -0.1556017501   0.0649582775   0.0000179397   0.4566541539  -0.0042908469
       -0.0001567096  -0.1463898712  -0.0640517383  -0.0002439292  -0.0280519544
       -0.0102020947  -0.0000367706  -0.0040402503   0.0026013520  -0.0000047768
       -0.0031634868   0.0042568640  -0.0026392340  -0.0032919213   0.0043269243
        0.0026506052  -0.0263535733   0.0134851211  -0.0000173282  -0.0411988408
       -0.0001505814   0.0003706967  -0.0412083234  -0.0004651207   0.0000873448
       -0.0037347902  -0.0041858950  -0.0021643764  -0.0037826394  -0.0042358143
        0.0021427369   0.0007343339  -0.0008388871  -0.0002705775   0.0007315574
       -0.0008220726   0.0002597748  -0.0012070380  -0.0007180516   0.0000041945
       -0.0000470924   0.0001679388   0.0001564265  -0.0000485137   0.0001646250
       -0.0001560170
        0.0658370122  -0.1111885543  -0.0000022971  -0.0042908469   0.4993698896
       -0.0001332707  -0.0631926099  -0.1101726591  -0.0001777107   0.0102042481
        0.0074946041   0.0000186579   0.0028702511  -0.0012410375  -0.0000020208
        0.0167104044  -0.0137760698   0.0034058681   0.0165520147  -0.0136135495
       -0.0034041446  -0.0130207105   0.0087387670  -0.0000081990  -0.0006663227
       -0.1193799986  -0.1051933538  -0.0009748471  -0.1203800280   0.1055843572
       -0.0165159531  -0.0136407233  -0.0035411124  -0.0166415071  -0.0137727451
        0.0034488670   0.0010789527   0.0005211331   0.0002183351   0.0010670599
        0.0005123038  -0.0002126670   0.0009860761   0.0004278820  -0.0000020157
       -0.0000018980   0.0000504215   0.0001169020  -0.0000013237   0.0000503641
       -0.0001161954
        0.0000277880  -0.0000058046  -0.0680691882  -0.0001567096  -0.0001332707
        0.5389055216  -0.0002711525  -0.0001850189  -0.0693309152   0.0000102218
        0.0000050906   0.0002920698   0.0000118700  -0.0000073223   0.0003100426
       -0.0208565757   0.0160405540  -0.0015508459   0.0209959608  -0.0161083933
       -0.0015758629  -0.0001322666   0.0000773687   0.0003359152   0.0000636778
       -0.1050474149  -0.1983932687   0.0003943608   0.1054250942  -0.1974068179
       -0.0204840090  -0.0166978257  -0.0021382445   0.0203747284   0.0166315689
       -0.0019830505   0.0008485106   0.0001324303   0.0001957778  -0.0008289763
       -0.0001296359   0.0001857615   0.0000047612   0.0000012618   0.0002110943
        0.0000660335   0.0000246274   0.0000045984  -0.0000682233  -0.0000233095
        0.0000074126
       -0.0291364462  -0.0105122445  -0.0000821043  -0.1463898712  -0.0631926099
       -0.0002711525   0.4550679480  -0.0000001362  -0.0000368608  -0.1463847590
        0.0631963555   0.0001271548  -0.0291368592   0.0105142785   0.0000241529
        0.0009744111  -0.0008609688   0.0003185306   0.0009670207  -0.0008470506
       -0.0003153850  -0.0047476090   0.0024725937   0.0000032297  -0.0038471722
       -0.0043965469  -0.0023369002  -0.0038952364  -0.0044428868   0.0023033875
       -0.0414659631   0.0000635812   0.0001080885  -0.0414586932  -0.0000683007
        0.0001131832  -0.0038451220   0.0043934509   0.0023345585  -0.0038949577
        0.0044449008  -0.0023053652  -0.0047480360  -0.0024724150   0.0000146847
        0.0009757187   0.0008622663   0.0003173685   0.0009656267   0.0008457326
       -0.0003165708
        0.0107756609   0.0076531122   0.0000417635  -0.0640517383  -0.1101726591
       -0.0001850189  -0.0000001362   0.4982310192  -0.0000877775   0.0640555808
       -0.1101808527  -0.0000832940  -0.0107736691   0.0076530833   0.0000165479
        0.0009822458   0.0006774633  -0.0003011037   0.0009651515   0.0006654766
        0.0003052647   0.0039484806  -0.0009915064   0.0000044872  -0.0164807095
       -0.0137424237  -0.0035187941  -0.0165962098  -0.0138315449   0.0034097244
        0.0000675973  -0.1187066440  -0.1046088980  -0.0000724050  -0.1200298590
        0.1050579150   0.0165187954  -0.0137750740  -0.0034957633   0.0165569922
       -0.0138011993   0.0034331648  -0.0039482231  -0.0009912165   0.0000071791
       -0.0009725497   0.0006763162   0.0003054519  -0.0009748637   0.0006665090
       -0.0003008492
       -0.0000172893   0.0000106629   0.0004513282  -0.0002439292  -0.0001777107
       -0.0693309152  -0.0000368608  -0.0000877775   0.5387196891   0.0001484444
       -0.0000859012  -0.0693301595   0.0000259750  -0.0000227504   0.0004515347
       -0.0008759021  -0.0002517130   0.0002175121   0.0008735134   0.0002494964
        0.0002182668  -0.0000026422   0.0000019707   0.0005532385  -0.0204423487
       -0.0167719287  -0.0020434651   0.0203612827   0.0166896226  -0.0018790851
        0.0001027354  -0.1047392118  -0.1982186492   0.0001079259   0.1052168254
       -0.1968758574   0.0204051446  -0.0167479795  -0.0019987146  -0.0203968633
        0.0167157606  -0.0019233630  -0.0000029801   0.0000030290   0.0005526112
       -0.0008778628   0.0002494393   0.0002244657   0.0008716570  -0.0002518341
        0.0002115628
       -0.0040405358  -0.0026012314  -0.0000092635  -0.0280519544   0.0102042481
        0.0000102218  -0.1463847590   0.0640555808   0.0001484444   0.4566537721
        0.0042896714   0.0001374632  -0.1556064346  -0.0649548913   0.0001806765
       -0.0000465455  -0.0001687692   0.0001557920  -0.0000490634  -0.0001637532
       -0.0001566284  -0.0012070464   0.0007181389   0.0000003845   0.0007338907
        0.0008336054   0.0002703582   0.0007320496   0.0008273394  -0.0002600203
       -0.0037649810   0.0042140214   0.0021528828  -0.0037502738   0.0042067176
       -0.0021540450  -0.0412027437   0.0001528380  -0.0004038881  -0.0412042179
        0.0004549847  -0.0001119089  -0.0263537213  -0.0134835124   0.0000379618
       -0.0032179508  -0.0042885723  -0.0026442957  -0.0032394849  -0.0042964158
        0.0026458646
       -0.0028700744  -0.0012408189  -0.0000096291  -0.0102020947   0.0074946041
        0.0000050906   0.0631963555  -0.1101808527  -0.0000859012   0.0042896714
        0.4993721377  -0.0000280134  -0.0658335407  -0.1111814398   0.0001203867
        0.0000021565   0.0000504924  -0.0001167541   0.0000010879   0.0000502660
        0.0001163495  -0.0009859993   0.0004278672  -0.0000015910  -0.0010794026
        0.0005179600   0.0002153075  -0.0010665879   0.0005155258  -0.0002156384
        0.0165256736  -0.0136586401  -0.0035141944   0.0166307321  -0.0137573340
        0.0034762023   0.0006522222  -0.1198959472  -0.1053934396   0.0009811576
       -0.1198650265   0.1053886221   0.0130225836   0.0087388905  -0.0000123968
       -0.0166994344  -0.0137463259  -0.0033770018  -0.0165645062  -0.0136413586
        0.0034326010
       -0.0000141729  -0.0000050631   0.0003097010  -0.0000367706   0.0000186579
        0.0002920698   0.0001271548  -0.0000832940  -0.0693301595   0.0001374632
       -0.0000280134   0.5389067504   0.0001617748   0.0001104839  -0.0680692244
        0.0000668905  -0.0000245312   0.0000060541  -0.0000675043   0.0000234286
        0.0000056637  -0.0000038989   0.0000003381   0.0002114823  -0.0008465439
        0.0001342729   0.0001908108   0.0008308634  -0.0001280361   0.0001906340
        0.0204744073  -0.0166888225  -0.0021056842  -0.0203822698   0.0166430247
       -0.0020153174  -0.0000927480  -0.1052400691  -0.1978758362  -0.0004152181
        0.1052368383  -0.1979259406  -0.0000501309  -0.0000332492   0.0003354800
       -0.0208719256  -0.0160415582  -0.0015114864   0.0209826289   0.0161055924
       -0.0016149974
       -0.0012140330  -0.0007291995  -0.0000039422  -0.0040402503   0.0028702511
        0.0000118700  -0.0291368592  -0.0107736691   0.0000259750  -0.1556064346
       -0.0658335407   0.0001617748   0.4813547270  -0.0305689030   0.0000780669
        0.0000153430  -0.0000666929   0.0000554024   0.0000150993  -0.0000657266
       -0.0000556293  -0.0003675323   0.0002536643  -0.0000000828  -0.0000281855
        0.0001243122   0.0001477182  -0.0000280118   0.0001223822  -0.0001465404
        0.0007576402  -0.0008258547  -0.0002769464   0.0007646472  -0.0008400948
        0.0002781641  -0.0038812099  -0.0042723076  -0.0018979580  -0.0038355531
       -0.0042099030   0.0019247608  -0.1982949197   0.1155109296  -0.0005730502
       -0.0432262088  -0.0002752950  -0.0022781624  -0.0432482584  -0.0004203525
        0.0025485797
        0.0007292529   0.0004709738   0.0000029712   0.0026013520  -0.0012410375
       -0.0000073223   0.0105142785   0.0076530833  -0.0000227504  -0.0649548913
       -0.1111814398   0.0001104839  -0.0305689030   0.5040892987   0.0000496838
       -0.0000660252   0.0000367801   0.0000021695  -0.0000654845   0.0000372594
       -0.0000025426   0.0002706365  -0.0000685562   0.0000003464   0.0000675387
        0.0000651221   0.0001402514   0.0000701881   0.0000674928  -0.0001389655
        0.0008418598   0.0006697468   0.0003448026   0.0008373469   0.0006795111
       -0.0003510234  -0.0172797774  -0.0131492858  -0.0028568940  -0.0172352730
       -0.0131067846   0.0029170621   0.1157616729  -0.1273416048   0.0004049619
       -0.0006840546  -0.1247140135  -0.1120093108  -0.0008397174  -0.1229665461
        0.1114160764
       -0.0000005054   0.0000003611   0.0001815344  -0.0000047768  -0.0000020208
        0.0003100426   0.0000241529   0.0000165479   0.0004515347   0.0001806765
        0.0001203867  -0.0680692244   0.0000780669   0.0000496838   0.5230437788
        0.0000230679  -0.0000207222   0.0000007443  -0.0000232350   0.0000213533
        0.0000005590  -0.0000000598  -0.0000004678  -0.0000043209   0.0001196187
        0.0000540526   0.0000292429  -0.0001196788  -0.0000547363   0.0000270560
        0.0007053901   0.0002850317   0.0002978058  -0.0007110150  -0.0002825396
        0.0003097839  -0.0204724004  -0.0161139193  -0.0015951925   0.0205019147
        0.0161474164  -0.0016741551  -0.0005645534   0.0004045333  -0.0453014187
       -0.0025116582  -0.1120904148  -0.2031381594   0.0027749952   0.1114654541
       -0.2048696114
       -0.0432176364   0.0004099035  -0.0021170443  -0.0031634868   0.0167104044
       -0.0208565757   0.0009744111   0.0009822458  -0.0008759021  -0.0000465455
        0.0000021565   0.0000668905   0.0000153430  -0.0000660252   0.0000230679
        0.0503455371  -0.0035159404   0.0025860024   0.0007398730  -0.0002098021
       -0.0004552390  -0.0016163611  -0.0171389515   0.0220664003   0.0007132313
       -0.0005022730  -0.0003263978  -0.0043414123   0.0037824319  -0.0006336917
       -0.0000294175  -0.0000540766   0.0000003292  -0.0005408061  -0.0002193673
        0.0004068704   0.0000547430  -0.0000185886  -0.0000478939   0.0001012196
       -0.0001281090   0.0001309998   0.0000593174  -0.0000093892   0.0000098210
       -0.0000004853   0.0000035998  -0.0000097214  -0.0000475246  -0.0000282189
        0.0000320843
       -0.0000009238  -0.1248844917   0.1121460374   0.0042568640  -0.0137760698
        0.0160405540  -0.0008609688   0.0006774633  -0.0002517130  -0.0001687692
        0.0000504924  -0.0000245312  -0.0000666929   0.0000367801  -0.0000207222
       -0.0035159404   0.1442058371  -0.1320950272  -0.0001184391   0.0098888090
       -0.0147239665  -0.0032109316  -0.0143476409   0.0187005685  -0.0004587897
        0.0000660508   0.0003833990   0.0039713679  -0.0022901399   0.0002173638
        0.0000422355  -0.0000718814  -0.0000575739   0.0002731209   0.0004180316
       -0.0002153320  -0.0000086921  -0.0000452666   0.0000113476  -0.0001385472
        0.0000376966  -0.0000793187  -0.0000204051  -0.0000189042   0.0000009120
       -0.0000037186   0.0000014256   0.0000090788   0.0000292302   0.0000518081
       -0.0000410764
       -0.0018879948   0.1120738274  -0.2029653002  -0.0026392340   0.0034058681
       -0.0015508459   0.0003185306  -0.0003011037   0.0002175121   0.0001557920
       -0.0001167541   0.0000060541   0.0000554024   0.0000021695   0.0000007443
        0.0025860024  -0.1320950272   0.2326151055   0.0006428298   0.0150828978
       -0.0286950166   0.0012876585   0.0022898869  -0.0018563708   0.0002715354
       -0.0004285917   0.0007633397  -0.0004923822   0.0003830854   0.0012656497
       -0.0000144540   0.0000541983  -0.0003276265  -0.0004129196  -0.0002203437
        0.0004417908   0.0000394347  -0.0000105819   0.0000209765   0.0001195450
       -0.0000727370   0.0000352277   0.0000117061   0.0000034648   0.0000031338
       -0.0000097041  -0.0000094213  -0.0000418022  -0.0000317481  -0.0000408376
        0.0000674281
       -0.0432614063   0.0011055081   0.0031650128  -0.0032919213   0.0165520147
        0.0209959608   0.0009670207   0.0009651515   0.0008735134  -0.0000490634
        0.0000010879  -0.0000675043   0.0000150993  -0.0000654845  -0.0000232350
        0.0007398730  -0.0001184391   0.0006428298   0.0503648839  -0.0043384097
       -0.0037985727  -0.0014671808  -0.0169162965  -0.0222250824  -0.0043432799
        0.0037756352   0.0006354642   0.0007225422  -0.0005086399   0.0003273511
       -0.0005340069  -0.0002176857  -0.0004084272  -0.0000294053  -0.0000528709
       -0.0000002776   0.0001012449  -0.0001287784  -0.0001319680   0.0000540214
       -0.0000183804   0.0000470360   0.0000585160  -0.0000092632  -0.0000095031
       -0.0000475672  -0.0000290508  -0.0000318468   0.0000006296   0.0000039018
        0.0000092490
        0.0006879926  -0.1227940556  -0.1113997181   0.0043269243  -0.0136135495
       -0.0161083933  -0.0008470506   0.0006654766   0.0002494964  -0.0001637532
        0.0000502660   0.0000234286  -0.0000657266   0.0000372594   0.0000213533
       -0.0002098021   0.0098888090   0.0150828978  -0.0043384097   0.1417666470
        0.1312222797  -0.0030793141  -0.0141484179  -0.0188351945   0.0039782733
       -0.0022854464  -0.0002318855  -0.0004564435   0.0000687269  -0.0003953524
        0.0002657876   0.0004101733   0.0002127550   0.0000420756  -0.0000732919
        0.0000602255  -0.0001373131   0.0000371746   0.0000785111  -0.0000077680
       -0.0000442722  -0.0000112648  -0.0000197946  -0.0000190730  -0.0000010560
        0.0000280780   0.0000519080   0.0000408092  -0.0000037558   0.0000016657
       -0.0000088919
        0.0029340556  -0.1113412946  -0.2050302832   0.0026506052  -0.0034041446
       -0.0015758629  -0.0003153850   0.0003052647   0.0002182668  -0.0001566284
        0.0001163495   0.0000056637  -0.0000556293  -0.0000025426   0.0000005590
       -0.0004552390  -0.0147239665  -0.0286950166  -0.0037985727   0.1312222797
        0.2350343135  -0.0013136694  -0.0025144025  -0.0022071643   0.0004927477
       -0.0003788739   0.0012682796  -0.0002778055   0.0004271053   0.0007754537
        0.0004111566   0.0002188212   0.0004429512   0.0000127251  -0.0000533154
       -0.0003254641  -0.0001194631   0.0000730450   0.0000349895  -0.0000387701
        0.0000094700   0.0000226079  -0.0000115818  -0.0000033863   0.0000037060
        0.0000322731   0.0000410483   0.0000670689   0.0000091808   0.0000085427
       -0.0000400689
       -0.1982995899  -0.1157524989  -0.0010400709  -0.0263535733  -0.0130207105
       -0.0001322666  -0.0047476090   0.0039484806  -0.0000026422  -0.0012070464
       -0.0009859993  -0.0000038989  -0.0003675323   0.0002706365  -0.0000000598
       -0.0016163611  -0.0032109316   0.0012876585  -0.0014671808  -0.0030793141
       -0.0013136694   0.2324401491   0.1321188341   0.0012036579   0.0005541350
       -0.0004437086   0.0001944389   0.0005504156  -0.0004348946  -0.0001947718
        0.0002717246   0.0003029868   0.0002164914   0.0002728489   0.0003065316
       -0.0002146330   0.0000184558  -0.0000200225   0.0000220296   0.0000180264
       -0.0000193324  -0.0000220371  -0.0001846994  -0.0000202362  -0.0000000586
        0.0000593332   0.0000204548   0.0000115612   0.0000585037   0.0000197245
       -0.0000117291
       -0.1155016215  -0.1273265433  -0.0007571043   0.0134851211   0.0087387670
        0.0000773687   0.0024725937  -0.0009915064   0.0000019707   0.0007181389
        0.0004278672   0.0000003381   0.0002536643  -0.0000685562  -0.0000004678
       -0.0171389515  -0.0143476409   0.0022898869  -0.0169162965  -0.0141484179
       -0.0025144025   0.1321188341   0.1462584617   0.0008938434   0.0001495384
        0.0006051295   0.0002464141   0.0001465547   0.0005962005  -0.0002385136
        0.0001672070   0.0000467863   0.0001969037   0.0001670085   0.0000464370
       -0.0001971614  -0.0000805847   0.0000749917   0.0000513148  -0.0000801194
        0.0000754508  -0.0000500684   0.0000202408   0.0000505363  -0.0000000888
        0.0000091959  -0.0000188085  -0.0000035443   0.0000094762  -0.0000191549
        0.0000033108
       -0.0010464272  -0.0007602090  -0.0453052513  -0.0000173282  -0.0000081990
        0.0003359152   0.0000032297   0.0000044872   0.0005532385   0.0000003845
       -0.0000015910   0.0002114823  -0.0000000828   0.0000003464  -0.0000043209
        0.0220664003   0.0187005685  -0.0018563708  -0.0222250824  -0.0188351945
       -0.0022071643   0.0012036579   0.0008938434   0.0481066932   0.0004940443
        0.0001627073   0.0000413613  -0.0004821633  -0.0001593093   0.0000286980
        0.0001299727   0.0000618597   0.0000410276  -0.0001266706  -0.0000596375
        0.0000388281  -0.0000254566   0.0000302378   0.0000048283   0.0000253583
       -0.0000302132   0.0000045401  -0.0000005562  -0.0000000488  -0.0000000545
        0.0000100986  -0.0000008395   0.0000030876  -0.0000093791   0.0000011917
        0.0000034616
       -0.0039026561   0.0172063352   0.0205285793  -0.0411988408  -0.0006663227
        0.0000636778  -0.0038471722  -0.0164807095  -0.0204423487   0.0007338907
       -0.0010794026  -0.0008465439  -0.0000281855   0.0000675387   0.0001196187
        0.0007132313  -0.0004587897   0.0002715354  -0.0043432799   0.0039782733
        0.0004927477   0.0005541350   0.0001495384   0.0004940443   0.0541055863
       -0.0001733756  -0.0004427305   0.0012387552   0.0000270011   0.0000464054
       -0.0043167018  -0.0035931122  -0.0005063193   0.0007744810   0.0004834987
       -0.0003006352  -0.0006524102   0.0002529723   0.0004230374  -0.0000041352
        0.0000606868  -0.0000071896   0.0000188871   0.0000799548   0.0000251824
        0.0001009759   0.0001383911   0.0001192828   0.0000534391   0.0000075219
       -0.0000383440
        0.0042615975  -0.0130764123  -0.0161594247  -0.0001505814  -0.1193799986
       -0.1050474149  -0.0043965469  -0.0137424237  -0.0167719287   0.0008336054
        0.0005179600   0.0001342729   0.0001243122   0.0000651221   0.0000540526
       -0.0005022730   0.0000660508  -0.0004285917   0.0037756352  -0.0022854464
       -0.0003788739  -0.0004437086   0.0006051295   0.0001627073  -0.0001733756
        0.1399746479   0.1247158145  -0.0000147562   0.0093358130   0.0143104785
       -0.0036614576  -0.0026053559  -0.0005312099   0.0004901656   0.0000823493
       -0.0004412626  -0.0002493970   0.0004318212   0.0002396324  -0.0000596501
       -0.0000563558   0.0000484139   0.0000204162   0.0000750142   0.0000301506
        0.0001283165   0.0000372276   0.0000720187   0.0000176977  -0.0000451432
       -0.0000088350
        0.0019242488  -0.0028892476  -0.0016465641   0.0003706967  -0.1051933538
       -0.1983932687  -0.0023369002  -0.0035187941  -0.0020434651   0.0002703582
        0.0002153075   0.0001908108   0.0001477182   0.0001402514   0.0000292429
       -0.0003263978   0.0003833990   0.0007633397   0.0006354642  -0.0002318855
        0.0012682796   0.0001944389   0.0002464141   0.0000413613  -0.0004427305
        0.1247158145   0.2268191307   0.0000425081  -0.0141288226  -0.0292241526
       -0.0005151216  -0.0005190778   0.0012108772   0.0003131139   0.0004429942
        0.0007619489  -0.0004264968   0.0002423283   0.0004914842  -0.0000085835
       -0.0000468841  -0.0003306537  -0.0000218547   0.0000504617   0.0000045089
        0.0001322956   0.0000797611   0.0000352273   0.0000472425   0.0000113339
        0.0000218925
       -0.0038121177   0.0173076239  -0.0204441444  -0.0412083234  -0.0009748471
        0.0003943608  -0.0038952364  -0.0165962098   0.0203612827   0.0007320496
       -0.0010665879   0.0008308634  -0.0000280118   0.0000701881  -0.0001196788
       -0.0043414123   0.0039713679  -0.0004923822   0.0007225422  -0.0004564435
       -0.0002778055   0.0005504156   0.0001465547  -0.0004821633   0.0012387552
       -0.0000147562   0.0000425081   0.0540562860   0.0001912781  -0.0000751945
        0.0007769040   0.0004840791   0.0003040909  -0.0043184572  -0.0035989514
        0.0004753541  -0.0000045153   0.0000604133   0.0000117758  -0.0006433105
        0.0002491145  -0.0004235613   0.0000176136   0.0000807766  -0.0000255232
        0.0000553285   0.0000089409   0.0000399066   0.0001014897   0.0001374587
       -0.0001196893
        0.0042197061  -0.0131817518   0.0161036942  -0.0004651207  -0.1203800280
        0.1054250942  -0.0044428868  -0.0138315449   0.0166896226   0.0008273394
        0.0005155258  -0.0001280361   0.0001223822   0.0000674928  -0.0000547363
        0.0037824319  -0.0022901399   0.0003830854  -0.0005086399   0.0000687269
        0.0004271053  -0.0004348946   0.0005962005  -0.0001593093   0.0000270011
        0.0093358130  -0.0141288226   0.0001912781   0.1411842518  -0.1251255460
        0.0004921560   0.0000833432   0.0004400036  -0.0036635722  -0.0026100423
        0.0005068744  -0.0000614331  -0.0000542534  -0.0000459284  -0.0002525503
        0.0004278786  -0.0002401923   0.0000189418   0.0000753701  -0.0000304372
        0.0000192530  -0.0000443872   0.0000112402   0.0001286080   0.0000375451
       -0.0000737118
       -0.0018983740   0.0028850043  -0.0016230753   0.0000873448   0.1055843572
       -0.1974068179   0.0023033875   0.0034097244  -0.0018790851  -0.0002600203
       -0.0002156384   0.0001906340  -0.0001465404  -0.0001389655   0.0000270560
       -0.0006336917   0.0002173638   0.0012656497   0.0003273511  -0.0003953524
        0.0007754537  -0.0001947718  -0.0002385136   0.0000286980   0.0000464054
        0.0143104785  -0.0292241526  -0.0000751945  -0.1251255460   0.2256480134
       -0.0003115331  -0.0004476410   0.0007649428   0.0004813109   0.0004850889
        0.0012189518   0.0000103232   0.0000474334  -0.0003341758   0.0004201734
       -0.0002375393   0.0004865560   0.0000221987  -0.0000509263   0.0000050899
       -0.0000476171  -0.0000111591   0.0000214893  -0.0001307523  -0.0000781691
        0.0000347720
        0.0007607318  -0.0008308207  -0.0007049952  -0.0037347902  -0.0165159531
       -0.0204840090  -0.0414659631   0.0000675973   0.0001027354  -0.0037649810
        0.0165256736   0.0204744073   0.0007576402   0.0008418598   0.0007053901
       -0.0000294175   0.0000422355  -0.0000144540  -0.0005340069   0.0002657876
        0.0004111566   0.0002717246   0.0001672070   0.0001299727  -0.0043167018
       -0.0036614576  -0.0005151216   0.0007769040   0.0004921560  -0.0003115331
        0.0538484497  -0.0000847946  -0.0001087336   0.0012609325   0.0000095567
        0.0000210488  -0.0043168658   0.0036564461   0.0005072069   0.0007815210
       -0.0004920694   0.0003140794   0.0002706612  -0.0001673253  -0.0001288401
       -0.0005373958  -0.0002750142  -0.0004077685  -0.0000284427  -0.0000410846
        0.0000094580
        0.0008276947   0.0006707385   0.0002843478  -0.0041858950  -0.0136407233
       -0.0166978257   0.0000635812  -0.1187066440  -0.1047392118   0.0042140214
       -0.0136586401  -0.0166888225  -0.0008258547   0.0006697468   0.0002850317
       -0.0000540766  -0.0000718814   0.0000541983  -0.0002176857   0.0004101733
        0.0002188212   0.0003029868   0.0000467863   0.0000618597  -0.0035931122
       -0.0026053559  -0.0005190778   0.0004840791   0.0000833432  -0.0004476410
       -0.0000847946   0.1396481822   0.1245086764  -0.0000092481   0.0092929924
        0.0143143391   0.0035978941  -0.0026076420  -0.0005160659  -0.0004842203
        0.0000840930  -0.0004502068  -0.0003015174   0.0000451577   0.0000594634
        0.0002135163   0.0004145213   0.0002172157   0.0000526310  -0.0000748480
        0.0000548982
        0.0002781226   0.0003470740   0.0003050115  -0.0021643764  -0.0035411124
       -0.0021382445   0.0001080885  -0.1046088980  -0.1982186492   0.0021528828
       -0.0035141944  -0.0021056842  -0.0002769464   0.0003448026   0.0002978058
        0.0000003292  -0.0000575739  -0.0003276265  -0.0004084272   0.0002127550
        0.0004429512   0.0002164914   0.0001969037   0.0000410276  -0.0005063193
       -0.0005312099   0.0012108772   0.0003040909   0.0004400036   0.0007649428
       -0.0001087336   0.1245086764   0.2267863632   0.0000201509  -0.0140732579
       -0.0292051894   0.0004977996  -0.0005204557   0.0012122128  -0.0003056523
        0.0004435548   0.0007717036  -0.0002149784   0.0001965165   0.0000417298
        0.0004118316   0.0002166950   0.0004419603  -0.0000043538  -0.0000602796
       -0.0003211919
        0.0007616225  -0.0008483500   0.0007114899  -0.0037826394  -0.0166415071
        0.0203747284  -0.0414586932  -0.0000724050   0.0001079259  -0.0037502738
        0.0166307321  -0.0203822698   0.0007646472   0.0008373469  -0.0007110150
       -0.0005408061   0.0002731209  -0.0004129196  -0.0000294053   0.0000420756
        0.0000127251   0.0002728489   0.0001670085  -0.0001266706   0.0007744810
        0.0004901656   0.0003131139  -0.0043184572  -0.0036635722   0.0004813109
        0.0012609325  -0.0000092481   0.0000201509   0.0538873504   0.0000900543
       -0.0001148564   0.0007697161  -0.0004902741  -0.0003105847  -0.0043174511
        0.0036687465  -0.0004892119   0.0002738374  -0.0001669302   0.0001276591
       -0.0000304051  -0.0000432377  -0.0000178131  -0.0005373048  -0.0002637261
        0.0004162368
        0.0008382178   0.0006785672  -0.0002832563  -0.0042358143  -0.0137727451
        0.0166315689  -0.0000683007  -0.1200298590   0.1052168254   0.0042067176
       -0.0137573340   0.0166430247  -0.0008400948   0.0006795111  -0.0002825396
       -0.0002193673   0.0004180316  -0.0002203437  -0.0000528709  -0.0000732919
       -0.0000533154   0.0003065316   0.0000464370  -0.0000596375   0.0004834987
        0.0000823493   0.0004429942  -0.0035989514  -0.0026100423   0.0004850889
        0.0000095567   0.0092929924  -0.0140732579   0.0000900543   0.1411807545
       -0.1250392620  -0.0004833490   0.0000817360   0.0004405410   0.0035943040
       -0.0026086217   0.0004881971  -0.0003080540   0.0000481186  -0.0000622916
        0.0000542941  -0.0000703087  -0.0000524268   0.0002236278   0.0004137051
       -0.0002219093
       -0.0002769816  -0.0003488203   0.0003027111   0.0021427369   0.0034488670
       -0.0019830505   0.0001131832   0.1050579150  -0.1968758574  -0.0021540450
        0.0034762023  -0.0020153174   0.0002781641  -0.0003510234   0.0003097839
        0.0004068704  -0.0002153320   0.0004417908  -0.0000002776   0.0000602255
       -0.0003254641  -0.0002146330  -0.0001971614   0.0000388281  -0.0003006352
       -0.0004412626   0.0007619489   0.0004753541   0.0005068744   0.0012189518
        0.0000210488   0.0143143391  -0.0292051894  -0.0001148564  -0.1250392620
        0.2252090863   0.0002989988  -0.0004377143   0.0007550858  -0.0004837646
        0.0005176318   0.0012175386   0.0002161220  -0.0001975688   0.0000385664
       -0.0000037522   0.0000574299  -0.0003320102  -0.0004035329  -0.0002113402
        0.0004425972
       -0.0000261185  -0.0000684830  -0.0001191019   0.0007343339   0.0010789527
        0.0008485106  -0.0038451220   0.0165187954   0.0204051446  -0.0412027437
        0.0006522222  -0.0000927480  -0.0038812099  -0.0172797774  -0.0204724004
        0.0000547430  -0.0000086921   0.0000394347   0.0001012449  -0.0001373131
       -0.0001194631   0.0000184558  -0.0000805847  -0.0000254566  -0.0006524102
       -0.0002493970  -0.0004264968  -0.0000045153  -0.0000614331   0.0000103232
       -0.0043168658   0.0035978941   0.0004977996   0.0007697161  -0.0004833490
        0.0002989988   0.0540841862   0.0002052043   0.0004505347   0.0012388097
       -0.0000299897  -0.0000517058   0.0005468526  -0.0001435096  -0.0004822777
       -0.0043446627  -0.0039682740  -0.0004830099   0.0007253060   0.0004577343
       -0.0002780860
       -0.0001259238   0.0000653752   0.0000550883  -0.0008388871   0.0005211331
        0.0001324303   0.0043934509  -0.0137750740  -0.0167479795   0.0001528380
       -0.1198959472  -0.1052400691  -0.0042723076  -0.0131492858  -0.0161139193
       -0.0000185886  -0.0000452666  -0.0000105819  -0.0001287784   0.0000371746
        0.0000730450  -0.0000200225   0.0000749917   0.0000302378   0.0002529723
        0.0004318212   0.0002423283   0.0000604133  -0.0000542534   0.0000474334
        0.0036564461  -0.0026076420  -0.0005204557  -0.0004902741   0.0000817360
       -0.0004377143   0.0002052043   0.1406048397   0.1249272753   0.0000183273
        0.0093360297   0.0142156998   0.0004342124   0.0005930416   0.0001590057
       -0.0037858610  -0.0022877992  -0.0003803447   0.0005067789   0.0000691255
       -0.0004314793
       -0.0001478741   0.0001402702   0.0000283005  -0.0002705775   0.0002183351
        0.0001957778   0.0023345585  -0.0034957633  -0.0019987146  -0.0004038881
       -0.1053934396  -0.1978758362  -0.0018979580  -0.0028568940  -0.0015951925
       -0.0000478939   0.0000113476   0.0000209765  -0.0001319680   0.0000785111
        0.0000349895   0.0000220296   0.0000513148   0.0000048283   0.0004230374
        0.0002396324   0.0004914842   0.0000117758  -0.0000459284  -0.0003341758
        0.0005072069  -0.0005160659   0.0012122128  -0.0003105847   0.0004405410
        0.0007550858   0.0004505347   0.1249272753   0.2262081713  -0.0000492636
       -0.0142236063  -0.0292248519  -0.0001953013   0.0002396038   0.0000298214
       -0.0006238832  -0.0002098180   0.0012680462   0.0003300496   0.0003946841
        0.0007790767
       -0.0000301455  -0.0000692715   0.0001200751   0.0007315574   0.0010670599
       -0.0008289763  -0.0038949577   0.0165569922  -0.0203968633  -0.0412042179
        0.0009811576  -0.0004152181  -0.0038355531  -0.0172352730   0.0205019147
        0.0001012196  -0.0001385472   0.0001195450   0.0000540214  -0.0000077680
       -0.0000387701   0.0000180264  -0.0000801194   0.0000253583  -0.0000041352
       -0.0000596501  -0.0000085835  -0.0006433105  -0.0002525503   0.0004201734
        0.0007815210  -0.0004842203  -0.0003056523  -0.0043174511   0.0035943040
       -0.0004837646   0.0012388097   0.0000183273  -0.0000492636   0.0540772153
       -0.0002141074   0.0000724787   0.0005576932  -0.0001526400   0.0004939735
        0.0007105514   0.0004574251   0.0002713512  -0.0043408445  -0.0039811191
        0.0005022218
       -0.0001207829   0.0000672314  -0.0000539234  -0.0008220726   0.0005123038
       -0.0001296359   0.0044449008  -0.0138011993   0.0167157606   0.0004549847
       -0.1198650265   0.1052368383  -0.0042099030  -0.0131067846   0.0161474164
       -0.0001281090   0.0000376966  -0.0000727370  -0.0000183804  -0.0000442722
        0.0000094700  -0.0000193324   0.0000754508  -0.0000302132   0.0000606868
       -0.0000563558  -0.0000468841   0.0002491145   0.0004278786  -0.0002375393
       -0.0004920694   0.0000840930   0.0004435548   0.0036687465  -0.0026086217
        0.0005176318  -0.0000299897   0.0093360297  -0.0142236063  -0.0002141074
        0.1405548779  -0.1249185319   0.0004443545   0.0006082618  -0.0001633468
        0.0005039582   0.0000656009   0.0004242123  -0.0037719992  -0.0022871644
        0.0003815335
        0.0001463583  -0.0001389546   0.0000279922   0.0002597748  -0.0002126670
        0.0001857615  -0.0023053652   0.0034331648  -0.0019233630  -0.0001119089
        0.1053886221  -0.1979259406   0.0019247608   0.0029170621  -0.0016741551
        0.0001309998  -0.0000793187   0.0000352277   0.0000470360  -0.0000112648
        0.0000226079  -0.0000220371  -0.0000500684   0.0000045401  -0.0000071896
        0.0000484139  -0.0003306537  -0.0004235613  -0.0002401923   0.0004865560
        0.0003140794  -0.0004502068   0.0007717036  -0.0004892119   0.0004881971
        0.0012175386  -0.0000517058   0.0142156998  -0.0292248519   0.0000724787
       -0.1249185319   0.2262614981   0.0001939356  -0.0002453116   0.0000406867
       -0.0003237727  -0.0003839715   0.0007594147   0.0006453290   0.0002393277
        0.0012654373
       -0.0003675564  -0.0002706327  -0.0000015722  -0.0012070380   0.0009860761
        0.0000047612  -0.0047480360  -0.0039482231  -0.0000029801  -0.0263537213
        0.0130225836  -0.0000501309  -0.1982949197   0.1157616729  -0.0005645534
        0.0000593174  -0.0000204051   0.0000117061   0.0000585160  -0.0000197946
       -0.0000115818  -0.0001846994   0.0000202408  -0.0000005562   0.0000188871
        0.0000204162  -0.0000218547   0.0000176136   0.0000189418   0.0000221987
        0.0002706612  -0.0003015174  -0.0002149784   0.0002738374  -0.0003080540
        0.0002161220   0.0005468526   0.0004342124  -0.0001953013   0.0005576932
        0.0004443545   0.0001939356   0.2324345569  -0.1321290954   0.0006383867
       -0.0015579754   0.0031629109   0.0012892166  -0.0015239893   0.0031263130
       -0.0013128181
       -0.0002536898  -0.0000686135  -0.0000001678  -0.0007180516   0.0004278820
        0.0000012618  -0.0024724150  -0.0009912165   0.0000030290  -0.0134835124
        0.0087388905  -0.0000332492   0.1155109296  -0.1273416048   0.0004045333
       -0.0000093892  -0.0000189042   0.0000034648  -0.0000092632  -0.0000190730
       -0.0000033863  -0.0000202362   0.0000505363  -0.0000000488   0.0000799548
        0.0000750142   0.0000504617   0.0000807766   0.0000753701  -0.0000509263
       -0.0001673253   0.0000451577   0.0001965165  -0.0001669302   0.0000481186
       -0.0001975688  -0.0001435096   0.0005930416   0.0002396038  -0.0001526400
        0.0006082618  -0.0002453116  -0.1321290954   0.1462753212  -0.0004902865
        0.0171140565  -0.0143308117  -0.0023415259   0.0169403403  -0.0141673704
        0.0024636003
        0.0000011086   0.0000005076  -0.0000043870   0.0000041945  -0.0000020157
        0.0002110943   0.0000146847   0.0000071791   0.0005526112   0.0000379618
       -0.0000123968   0.0003354800  -0.0005730502   0.0004049619  -0.0453014187
        0.0000098210   0.0000009120   0.0000031338  -0.0000095031  -0.0000010560
        0.0000037060  -0.0000000586  -0.0000000888  -0.0000000545   0.0000251824
        0.0000301506   0.0000045089  -0.0000255232  -0.0000304372   0.0000050899
       -0.0001288401   0.0000594634   0.0000417298   0.0001276591  -0.0000622916
        0.0000385664  -0.0004822777   0.0001590057   0.0000298214   0.0004939735
       -0.0001633468   0.0000406867   0.0006383867  -0.0004902865   0.0481017862
        0.0220785816  -0.0187194112  -0.0019303535  -0.0222123012   0.0188191503
       -0.0021320008
        0.0000152985   0.0000661329   0.0000234185  -0.0000470924  -0.0000018980
        0.0000660335   0.0009757187  -0.0009725497  -0.0008778628  -0.0032179508
       -0.0166994344  -0.0208719256  -0.0432262088  -0.0006840546  -0.0025116582
       -0.0000004853  -0.0000037186  -0.0000097041  -0.0000475672   0.0000280780
        0.0000322731   0.0000593332   0.0000091959   0.0000100986   0.0001009759
        0.0001283165   0.0001322956   0.0000553285   0.0000192530  -0.0000476171
       -0.0005373958   0.0002135163   0.0004118316  -0.0000304051   0.0000542941
       -0.0000037522  -0.0043446627  -0.0037858610  -0.0006238832   0.0007105514
        0.0005039582  -0.0003237727  -0.0015579754   0.0171140565   0.0220785816
        0.0503523591   0.0038367304   0.0030415300   0.0007401779   0.0001739845
       -0.0005258869
        0.0000666070   0.0000372046   0.0000209175   0.0001679388   0.0000504215
        0.0000246274   0.0008622663   0.0006763162   0.0002494393  -0.0042885723
       -0.0137463259  -0.0160415582  -0.0002752950  -0.1247140135  -0.1120904148
        0.0000035998   0.0000014256  -0.0000094213  -0.0000290508   0.0000519080
        0.0000410483   0.0000204548  -0.0000188085  -0.0000008395   0.0001383911
        0.0000372276   0.0000797611   0.0000089409  -0.0000443872  -0.0000111591
       -0.0002750142   0.0004145213   0.0002166950  -0.0000432377  -0.0000703087
        0.0000574299  -0.0039682740  -0.0022877992  -0.0002098180   0.0004574251
        0.0000656009  -0.0003839715   0.0031629109  -0.0143308117  -0.0187194112
        0.0038367304   0.1439887441   0.1320210946   0.0001541789   0.0098890848
        0.0147555804
        0.0000552129  -0.0000023888   0.0000009896   0.0001564265   0.0001169020
        0.0000045984   0.0003173685   0.0003054519   0.0002244657  -0.0026442957
       -0.0033770018  -0.0015114864  -0.0022781624  -0.1120093108  -0.2031381594
       -0.0000097214   0.0000090788  -0.0000418022  -0.0000318468   0.0000408092
        0.0000670689   0.0000115612  -0.0000035443   0.0000030876   0.0001192828
        0.0000720187   0.0000352273   0.0000399066   0.0000112402   0.0000214893
       -0.0004077685   0.0002172157   0.0004419603  -0.0000178131  -0.0000524268
       -0.0003320102  -0.0004830099  -0.0003803447   0.0012680462   0.0002713512
        0.0004242123   0.0007594147   0.0012892166  -0.0023415259  -0.0019303535
        0.0030415300   0.1320210946   0.2328233123   0.0005707618  -0.0150514804
       -0.0286958487
        0.0000151784   0.0000654403  -0.0000228230  -0.0000485137  -0.0000013237
       -0.0000682233   0.0009656267  -0.0009748637   0.0008716570  -0.0032394849
       -0.0165645062   0.0209826289  -0.0432482584  -0.0008397174   0.0027749952
       -0.0000475246   0.0000292302  -0.0000317481   0.0000006296  -0.0000037558
        0.0000091808   0.0000585037   0.0000094762  -0.0000093791   0.0000534391
        0.0000176977   0.0000472425   0.0001014897   0.0001286080  -0.0001307523
       -0.0000284427   0.0000526310  -0.0000043538  -0.0005373048   0.0002236278
       -0.0004035329   0.0007253060   0.0005067789   0.0003300496  -0.0043408445
       -0.0037719992   0.0006453290  -0.0015239893   0.0169403403  -0.0222123012
        0.0007401779   0.0001541789   0.0005707618   0.0503540117   0.0040281569
       -0.0033487310
        0.0000657637   0.0000367084  -0.0000210405   0.0001646250   0.0000503641
       -0.0000233095   0.0008457326   0.0006665090  -0.0002518341  -0.0042964158
       -0.0136413586   0.0161055924  -0.0004203525  -0.1229665461   0.1114654541
       -0.0000282189   0.0000518081  -0.0000408376   0.0000039018   0.0000016657
        0.0000085427   0.0000197245  -0.0000191549   0.0000011917   0.0000075219
       -0.0000451432   0.0000113339   0.0001374587   0.0000375451  -0.0000781691
       -0.0000410846  -0.0000748480  -0.0000602796  -0.0002637261   0.0004137051
       -0.0002113402   0.0004577343   0.0000691255   0.0003946841  -0.0039811191
       -0.0022871644   0.0002393277   0.0031263130  -0.0141673704   0.0188191503
        0.0001739845   0.0098890848  -0.0150514804   0.0040281569   0.1419850698
       -0.1313069861
       -0.0000558221   0.0000023339   0.0000007243  -0.0001560170  -0.0001161954
        0.0000074126  -0.0003165708  -0.0003008492   0.0002115628   0.0026458646
        0.0034326010  -0.0016149974   0.0025485797   0.1114160764  -0.2048696114
        0.0000320843  -0.0000410764   0.0000674281   0.0000092490  -0.0000088919
       -0.0000400689  -0.0000117291   0.0000033108   0.0000034616  -0.0000383440
       -0.0000088350   0.0000218925  -0.0001196893  -0.0000737118   0.0000347720
        0.0000094580   0.0000548982  -0.0003211919   0.0004162368  -0.0002219093
        0.0004425972  -0.0002780860  -0.0004314793   0.0007790767   0.0005022218
        0.0003815335   0.0012654373  -0.0013128181   0.0024636003  -0.0021320008
       -0.0005258869   0.0147555804  -0.0286958487  -0.0033487310  -0.1313069861
        0.2348393540
