           1           2   1.01920822312846     
           2           3   1.00802724144495     
           3           4   1.00802792510320     
           4           5   1.01920726079943     
           1           6  0.988000576108909     
           1           7  0.988027606868931     
           1           8  0.987568056380934     
           2           9  0.978628840760293     
           2          10  0.978646377543509     
           3          11  0.977558877528332     
           3          12  0.977523860646398     
           4          13  0.978620131050974     
           4          14  0.978655565282470     
           5          15  0.987568378163356     
           5          16  0.988002609810690     
           5          17  0.988026153292538     
