$hessian                                                                        
        0.4788598673   0.0303587590   0.0016877437  -0.1594933362   0.0637075280
        0.0033212343  -0.0291225599   0.0094225804   0.0007301948  -0.0038630161
       -0.0029570981   0.0000256113  -0.0010962719   0.0006932702   0.0000148209
       -0.0003083070  -0.0002299813   0.0000022564  -0.0001081343   0.0000615037
       -0.0000017894  -0.0000497945  -0.0000188708  -0.0000003465  -0.0436082664
        0.0053078708  -0.0089163636  -0.1903487102  -0.1178175962  -0.0005965185
       -0.0431591406   0.0009673926   0.0033422734  -0.0041857226   0.0041646272
        0.0021508692  -0.0050447606   0.0048691866  -0.0018049837   0.0007596428
        0.0008651754   0.0002808846   0.0007506912   0.0008061456  -0.0002351644
       -0.0000236000  -0.0001233439  -0.0001558917  -0.0000152828  -0.0001342392
        0.0001541358   0.0000042388   0.0000603855   0.0000475339   0.0000002232
        0.0000538882  -0.0000486688   0.0000249001  -0.0000402681  -0.0000386721
        0.0000244994  -0.0000389296   0.0000400870   0.0000056248   0.0000128225
        0.0000135902   0.0000058033   0.0000120469  -0.0000135034   0.0000061200
       -0.0000041521  -0.0000056651  -0.0000204452   0.0000049752  -0.0000002121
        0.0000057371  -0.0000036785   0.0000065437
        0.0303587590   0.5061400210  -0.0010932241   0.0628143696  -0.1064252250
       -0.0021305121  -0.0117863931   0.0075689428   0.0003727273  -0.0027424613
       -0.0014131957   0.0000151987  -0.0007534908   0.0005287141   0.0000027714
       -0.0002201428  -0.0001622661   0.0000008171  -0.0000640834   0.0000696509
       -0.0000019163  -0.0000188710  -0.0000122287   0.0000001185   0.0057228547
       -0.1299727696   0.1136225839  -0.1180838613  -0.1355263861  -0.0003307155
        0.0013754796  -0.1177000303  -0.1093359963   0.0169218106  -0.0118406647
       -0.0033689441   0.0181246406  -0.0128060575   0.0021817421  -0.0008380783
        0.0006792581   0.0003907510  -0.0008462150   0.0006697256  -0.0003288072
       -0.0000594020   0.0000562879   0.0001370379  -0.0000603213   0.0000579554
       -0.0001359185   0.0000724443   0.0000382998  -0.0000003722   0.0000691566
        0.0000380164   0.0000025260   0.0000031172   0.0000032285   0.0000112078
        0.0000038379   0.0000015825  -0.0000118048   0.0000123283  -0.0000010687
       -0.0000053482   0.0000116606   0.0000000601   0.0000068859   0.0000021691
        0.0000059215   0.0000036114  -0.0000213101  -0.0000027743   0.0000001243
        0.0000020023   0.0000050021  -0.0000045441
        0.0016877437  -0.0010932241   0.5232108006   0.0033666531  -0.0021653001
       -0.0682271077   0.0002347496  -0.0000276536   0.0004553213  -0.0000259991
        0.0000033698   0.0003206307  -0.0000041754  -0.0000030935   0.0002015429
       -0.0000003949   0.0000006615   0.0000139103   0.0000001546   0.0000003885
        0.0000111071   0.0000004504  -0.0000000717   0.0000026548  -0.0091397577
        0.1137074148  -0.1977020334  -0.0006038065  -0.0003431876  -0.0452724911
        0.0035696634  -0.1093782497  -0.2103515509   0.0215100989  -0.0157063201
       -0.0025306409  -0.0204994940   0.0150041939  -0.0007621562  -0.0007723088
        0.0002558778   0.0003345698   0.0006719934  -0.0002590528   0.0002570257
       -0.0001166460   0.0000490180   0.0000311987   0.0001185297  -0.0000434379
        0.0000285834   0.0000220874   0.0000168249  -0.0000033460  -0.0000207934
       -0.0000196502  -0.0000056025  -0.0000122275  -0.0000081181  -0.0000018138
        0.0000132357   0.0000099037  -0.0000023949   0.0000024311  -0.0000014771
       -0.0000039605  -0.0000020909   0.0000004283  -0.0000040315  -0.0000015048
       -0.0000029694   0.0000003206   0.0000000348  -0.0000002464  -0.0000003058
        0.0000013731   0.0000039712  -0.0000002307
       -0.1594933362   0.0628143696   0.0033666531   0.4556419961  -0.0056742637
        0.0014573671  -0.1413480769  -0.0652111528  -0.0002805471  -0.0281500643
       -0.0112935836   0.0001093044  -0.0038834360   0.0025054270   0.0000630387
       -0.0009825361  -0.0007416744   0.0000131033  -0.0002940166   0.0001978189
       -0.0000064645  -0.0001081107  -0.0000640975   0.0000000752  -0.0043872870
        0.0049639677  -0.0025802794  -0.0262430737   0.0122304136   0.0008154329
       -0.0035500689   0.0042916296   0.0029050317  -0.0411325359   0.0005596187
        0.0009881498  -0.0413859123   0.0045556751  -0.0066558994  -0.0032820479
       -0.0039856510  -0.0021161202  -0.0027693971  -0.0036754380   0.0019366525
        0.0007330225  -0.0008081356  -0.0002902024   0.0007157021  -0.0008291831
        0.0002692785  -0.0000471903   0.0001158307   0.0001189704  -0.0000682356
        0.0000826782  -0.0001128295   0.0000055029  -0.0000500254  -0.0000370354
        0.0000072245  -0.0000504677   0.0000387633   0.0000186670   0.0000365812
        0.0000290685   0.0000183863   0.0000343350  -0.0000307008   0.0000078943
       -0.0000119810  -0.0000104497  -0.0000306077   0.0000181189  -0.0000015154
        0.0000075374  -0.0000108102   0.0000111543
        0.0637075280  -0.1064252250  -0.0021653001  -0.0056742637   0.4992150274
       -0.0007199801  -0.0641516134  -0.1145838087  -0.0000118291   0.0091038622
        0.0073792312   0.0000407401   0.0025923236  -0.0012155695  -0.0000281737
        0.0006768666   0.0006221481  -0.0000037210   0.0001978983  -0.0001869707
        0.0000062130   0.0000615050   0.0000696664  -0.0000006287   0.0175972843
       -0.0134263919   0.0026760700  -0.0142321860   0.0087137055   0.0004780355
        0.0163038918  -0.0124521545  -0.0039028128   0.0000597154  -0.1146619543
       -0.1035581484   0.0040879998  -0.1253189091   0.1072967952  -0.0159090388
       -0.0141299741  -0.0036453713  -0.0164740901  -0.0148084917   0.0035398198
        0.0010216775   0.0005308833   0.0002079695   0.0010945914   0.0005524100
       -0.0002164104   0.0000063980   0.0000549349   0.0001334275   0.0000120398
        0.0000591649  -0.0001271589  -0.0000560613   0.0000058553  -0.0000356261
       -0.0000537900   0.0000061893   0.0000355823  -0.0000054705   0.0000089540
        0.0000170985  -0.0000056070   0.0000081571  -0.0000180759  -0.0000077148
       -0.0000133554  -0.0000185257   0.0000542306   0.0000084955   0.0000005270
       -0.0000079766  -0.0000120176   0.0000194840
        0.0033212343  -0.0021305121  -0.0682271077   0.0014573671  -0.0007199801
        0.5395359663  -0.0002696129   0.0000155669  -0.0692587303   0.0004613883
        0.0002253806   0.0003018135   0.0000650216  -0.0000601268   0.0002965576
        0.0000236680   0.0000213585   0.0002079286   0.0000060446  -0.0000059508
        0.0000156547   0.0000017143   0.0000018426   0.0000111374  -0.0209491850
        0.0149229880  -0.0006317569   0.0000942042   0.0000034165   0.0003271781
        0.0219406569  -0.0157100512  -0.0025122424   0.0007088924  -0.1033696015
       -0.2036392870  -0.0063733852   0.1071548352  -0.1925945063  -0.0200445569
       -0.0176167029  -0.0021890932   0.0195809811   0.0172421282  -0.0019650212
        0.0008301377   0.0001707582   0.0001861864  -0.0008427154  -0.0001550564
        0.0001676539   0.0000714084   0.0000266350   0.0000080895  -0.0000816246
       -0.0000182580   0.0000117018  -0.0000121194   0.0000041551  -0.0000111410
        0.0000085460  -0.0000037068  -0.0000137771   0.0000089857  -0.0000119260
       -0.0000066019  -0.0000081280   0.0000132482  -0.0000079829   0.0000010095
       -0.0000045314  -0.0000048965   0.0000021069   0.0000005903  -0.0000022186
       -0.0000020398   0.0000035007  -0.0000055046
       -0.0291225599  -0.0117863931   0.0002347496  -0.1413480769  -0.0641516134
       -0.0002696129   0.4536568331  -0.0018158783   0.0008510100  -0.1502770392
        0.0622061481   0.0014613555  -0.0282939575   0.0089335866   0.0002354162
       -0.0035400177  -0.0027625472   0.0000568138  -0.0009828349   0.0006766736
       -0.0000246534  -0.0003083088  -0.0002202123   0.0000015079   0.0009601392
       -0.0008557146   0.0002907822  -0.0049587678   0.0023304187   0.0001563042
        0.0009687901  -0.0008324586  -0.0003676390  -0.0034991745  -0.0042828371
       -0.0022301108  -0.0027878826  -0.0037931712   0.0021565511  -0.0413038725
        0.0017486064   0.0023332307  -0.0414911148   0.0038584909  -0.0051010021
       -0.0042898387   0.0043627637   0.0024281684  -0.0047658657   0.0047923583
       -0.0022665386   0.0007858995   0.0009126938   0.0003004236   0.0007621873
        0.0007878884  -0.0002454565  -0.0000507366  -0.0000917559  -0.0001082684
       -0.0000492396  -0.0000980067   0.0001111505  -0.0000010327   0.0000424139
        0.0000319355  -0.0000014514   0.0000389807  -0.0000340680   0.0000251034
       -0.0000311362  -0.0000247251  -0.0001107328   0.0000593315  -0.0000043574
        0.0000235520  -0.0000286301   0.0000270329
        0.0094225804   0.0075689428  -0.0000276536  -0.0652111528  -0.1145838087
        0.0000155669  -0.0018158783   0.4977933790  -0.0008021777   0.0620055700
       -0.1051131093  -0.0009970006  -0.0115157347   0.0073375963   0.0001313128
       -0.0027624459  -0.0015828427   0.0000159551  -0.0007416334   0.0006219458
       -0.0000218168  -0.0002299403  -0.0001623011   0.0000000609   0.0009887404
        0.0006882859  -0.0002967710   0.0037710167  -0.0007740292  -0.0001146042
        0.0009984318   0.0006628969   0.0002828239  -0.0157479189  -0.0140151052
       -0.0035368347  -0.0165358027  -0.0149940943   0.0035440783   0.0018579526
       -0.1163738699  -0.1036779775   0.0039241932  -0.1224985457   0.1059974242
        0.0165443551  -0.0126283334  -0.0036669591   0.0171414292  -0.0131969809
        0.0031138285  -0.0010562631   0.0005840025   0.0002862444  -0.0009839219
        0.0005132069  -0.0002418981  -0.0000274832   0.0000515726   0.0001198792
       -0.0000166642   0.0000432651  -0.0001213221   0.0000527503   0.0000136752
       -0.0000286208   0.0000493134   0.0000154507   0.0000295126   0.0000105625
        0.0000118591   0.0000181414  -0.0001333805   0.0000058602  -0.0000019112
        0.0000113242   0.0000110815  -0.0000192805
        0.0007301948   0.0003727273   0.0004553213  -0.0002805471  -0.0000118291
       -0.0692587303   0.0008510100  -0.0008021777   0.5384640915   0.0016603452
       -0.0010498186  -0.0688965795   0.0000992455  -0.0000558695   0.0003049574
       -0.0000603911  -0.0000209134   0.0002977011  -0.0000146382   0.0000049155
        0.0002077277  -0.0000027128  -0.0000010257   0.0000138591  -0.0008499618
       -0.0002487785   0.0002195199   0.0001787002  -0.0000813907   0.0005459619
        0.0008912112   0.0003116887   0.0002132071  -0.0201589628  -0.0176264217
       -0.0020757012   0.0194028793   0.0172245489  -0.0018406341   0.0024080941
       -0.1038157762  -0.2005992837  -0.0052251354   0.1061007344  -0.1944570813
        0.0211994614  -0.0160259453  -0.0024258394  -0.0207211171   0.0157196359
       -0.0015548499  -0.0008836075   0.0001225188   0.0002283881   0.0007706810
       -0.0001198225   0.0001504095  -0.0000794506   0.0000234122   0.0000050415
        0.0000852142  -0.0000180424   0.0000240043   0.0000102149   0.0000047911
       -0.0000083083  -0.0000104883  -0.0000083543  -0.0000122346  -0.0000054155
       -0.0000121483  -0.0000040550  -0.0000009706  -0.0000001397   0.0000071906
        0.0000061471   0.0000134807  -0.0000040835
       -0.0038630161  -0.0027424613  -0.0000259991  -0.0281500643   0.0091038622
        0.0004613883  -0.1502770392   0.0620055700   0.0016603452   0.4530088178
       -0.0015950046   0.0007175346  -0.1410270181  -0.0647219609  -0.0000422569
       -0.0282868598  -0.0115175905  -0.0001233349  -0.0038836858   0.0025919706
       -0.0000700920  -0.0010961597  -0.0007537430   0.0000075067  -0.0000395850
       -0.0001573000   0.0001417307  -0.0012515286   0.0006564248   0.0000444350
       -0.0000437210  -0.0001526826  -0.0001489077   0.0007590146   0.0008182918
        0.0002609060   0.0007814024   0.0008891710  -0.0002702504  -0.0043635205
        0.0044291843   0.0024277340  -0.0047050265   0.0047002392  -0.0022608899
       -0.0412277285   0.0019070745   0.0023576732  -0.0412900394   0.0036829212
       -0.0050513479  -0.0029446520  -0.0037746133  -0.0021640857  -0.0031629339
       -0.0039821203   0.0020476879   0.0007671316  -0.0008323025  -0.0002688555
        0.0007590842  -0.0008301087   0.0003119700  -0.0000562425   0.0000930251
        0.0000964040  -0.0000688951   0.0000710444  -0.0000999053   0.0000122312
       -0.0000554064  -0.0000352553  -0.0003615451   0.0002184946  -0.0000133256
        0.0000115791  -0.0000519795   0.0000391905
       -0.0029570981  -0.0014131957   0.0000033698  -0.0112935836   0.0073792312
        0.0002253806   0.0622061481  -0.1051131093  -0.0010498186  -0.0015950046
        0.4970863221  -0.0001291520  -0.0647200271  -0.1140458302  -0.0000459869
        0.0089322392   0.0073391223   0.0000668952   0.0025053357  -0.0012149763
        0.0000613356   0.0006931910   0.0005288228   0.0000007295  -0.0000135144
        0.0000450625  -0.0001081607  -0.0010197959   0.0004211158   0.0000291842
       -0.0000008462   0.0000368234   0.0001098090  -0.0010043265   0.0005037642
        0.0002665436  -0.0010819381   0.0005570773  -0.0002503229   0.0164932937
       -0.0126357191  -0.0036741094   0.0171563862  -0.0130845989   0.0030518278
        0.0019014051  -0.1169416459  -0.1039776318   0.0037531415  -0.1219050607
        0.1055315741  -0.0162309502  -0.0145167935  -0.0036245885  -0.0160413856
       -0.0142512315   0.0034884043   0.0009937687   0.0005631032   0.0002529811
        0.0010729440   0.0005626837  -0.0002345024   0.0000261014   0.0000657482
        0.0001276132   0.0000246872   0.0000591869  -0.0001268516  -0.0000518988
        0.0000137966  -0.0000328597   0.0003007744  -0.0000550318   0.0000071166
       -0.0000490471   0.0000153328   0.0000312198
        0.0000256113   0.0000151987   0.0003206307   0.0001093044   0.0000407401
        0.0003018135   0.0014613555  -0.0009970006  -0.0688965795   0.0007175346
       -0.0001291520   0.5379183079  -0.0000981615  -0.0000537878  -0.0687856664
       -0.0002385562  -0.0001351372   0.0003043756  -0.0000574648   0.0000262042
        0.0002968499  -0.0000131837  -0.0000021595   0.0002016319   0.0000699329
       -0.0000173295   0.0000063582   0.0000106066  -0.0000039802   0.0002143670
       -0.0000710040   0.0000190393   0.0000244122  -0.0008239938   0.0001168521
        0.0001883536   0.0008250314  -0.0001256629   0.0001946865   0.0211941889
       -0.0160264738  -0.0024584581  -0.0207084343   0.0156016043  -0.0014845476
        0.0024268090  -0.1040302821  -0.2000149014  -0.0050452755   0.1057153439
       -0.1947523122  -0.0196379308  -0.0173153791  -0.0020021186   0.0199185234
        0.0173309396  -0.0019896960   0.0007871239   0.0001608673   0.0002078404
       -0.0008444582  -0.0001994557   0.0001705744   0.0000787331   0.0000307680
        0.0000147391  -0.0000837949  -0.0000217628   0.0000171195  -0.0000087546
        0.0000075419  -0.0000013587  -0.0000016889   0.0000038947   0.0000067574
        0.0000079461  -0.0000114308  -0.0000031795
       -0.0010962719  -0.0007534908  -0.0000041754  -0.0038834360   0.0025923236
        0.0000650216  -0.0282939575  -0.0115157347   0.0000992455  -0.1410270181
       -0.0647200271  -0.0000981615   0.4530419744  -0.0015946075  -0.0007944888
       -0.1502895069   0.0620002619  -0.0016386179  -0.0281553748   0.0090982446
       -0.0004488207  -0.0038624032  -0.0027426165   0.0000364465   0.0000118285
       -0.0000547969   0.0000355176  -0.0003614642   0.0002186220   0.0000129493
        0.0000119639  -0.0000526253  -0.0000389663  -0.0000688426   0.0000709850
        0.0000998733  -0.0000564052   0.0000929266  -0.0000964494   0.0007599237
       -0.0008361246  -0.0003150944   0.0007650679  -0.0008274700   0.0002663637
       -0.0031506320  -0.0039669816  -0.0020535041  -0.0029565306  -0.0037888289
        0.0021583729  -0.0412968407   0.0037394028   0.0051601901  -0.0412240912
        0.0018560813  -0.0022598280  -0.0046967662   0.0046915695   0.0022682567
       -0.0043757425   0.0044386783  -0.0024212077   0.0007812334   0.0008910069
        0.0002687530   0.0007583568   0.0008173092  -0.0002624579  -0.0000375487
       -0.0001609964  -0.0001413396  -0.0012516512   0.0006558843  -0.0000469038
       -0.0000458648  -0.0001489956   0.0001490256
        0.0006932702   0.0005287141  -0.0000030935   0.0025054270  -0.0012155695
       -0.0000601268   0.0089335866   0.0073375963  -0.0000558695  -0.0647219609
       -0.1140458302  -0.0000537878  -0.0015946075   0.4970666898   0.0000910420
        0.0622044127  -0.1051023567   0.0010332311  -0.0112986011   0.0073774912
       -0.0002188790  -0.0029574561  -0.0014140418   0.0000037416  -0.0000513205
        0.0000140139   0.0000330253   0.0003007557  -0.0000551345  -0.0000073879
       -0.0000496299   0.0000151096  -0.0000310544   0.0000250314   0.0000595410
        0.0001265874   0.0000257737   0.0000654000  -0.0001277831   0.0010766928
        0.0005652732   0.0002360698   0.0009917475   0.0005607638  -0.0002517604
       -0.0160083471  -0.0142192528  -0.0035149102  -0.0162646581  -0.0145453245
        0.0035964466   0.0038122418  -0.1216058699  -0.1054378301   0.0018473491
       -0.1172375171   0.1040831358   0.0171621934  -0.0130870426  -0.0030607800
        0.0164900821  -0.0126262461   0.0036636105  -0.0010792594   0.0005577228
        0.0002514150  -0.0010082347   0.0005030391  -0.0002655704  -0.0000126717
        0.0000451656   0.0001084776  -0.0010200851   0.0004209005  -0.0000285589
       -0.0000017320   0.0000367650  -0.0001093905
        0.0000148209   0.0000027714   0.0002015429   0.0000630387  -0.0000281737
        0.0002965576   0.0002354162   0.0001313128   0.0003049574  -0.0000422569
       -0.0000459869  -0.0687856664  -0.0007944888   0.0000910420   0.5379092862
       -0.0014330195   0.0009799013  -0.0688960415  -0.0000906703  -0.0000514647
        0.0003022190  -0.0000193546  -0.0000153861   0.0003206395   0.0000088547
       -0.0000079616  -0.0000016121   0.0000017302  -0.0000034802   0.0000067334
       -0.0000077787   0.0000109953  -0.0000029480   0.0000834066   0.0000220637
        0.0000162280  -0.0000791301  -0.0000304966   0.0000157332   0.0008499937
        0.0002002203   0.0001742924  -0.0007828058  -0.0001602656   0.0002046323
       -0.0199416234  -0.0173482539  -0.0020326384   0.0196166294   0.0172941248
       -0.0019584248   0.0051517700  -0.1056134933  -0.1950469809  -0.0023312257
        0.1041443484  -0.1997157876   0.0207039671  -0.0156016083  -0.0014911612
       -0.0212035947   0.0160188746  -0.0024506113  -0.0008233385   0.0001240995
        0.0001974163   0.0008264299  -0.0001184339   0.0001862832  -0.0000688283
        0.0000182994   0.0000058656  -0.0000100854   0.0000049211   0.0002144533
        0.0000721433  -0.0000179701   0.0000250318
       -0.0003083070  -0.0002201428  -0.0000003949  -0.0009825361   0.0006768666
        0.0000236680  -0.0035400177  -0.0027624459  -0.0000603911  -0.0282868598
        0.0089322392  -0.0002385562  -0.1502895069   0.0622044127  -0.0014330195
        0.4536273515  -0.0018280300  -0.0007992779  -0.1413213744  -0.0641552855
        0.0004102534  -0.0291195710  -0.0117927582  -0.0001722937   0.0000248691
       -0.0000307881   0.0000248412  -0.0001107121   0.0000593861   0.0000042786
        0.0000237867  -0.0000289664  -0.0000269464  -0.0000014990   0.0000389418
        0.0000340711  -0.0000009902   0.0000424377  -0.0000319632  -0.0000487611
       -0.0000992158  -0.0001116017  -0.0000510915  -0.0000906500   0.0001078973
        0.0007626890   0.0007877126   0.0002473738   0.0007866174   0.0009118399
       -0.0002978785  -0.0047765064   0.0047991816   0.0022635120  -0.0042842360
        0.0043590429  -0.0024322439  -0.0414807492   0.0037947901   0.0049850271
       -0.0413122110   0.0018331249  -0.0024813218  -0.0027888895  -0.0037937355
       -0.0021518257  -0.0034909527  -0.0042791464   0.0022348874   0.0009677770
       -0.0008689510  -0.0002933654  -0.0049596179   0.0023288942  -0.0001687740
        0.0009612990  -0.0008187547   0.0003640440
       -0.0002299813  -0.0001622661   0.0000006615  -0.0007416744   0.0006221481
        0.0000213585  -0.0027625472  -0.0015828427  -0.0000209134  -0.0115175905
        0.0073391223  -0.0001351372   0.0620002619  -0.1051023567   0.0009799013
       -0.0018280300   0.4978100587   0.0007923529  -0.0652133054  -0.1146046829
        0.0000918445   0.0094145000   0.0075680971   0.0000016510   0.0000103934
        0.0000118629  -0.0000183647  -0.0001333819   0.0000059063   0.0000023732
        0.0000115036   0.0000110992   0.0000190611   0.0000494188   0.0000153167
       -0.0000293912   0.0000526615   0.0000137944   0.0000287508  -0.0000160656
        0.0000428888   0.0001215875  -0.0000280416   0.0000518930  -0.0001196829
       -0.0009863484   0.0005125310   0.0002411502  -0.0010519880   0.0005844967
       -0.0002865858   0.0171236894  -0.0131776970  -0.0031156029   0.0165642026
       -0.0126471920   0.0036665160   0.0038558855  -0.1226332085  -0.1060422802
        0.0019473477  -0.1162400447   0.1036277541  -0.0165629584  -0.0150212458
       -0.0035165242  -0.0157147718  -0.0139962862   0.0035633550   0.0009971906
        0.0006973912   0.0002964210   0.0037702020  -0.0007723736   0.0001124221
        0.0009894276   0.0006535899  -0.0002826784
        0.0000022564   0.0000008171   0.0000139103   0.0000131033  -0.0000037210
        0.0002079286   0.0000568138   0.0000159551   0.0002977011  -0.0001233349
        0.0000668952   0.0003043756  -0.0016386179   0.0010332311  -0.0688960415
       -0.0007992779   0.0007923529   0.5384711676   0.0003769206   0.0001057162
       -0.0692599813  -0.0007216670  -0.0003951701   0.0004569689   0.0000053255
        0.0000121662  -0.0000039849   0.0000009947   0.0000001420   0.0000072250
       -0.0000062423  -0.0000135028  -0.0000040283   0.0000104972   0.0000084183
       -0.0000121155  -0.0000102180  -0.0000047741  -0.0000083926  -0.0000844572
        0.0000181751   0.0000237611   0.0000801368  -0.0000233733   0.0000053917
       -0.0007730950   0.0001211738   0.0001492287   0.0008800626  -0.0001211656
        0.0002292558   0.0207415053  -0.0157249013  -0.0015649968  -0.0211811516
        0.0160207371  -0.0024156296   0.0051153527  -0.1061451397  -0.1943203178
       -0.0025504601   0.1037651248  -0.2007431326  -0.0193727751  -0.0172031020
       -0.0017973409   0.0201803126   0.0176549167  -0.0021204180   0.0008544719
        0.0002497608   0.0002241527  -0.0001707546   0.0000798368   0.0005466958
       -0.0008857016  -0.0003105694   0.0002086170
       -0.0001081343  -0.0000640834   0.0000001546  -0.0002940166   0.0001978983
        0.0000060446  -0.0009828349  -0.0007416334  -0.0000146382  -0.0038836858
        0.0025053357  -0.0000574648  -0.0281553748  -0.0112986011  -0.0000906703
       -0.1413213744  -0.0652133054   0.0003769206   0.4556569772  -0.0056931064
       -0.0013859141  -0.1595263313   0.0627968824  -0.0034559741   0.0000078710
       -0.0000118256   0.0000104360  -0.0000306066   0.0000181297   0.0000013603
        0.0000075559  -0.0000109679  -0.0000111796   0.0000184077   0.0000344073
        0.0000305745   0.0000186619   0.0000364978  -0.0000292008   0.0000074009
       -0.0000507460  -0.0000386652   0.0000053313  -0.0000497745   0.0000371019
       -0.0000682479   0.0000829609   0.0001129399  -0.0000472507   0.0001154226
       -0.0001187457   0.0007145597  -0.0008241272  -0.0002674896   0.0007333579
       -0.0008139794   0.0002924722  -0.0027895252  -0.0036960567  -0.0019290513
       -0.0032543068  -0.0039597139   0.0021222889  -0.0413867880   0.0045304485
        0.0066199733  -0.0411295645   0.0006284836  -0.0010688579  -0.0043178937
        0.0049292221   0.0025796468  -0.0262461434   0.0122224931  -0.0008109897
       -0.0036280447   0.0043297388  -0.0029110721
        0.0000615037   0.0000696509   0.0000003885   0.0001978189  -0.0001869707
       -0.0000059508   0.0006766736   0.0006219458   0.0000049155   0.0025919706
       -0.0012149763   0.0000262042   0.0090982446   0.0073774912  -0.0000514647
       -0.0641552855  -0.1146046829   0.0001057162  -0.0056931064   0.4992063679
        0.0008260678   0.0636918986  -0.1063898756   0.0022103014  -0.0000076477
       -0.0000131462   0.0000186569   0.0000542223   0.0000084915  -0.0000007518
       -0.0000080425  -0.0000122494  -0.0000193679  -0.0000055218   0.0000082261
        0.0000180028  -0.0000055497   0.0000089073  -0.0000171698  -0.0000539140
        0.0000062567  -0.0000355153  -0.0000559396   0.0000057956   0.0000357184
        0.0000116668   0.0000587990   0.0001272428   0.0000068031   0.0000553342
       -0.0001332986   0.0010930862   0.0005494234   0.0002140700   0.0010244045
        0.0005340349  -0.0002099785  -0.0164905258  -0.0148375524  -0.0035155937
       -0.0158883605  -0.0141046861   0.0036675384   0.0040751708  -0.1256920912
       -0.1074260706   0.0001164317  -0.1143021626   0.1033895608   0.0177179750
       -0.0135238862  -0.0026619422  -0.0142365763   0.0087103338  -0.0004700093
        0.0161825993  -0.0123387787   0.0039027295
       -0.0000017894  -0.0000019163   0.0000111071  -0.0000064645   0.0000062130
        0.0000156547  -0.0000246534  -0.0000218168   0.0002077277  -0.0000700920
        0.0000613356   0.0002968499  -0.0004488207  -0.0002188790   0.0003022190
        0.0004102534   0.0000918445  -0.0692599813  -0.0013859141   0.0008260678
        0.5395274101  -0.0034093218   0.0021728996  -0.0682325929  -0.0000011228
        0.0000043979  -0.0000047472  -0.0000020335  -0.0000003784  -0.0000020894
        0.0000019950  -0.0000035724  -0.0000054728   0.0000080733  -0.0000133203
       -0.0000079669  -0.0000089564   0.0000118621  -0.0000064412  -0.0000084012
        0.0000037471  -0.0000137444   0.0000121443  -0.0000041237  -0.0000112188
        0.0000818747   0.0000179246   0.0000123562  -0.0000711898  -0.0000268674
        0.0000073366   0.0008387474   0.0001555125   0.0001640836  -0.0008348507
       -0.0001707970   0.0001898210  -0.0195618392  -0.0172327375  -0.0019325194
        0.0200585321   0.0176293080  -0.0022220187   0.0063345829  -0.1072754088
       -0.1922271940  -0.0007922095   0.1032103746  -0.2039922880   0.0208485213
       -0.0148684378  -0.0006029986   0.0000765702  -0.0000975440   0.0003340676
       -0.0220436358   0.0157443121  -0.0025473598
       -0.0000497945  -0.0000188710   0.0000004504  -0.0001081107   0.0000615050
        0.0000017143  -0.0003083088  -0.0002299403  -0.0000027128  -0.0010961597
        0.0006931910  -0.0000131837  -0.0038624032  -0.0029574561  -0.0000193546
       -0.0291195710   0.0094145000  -0.0007216670  -0.1595263313   0.0636918986
       -0.0034093218   0.4788382478   0.0303458814  -0.0016901908   0.0000060612
       -0.0000040624   0.0000056244  -0.0000204459   0.0000049649   0.0000001514
        0.0000057884  -0.0000037983  -0.0000065907   0.0000058025   0.0000120573
        0.0000134431   0.0000056242   0.0000127917  -0.0000136519   0.0000245308
       -0.0000390884  -0.0000401080   0.0000248608  -0.0000401366   0.0000386563
        0.0000004029   0.0000539608   0.0000487997   0.0000040239   0.0000602741
       -0.0000474284  -0.0000172730  -0.0001326837  -0.0001539020  -0.0000214630
       -0.0001250708   0.0001562921   0.0007497790   0.0008074448   0.0002353733
        0.0007612892   0.0008631579  -0.0002803393  -0.0050191095   0.0048708151
        0.0017854253  -0.0042218092   0.0041656436  -0.0021720241  -0.0435311233
        0.0049468566   0.0082899621  -0.1903253660  -0.1178077804   0.0020045781
       -0.0431991414   0.0013539455  -0.0040099953
       -0.0000188708  -0.0000122287  -0.0000000717  -0.0000640975   0.0000696664
        0.0000018426  -0.0002202123  -0.0001623011  -0.0000010257  -0.0007537430
        0.0005288228  -0.0000021595  -0.0027426165  -0.0014140418  -0.0000153861
       -0.0117927582   0.0075680971  -0.0003951701   0.0627968824  -0.1063898756
        0.0021728996   0.0303458814   0.5061599929   0.0010669503   0.0000020294
        0.0000060505  -0.0000036669  -0.0000213119  -0.0000027869  -0.0000000364
        0.0000021502   0.0000048624   0.0000045028   0.0000117020   0.0000000554
       -0.0000069275   0.0000122882  -0.0000010422   0.0000053020   0.0000038496
        0.0000014425   0.0000117927   0.0000031040   0.0000033270  -0.0000112118
        0.0000689098   0.0000379247  -0.0000025523   0.0000726618   0.0000384246
        0.0000003746  -0.0000600762   0.0000579190   0.0001357934  -0.0000596684
        0.0000561493  -0.0001372366  -0.0008572463   0.0006701571   0.0003274668
       -0.0008258597   0.0006783905  -0.0003910290   0.0181803218  -0.0128513600
       -0.0021653091   0.0168677511  -0.0117818856   0.0033780293   0.0053539687
       -0.1315826615  -0.1140865813  -0.1180742859  -0.1355269941   0.0014245562
        0.0017692461  -0.1161561047   0.1086888535
       -0.0000003465   0.0000001185   0.0000026548   0.0000000752  -0.0000006287
        0.0000111374   0.0000015079   0.0000000609   0.0000138591   0.0000075067
        0.0000007295   0.0002016319   0.0000364465   0.0000037416   0.0003206395
       -0.0001722937   0.0000016510   0.0004569689  -0.0034559741   0.0022103014
       -0.0682325929  -0.0016901908   0.0010669503   0.5232124560   0.0000013830
        0.0000028737   0.0000005707   0.0000002752   0.0000001685  -0.0000000353
       -0.0000013839  -0.0000038855  -0.0000001295   0.0000019167  -0.0000004550
       -0.0000038248  -0.0000024764   0.0000015137  -0.0000037589  -0.0000131416
       -0.0000099244  -0.0000025377   0.0000122094   0.0000079431  -0.0000017866
        0.0000204532   0.0000195979  -0.0000059099  -0.0000223983  -0.0000168093
       -0.0000030325  -0.0001186914   0.0000427868   0.0000286052   0.0001164427
       -0.0000498916   0.0000307420  -0.0006746830   0.0002594607   0.0002523557
        0.0007684327  -0.0002549205   0.0003386545   0.0204599378  -0.0149660529
       -0.0007407675  -0.0215541707   0.0157293172  -0.0025570213   0.0085158339
       -0.1141893816  -0.1961553044   0.0019988719   0.0014320136  -0.0452919212
       -0.0042355422   0.1087127212  -0.2118716532
       -0.0436082664   0.0057228547  -0.0091397577  -0.0043872870   0.0175972843
       -0.0209491850   0.0009601392   0.0009887404  -0.0008499618  -0.0000395850
       -0.0000135144   0.0000699329   0.0000118285  -0.0000513205   0.0000088547
        0.0000248691   0.0000103934   0.0000053255   0.0000078710  -0.0000076477
       -0.0000011228   0.0000060612   0.0000020294   0.0000013830   0.0510092620
       -0.0096990757   0.0106718393  -0.0004521016  -0.0170878876   0.0209884567
        0.0007549083  -0.0001934033  -0.0005694976   0.0007478329  -0.0004802326
       -0.0003491406  -0.0046274066   0.0037197226  -0.0004354292  -0.0000324853
       -0.0000522992  -0.0000119769  -0.0005301666  -0.0002551097   0.0004303321
        0.0000581006  -0.0000150106  -0.0000496938   0.0001131369  -0.0001289147
        0.0001335766   0.0000007617   0.0000030578  -0.0000086387  -0.0000482324
       -0.0000321973   0.0000385267   0.0000053573  -0.0000002818  -0.0000065510
        0.0000260900  -0.0000151726   0.0000167323  -0.0000010816   0.0000000296
       -0.0000027698  -0.0000090020  -0.0000061594   0.0000072989   0.0000018575
        0.0000002150  -0.0000017127   0.0000023020  -0.0000033583   0.0000002347
        0.0000052363  -0.0000027416   0.0000029444
        0.0053078708  -0.1299727696   0.1137074148   0.0049639677  -0.0134263919
        0.0149229880  -0.0008557146   0.0006882859  -0.0002487785  -0.0001573000
        0.0000450625  -0.0000173295  -0.0000547969   0.0000140139  -0.0000079616
       -0.0000307881   0.0000118629   0.0000121662  -0.0000118256  -0.0000131462
        0.0000043979  -0.0000040624   0.0000060505   0.0000028737  -0.0096990757
        0.1499213354  -0.1337374495  -0.0023595495  -0.0155190781   0.0191984138
       -0.0007309097   0.0098423179  -0.0138515842  -0.0004367862   0.0000386495
        0.0003644226   0.0038964187  -0.0020242392   0.0000358715   0.0000464058
       -0.0000684470  -0.0000489195   0.0002508411   0.0004219781  -0.0002089423
       -0.0000095437  -0.0000431221   0.0000115502  -0.0001424624   0.0000295577
       -0.0000767023  -0.0000027145  -0.0000036506   0.0000068587   0.0000276838
        0.0000486433  -0.0000380859   0.0000016802  -0.0000136195  -0.0000073001
       -0.0000143413   0.0000005271  -0.0000061476   0.0000009739   0.0000008561
        0.0000040839   0.0000059615   0.0000155775  -0.0000135491   0.0000002866
       -0.0000057522  -0.0000047081   0.0000111134   0.0000065211  -0.0000017379
       -0.0000033331  -0.0000010230  -0.0000018452
       -0.0089163636   0.1136225839  -0.1977020334  -0.0025802794   0.0026760700
       -0.0006317569   0.0002907822  -0.0002967710   0.0002195199   0.0001417307
       -0.0001081607   0.0000063582   0.0000355176   0.0000330253  -0.0000016121
        0.0000248412  -0.0000183647  -0.0000039849   0.0000104360   0.0000186569
       -0.0000047472   0.0000056244  -0.0000036669   0.0000005707   0.0106718393
       -0.1337374495   0.2263798292   0.0011215516   0.0023741895  -0.0018305003
       -0.0005098745   0.0159731541  -0.0286541594   0.0002753562  -0.0004239211
        0.0007642600  -0.0002894749   0.0002078285   0.0012937635  -0.0000241191
        0.0000539372  -0.0003372258  -0.0003794287  -0.0002224553   0.0004275847
        0.0000391907  -0.0000129649   0.0000162396   0.0001205339  -0.0000657218
        0.0000265103  -0.0000091951  -0.0000119529  -0.0000444529  -0.0000280926
       -0.0000360327   0.0000588078   0.0000049335   0.0000055481   0.0000082513
        0.0000115736  -0.0000059348  -0.0000026082  -0.0000039376  -0.0000066717
       -0.0000117011  -0.0000061564  -0.0000114030   0.0000169325   0.0000016868
        0.0000050929   0.0000053475  -0.0000109642  -0.0000076962   0.0000006004
        0.0000022884  -0.0000009193   0.0000002065
       -0.1903487102  -0.1180838613  -0.0006038065  -0.0262430737  -0.0142321860
        0.0000942042  -0.0049587678   0.0037710167   0.0001787002  -0.0012515286
       -0.0010197959   0.0000106066  -0.0003614642   0.0003007557   0.0000017302
       -0.0001107121  -0.0001333819   0.0000009947  -0.0000306066   0.0000542223
       -0.0000020335  -0.0000204459  -0.0000213119   0.0000002752  -0.0004521016
       -0.0023595495   0.0011215516   0.2232425590   0.1349384998   0.0005335852
       -0.0012666891  -0.0029953526  -0.0013114195   0.0005749103  -0.0004444302
        0.0001636082   0.0005470951  -0.0004383801  -0.0002050300   0.0002636413
        0.0003206455   0.0002162131   0.0002466884   0.0003047865  -0.0002034481
        0.0000296024  -0.0000242874   0.0000172821   0.0000329783  -0.0000277779
       -0.0000172137   0.0000534302   0.0000373583   0.0000215278   0.0000502060
        0.0000337614  -0.0000194008   0.0000079153   0.0000076078   0.0000140562
        0.0000090334   0.0000060723  -0.0000131684   0.0000081834  -0.0000019278
       -0.0000021208   0.0000074574  -0.0000024843   0.0000035012   0.0000024419
        0.0000111428   0.0000110447  -0.0000350084  -0.0000110512  -0.0000000076
        0.0000029655   0.0000099087  -0.0000112325
       -0.1178175962  -0.1355263861  -0.0003431876   0.0122304136   0.0087137055
        0.0000034165   0.0023304187  -0.0007740292  -0.0000813907   0.0006564248
        0.0004211158  -0.0000039802   0.0002186220  -0.0000551345  -0.0000034802
        0.0000593861   0.0000059063   0.0000001420   0.0000181297   0.0000084915
       -0.0000003784   0.0000049649  -0.0000027869   0.0000001685  -0.0170878876
       -0.0155190781   0.0023741895   0.1349384998   0.1556013586   0.0005123232
       -0.0160046292  -0.0143223630  -0.0024880818   0.0001388275   0.0005797894
        0.0002624958   0.0001519682   0.0005966308  -0.0002398596   0.0001728029
        0.0000596069   0.0002069938   0.0001765910   0.0000694927  -0.0002051255
       -0.0000807445   0.0000690367   0.0000515891  -0.0000812858   0.0000695608
       -0.0000482303   0.0000110432  -0.0000126053   0.0000029947   0.0000098592
       -0.0000117825  -0.0000008801  -0.0000154202   0.0000178969   0.0000174131
       -0.0000147644   0.0000159037  -0.0000180244   0.0000011409  -0.0000058084
       -0.0000024069   0.0000006509  -0.0000055195   0.0000038876  -0.0000031851
        0.0000067395   0.0000073291  -0.0000110490  -0.0000051434   0.0000000574
       -0.0000031814   0.0000054016  -0.0000079747
       -0.0005965185  -0.0003307155  -0.0452724911   0.0008154329   0.0004780355
        0.0003271781   0.0001563042  -0.0001146042   0.0005459619   0.0000444350
        0.0000291842   0.0002143670   0.0000129493  -0.0000073879   0.0000067334
        0.0000042786   0.0000023732   0.0000072250   0.0000013603  -0.0000007518
       -0.0000020894   0.0000001514  -0.0000000364  -0.0000000353   0.0209884567
        0.0191984138  -0.0018305003   0.0005335852   0.0005123232   0.0480687505
       -0.0219354537  -0.0198097077  -0.0022189384   0.0004729594   0.0001971410
        0.0000379612  -0.0004830414  -0.0001534631   0.0000371184   0.0001231523
        0.0000635424   0.0000367678  -0.0001313703  -0.0000679185   0.0000400616
       -0.0000306501   0.0000276546   0.0000050638   0.0000260300  -0.0000238569
        0.0000022157   0.0000119468  -0.0000030257  -0.0000023309  -0.0000123738
        0.0000023711  -0.0000001544  -0.0000024037   0.0000012017  -0.0000009187
        0.0000014213  -0.0000007208  -0.0000018185   0.0000011925  -0.0000002655
        0.0000001253  -0.0000015431   0.0000003838   0.0000004002  -0.0000002986
        0.0000015468   0.0000002236   0.0000003999   0.0000001527  -0.0000016008
       -0.0000004028  -0.0000018699   0.0000007244
       -0.0431591406   0.0013754796   0.0035696634  -0.0035500689   0.0163038918
        0.0219406569   0.0009687901   0.0009984318   0.0008912112  -0.0000437210
       -0.0000008462  -0.0000710040   0.0000119639  -0.0000496299  -0.0000077787
        0.0000237867   0.0000115036  -0.0000062423   0.0000075559  -0.0000080425
        0.0000019950   0.0000057884   0.0000021502  -0.0000013839   0.0007549083
       -0.0007309097  -0.0005098745  -0.0012666891  -0.0160046292  -0.0219354537
        0.0505125730  -0.0045742657  -0.0044868121  -0.0045876959   0.0036561924
        0.0008435547   0.0007566572  -0.0004811846   0.0003303643  -0.0005517998
       -0.0002555471  -0.0004004988  -0.0000284146  -0.0000520977  -0.0000190512
        0.0001065663  -0.0001225044  -0.0001370061   0.0000529516  -0.0000126034
        0.0000461010  -0.0000484922  -0.0000337307  -0.0000353722   0.0000053629
        0.0000046720   0.0000022950   0.0000260421  -0.0000159414  -0.0000160143
        0.0000026130   0.0000013468   0.0000058126  -0.0000089643  -0.0000066874
       -0.0000063002   0.0000002082   0.0000007836   0.0000013376   0.0000052325
       -0.0000032779  -0.0000024185   0.0000031208  -0.0000029899   0.0000003136
        0.0000008654   0.0000004359   0.0000019054
        0.0009673926  -0.1177000303  -0.1093782497   0.0042916296  -0.0124521545
       -0.0157100512  -0.0008324586   0.0006628969   0.0003116887  -0.0001526826
        0.0000368234   0.0000190393  -0.0000526253   0.0000151096   0.0000109953
       -0.0000289664   0.0000110992  -0.0000135028  -0.0000109679  -0.0000122494
       -0.0000035724  -0.0000037983   0.0000048624  -0.0000038855  -0.0001934033
        0.0098423179   0.0159731541  -0.0029953526  -0.0143223630  -0.0198097077
       -0.0045742657   0.1355222033   0.1289625384   0.0038707493  -0.0020011890
       -0.0003540355  -0.0004330539   0.0000364513  -0.0003928843   0.0002218906
        0.0004142394   0.0001954249   0.0000407933  -0.0000783534   0.0000647609
       -0.0001342028   0.0000244272   0.0000760489  -0.0000034371  -0.0000449664
       -0.0000115455   0.0000251337   0.0000485193   0.0000349212  -0.0000052278
       -0.0000061064  -0.0000027741  -0.0000132888   0.0000005152   0.0000048397
        0.0000032944  -0.0000144517   0.0000082105   0.0000049562   0.0000152255
        0.0000123765   0.0000003043  -0.0000004136  -0.0000021574  -0.0000026757
       -0.0000014558   0.0000008939   0.0000099355   0.0000056534   0.0000017815
        0.0000003274  -0.0000066106   0.0000056923
        0.0033422734  -0.1093359963  -0.2103515509   0.0029050317  -0.0039028128
       -0.0025122424  -0.0003676390   0.0002828239   0.0002132071  -0.0001489077
        0.0001098090   0.0000244122  -0.0000389663  -0.0000310544  -0.0000029480
       -0.0000269464   0.0000190611  -0.0000040283  -0.0000111796  -0.0000193679
       -0.0000054728  -0.0000065907   0.0000045028  -0.0000001295  -0.0005694976
       -0.0138515842  -0.0286541594  -0.0013114195  -0.0024880818  -0.0022189384
       -0.0044868121   0.1289625384   0.2412786008   0.0007079363  -0.0005106031
        0.0012214389  -0.0003011826   0.0004085993   0.0007757896   0.0004395183
        0.0002461865   0.0004567474   0.0000042215  -0.0000455472  -0.0003181601
       -0.0001308376   0.0000714030   0.0000380528  -0.0000376610   0.0000069818
        0.0000183443   0.0000336015   0.0000408655   0.0000618341   0.0000060336
        0.0000095718  -0.0000412955  -0.0000133602   0.0000069978  -0.0000021439
       -0.0000040361  -0.0000077240   0.0000093714   0.0000065231   0.0000134541
        0.0000174983   0.0000035956   0.0000057735  -0.0000110866  -0.0000030320
        0.0000018031   0.0000003498   0.0000113088   0.0000076430   0.0000004577
       -0.0000019754  -0.0000052427   0.0000060516
       -0.0041857226   0.0169218106   0.0215100989  -0.0411325359   0.0000597154
        0.0007088924  -0.0034991745  -0.0157479189  -0.0201589628   0.0007590146
       -0.0010043265  -0.0008239938  -0.0000688426   0.0000250314   0.0000834066
       -0.0000014990   0.0000494188   0.0000104972   0.0000184077  -0.0000055218
        0.0000080733   0.0000058025   0.0000117020   0.0000019167   0.0007478329
       -0.0004367862   0.0002753562   0.0005749103   0.0001388275   0.0004729594
       -0.0045876959   0.0038707493   0.0007079363   0.0539357265  -0.0007157555
       -0.0014902277   0.0012448982  -0.0005165306  -0.0010798402  -0.0040648071
       -0.0036487373  -0.0004768258   0.0007607115   0.0005243636  -0.0002846916
       -0.0006385961   0.0002134854   0.0004182724  -0.0000068746   0.0000591344
       -0.0000134801   0.0001076473   0.0001390684   0.0001300483   0.0000465904
        0.0000176131  -0.0000397358  -0.0000515372   0.0000267323   0.0000329337
        0.0000078390  -0.0000043562  -0.0000055880   0.0000260091   0.0000160554
        0.0000135886   0.0000032148  -0.0000009263  -0.0000046431  -0.0000090157
        0.0000061277   0.0000061268   0.0000073735   0.0000007120   0.0000014702
        0.0000003229   0.0000003119  -0.0000035883
        0.0041646272  -0.0118406647  -0.0157063201   0.0005596187  -0.1146619543
       -0.1033696015  -0.0042828371  -0.0140151052  -0.0176264217   0.0008182918
        0.0005037642   0.0001168521   0.0000709850   0.0000595410   0.0000220637
        0.0000389418   0.0000153167   0.0000084183   0.0000344073   0.0000082261
       -0.0000133203   0.0000120573   0.0000000554  -0.0000004550  -0.0004802326
        0.0000386495  -0.0004239211  -0.0004444302   0.0005797894   0.0001971410
        0.0036561924  -0.0020011890  -0.0005106031  -0.0007157555   0.1343378856
        0.1227724783  -0.0000149609   0.0092989739   0.0151847858  -0.0037226731
       -0.0028589443  -0.0005883698   0.0005025071   0.0001299801  -0.0004876505
       -0.0002675375   0.0004103988   0.0002409412  -0.0000614994  -0.0000650808
        0.0000520208   0.0001333927   0.0000524421   0.0000910252   0.0000178069
       -0.0000346320  -0.0000149095  -0.0000301062   0.0000476326   0.0000373621
        0.0000051844  -0.0000087837  -0.0000044246   0.0000148557   0.0000047668
        0.0000107843  -0.0000009456  -0.0000107401   0.0000066654  -0.0000060289
        0.0000157298   0.0000116402  -0.0000025535  -0.0000058723  -0.0000003491
        0.0000006921  -0.0000001855  -0.0000058321
        0.0021508692  -0.0033689441  -0.0025306409   0.0009881498  -0.1035581484
       -0.2036392870  -0.0022301108  -0.0035368347  -0.0020757012   0.0002609060
        0.0002665436   0.0001883536   0.0000998733   0.0001265874   0.0000162280
        0.0000340711  -0.0000293912  -0.0000121155   0.0000305745   0.0000180028
       -0.0000079669   0.0000134431  -0.0000069275  -0.0000038248  -0.0003491406
        0.0003644226   0.0007642600   0.0001636082   0.0002624958   0.0000379612
        0.0008435547  -0.0003540355   0.0012214389  -0.0014902277   0.1227724783
        0.2329557944  -0.0000593770  -0.0132240880  -0.0291985984  -0.0004717124
       -0.0005213409   0.0012065888   0.0003123682   0.0004491781   0.0007936075
       -0.0004300640   0.0002174006   0.0004939086  -0.0000036516  -0.0000478778
       -0.0003196675   0.0001289096   0.0000967014   0.0000468444   0.0000410071
        0.0000155839   0.0000200178  -0.0000355464   0.0000380358   0.0000605518
       -0.0000034434   0.0000030303  -0.0000375623   0.0000133927   0.0000119803
        0.0000032276   0.0000046371  -0.0000067888   0.0000100827  -0.0000072825
        0.0000133579   0.0000166374  -0.0000034043  -0.0000034662   0.0000004536
       -0.0000014040   0.0000020442  -0.0000105916
       -0.0050447606   0.0181246406  -0.0204994940  -0.0413859123   0.0040879998
       -0.0063733852  -0.0027878826  -0.0165358027   0.0194028793   0.0007814024
       -0.0010819381   0.0008250314  -0.0000564052   0.0000257737  -0.0000791301
       -0.0000009902   0.0000526615  -0.0000102180   0.0000186619  -0.0000055497
       -0.0000089564   0.0000056242   0.0000122882  -0.0000024764  -0.0046274066
        0.0038964187  -0.0002894749   0.0005470951   0.0001519682  -0.0004830414
        0.0007566572  -0.0004330539  -0.0003011826   0.0012448982  -0.0000149609
       -0.0000593770   0.0544024569  -0.0055675480   0.0076207839   0.0007189669
        0.0004934091   0.0002898685  -0.0040393302  -0.0036763582   0.0004694185
       -0.0000097341   0.0000668404   0.0000210414  -0.0006632770   0.0002065531
       -0.0004067804   0.0000536953   0.0000205844   0.0000469950   0.0001053436
        0.0001315117  -0.0001249712   0.0000033820  -0.0000015418   0.0000081990
       -0.0000515441   0.0000242208  -0.0000345943   0.0000049089   0.0000002129
        0.0000062655   0.0000260236   0.0000148106  -0.0000134675  -0.0000011852
        0.0000009569   0.0000039039   0.0000082555   0.0000010856  -0.0000012586
       -0.0000089435   0.0000048167  -0.0000065786
        0.0048691866  -0.0128060575   0.0150041939   0.0045556751  -0.1253189091
        0.1071548352  -0.0037931712  -0.0149940943   0.0172245489   0.0008891710
        0.0005570773  -0.0001256629   0.0000929266   0.0000654000  -0.0000304966
        0.0000424377   0.0000137944  -0.0000047741   0.0000364978   0.0000089073
        0.0000118621   0.0000127917  -0.0000010422   0.0000015137   0.0037197226
       -0.0020242392   0.0002078285  -0.0004383801   0.0005966308  -0.0001534631
       -0.0004811846   0.0000364513   0.0004085993  -0.0005165306   0.0092989739
       -0.0132240880  -0.0055675480   0.1468926651  -0.1269515583   0.0005198162
        0.0001184948   0.0004214515  -0.0037025991  -0.0029007406   0.0004831231
       -0.0000643476  -0.0000539942  -0.0000360237  -0.0003176484   0.0004426455
       -0.0002566962   0.0000246799  -0.0000356149   0.0000219779   0.0001409222
        0.0000550514  -0.0000990745   0.0000036517  -0.0000046817   0.0000076544
       -0.0000337172   0.0000499219  -0.0000424518   0.0000002503  -0.0000115524
       -0.0000047910   0.0000159728   0.0000046016  -0.0000120167   0.0000000996
        0.0000006417   0.0000065692  -0.0000018668  -0.0000054597   0.0000002221
       -0.0000068080   0.0000151289  -0.0000132829
       -0.0018049837   0.0021817421  -0.0007621562  -0.0066558994   0.1072967952
       -0.1925945063   0.0021565511   0.0035440783  -0.0018406341  -0.0002702504
       -0.0002503229   0.0001946865  -0.0000964494  -0.0001277831   0.0000157332
       -0.0000319632   0.0000287508  -0.0000083926  -0.0000292008  -0.0000171698
       -0.0000064412  -0.0000136519   0.0000053020  -0.0000037589  -0.0004354292
        0.0000358715   0.0012937635  -0.0002050300  -0.0002398596   0.0000371184
        0.0003303643  -0.0003928843   0.0007757896  -0.0010798402   0.0151847858
       -0.0291985984   0.0076207839  -0.1269515583   0.2199028785  -0.0002761516
       -0.0004621181   0.0007356042   0.0004780042   0.0005089592   0.0012207986
        0.0000150664   0.0000496825  -0.0003423550   0.0004381121  -0.0002190201
        0.0004854112  -0.0000453828  -0.0000209122   0.0000111201  -0.0001282345
       -0.0000922271   0.0000474419   0.0000083206  -0.0000067169  -0.0000411405
        0.0000339438  -0.0000352803   0.0000610942  -0.0000062883   0.0000046110
        0.0000072679  -0.0000136386  -0.0000107546   0.0000035113   0.0000027380
       -0.0000042872  -0.0000121854   0.0000022313   0.0000028479   0.0000001524
        0.0000062785  -0.0000125320   0.0000177971
        0.0007596428  -0.0008380783  -0.0007723088  -0.0032820479  -0.0159090388
       -0.0200445569  -0.0413038725   0.0018579526   0.0024080941  -0.0043635205
        0.0164932937   0.0211941889   0.0007599237   0.0010766928   0.0008499937
       -0.0000487611  -0.0000160656  -0.0000844572   0.0000074009  -0.0000539140
       -0.0000084012   0.0000245308   0.0000038496  -0.0000131416  -0.0000324853
        0.0000464058  -0.0000241191   0.0002636413   0.0001728029   0.0001231523
       -0.0005517998   0.0002218906   0.0004395183  -0.0040648071  -0.0037226731
       -0.0004717124   0.0007189669   0.0005198162  -0.0002761516   0.0540205359
       -0.0019184715  -0.0028655328   0.0012682682  -0.0004116776  -0.0008214157
       -0.0044771347   0.0035066357   0.0006029704   0.0008230343  -0.0004591369
        0.0003110625  -0.0006782714  -0.0003130756  -0.0004155022  -0.0000078104
       -0.0000627774  -0.0000043850   0.0001249008  -0.0001309799  -0.0001294433
        0.0000455900  -0.0000089181   0.0000417503  -0.0000515377  -0.0000338049
       -0.0000339186   0.0000078611   0.0000052158   0.0000033839   0.0000260722
       -0.0000144923  -0.0000115549   0.0000092194  -0.0000147493  -0.0000013895
        0.0000024602   0.0000032977   0.0000038762
        0.0008651754   0.0006792581   0.0002558778  -0.0039856510  -0.0141299741
       -0.0176167029   0.0017486064  -0.1163738699  -0.1038157762   0.0044291843
       -0.0126357191  -0.0160264738  -0.0008361246   0.0005652732   0.0002002203
       -0.0000992158   0.0000428888   0.0000181751  -0.0000507460   0.0000062567
        0.0000037471  -0.0000390884   0.0000014425  -0.0000099244  -0.0000522992
       -0.0000684470   0.0000539372   0.0003206455   0.0000596069   0.0000635424
       -0.0002555471   0.0004142394   0.0002461865  -0.0036487373  -0.0028589443
       -0.0005213409   0.0004934091   0.0001184948  -0.0004621181  -0.0019184715
        0.1367992375   0.1235072989  -0.0001624441   0.0092874038   0.0147456033
        0.0035177083  -0.0023509474  -0.0005895690  -0.0004540423   0.0000424521
       -0.0004354525   0.0001926128   0.0004349460   0.0002083502   0.0000611818
       -0.0000717707   0.0000587917  -0.0001294947   0.0000352172   0.0000822697
       -0.0000087338  -0.0000402154  -0.0000133821   0.0000242245   0.0000499431
        0.0000351572  -0.0000044159  -0.0000089276  -0.0000028987  -0.0000151154
        0.0000004146   0.0000056989   0.0000059495   0.0000161740   0.0000006218
        0.0000014296  -0.0000144332   0.0000081606
        0.0002808846   0.0003907510   0.0003345698  -0.0021161202  -0.0036453713
       -0.0021890932   0.0023332307  -0.1036779775  -0.2005992837   0.0024277340
       -0.0036741094  -0.0024584581  -0.0003150944   0.0002360698   0.0001742924
       -0.0001116017   0.0001215875   0.0000237611  -0.0000386652  -0.0000355153
       -0.0000137444  -0.0000401080   0.0000117927  -0.0000025377  -0.0000119769
       -0.0000489195  -0.0003372258   0.0002162131   0.0002069938   0.0000367678
       -0.0004004988   0.0001954249   0.0004567474  -0.0004768258  -0.0005883698
        0.0012065888   0.0002898685   0.0004214515   0.0007356042  -0.0028655328
        0.1235072989   0.2296859137   0.0002462324  -0.0136349223  -0.0292722645
        0.0006002623  -0.0005900108   0.0011662492  -0.0003207012   0.0004242841
        0.0007669049   0.0004410753   0.0002643354   0.0005014625   0.0000099648
       -0.0000510643  -0.0003080525  -0.0001370837   0.0000896441   0.0000478932
       -0.0000420565   0.0000136207   0.0000153139   0.0000345978   0.0000425890
        0.0000612406   0.0000055893   0.0000044559  -0.0000376117  -0.0000167770
        0.0000063845  -0.0000024678   0.0000131698   0.0000176224  -0.0000019506
       -0.0000057804  -0.0000080458   0.0000093805
        0.0007506912  -0.0008462150   0.0006719934  -0.0027693971  -0.0164740901
        0.0195809811  -0.0414911148   0.0039241932  -0.0052251354  -0.0047050265
        0.0171563862  -0.0207084343   0.0007650679   0.0009917475  -0.0007828058
       -0.0000510915  -0.0000280416   0.0000801368   0.0000053313  -0.0000559396
        0.0000121443   0.0000248608   0.0000031040   0.0000122094  -0.0005301666
        0.0002508411  -0.0003794287   0.0002466884   0.0001765910  -0.0001313703
       -0.0000284146   0.0000407933   0.0000042215   0.0007607115   0.0005025071
        0.0003123682  -0.0040393302  -0.0037025991   0.0004780042   0.0012682682
       -0.0001624441   0.0002462324   0.0539410202  -0.0043430732   0.0060239438
        0.0008155112  -0.0004655654  -0.0003168519  -0.0044928839   0.0035627568
       -0.0004093293  -0.0000151132  -0.0000654383  -0.0000370669  -0.0006294194
       -0.0002651967   0.0004403813   0.0000575567  -0.0000177017  -0.0000471186
        0.0001251212  -0.0001292714   0.0001369034   0.0000033527   0.0000036175
       -0.0000083645  -0.0000515359  -0.0000300565   0.0000355930   0.0000055032
        0.0000016694  -0.0000050395   0.0000077613  -0.0000154244   0.0000024359
        0.0000260479  -0.0000131502   0.0000133965
        0.0008061456   0.0006697256  -0.0002590528  -0.0036754380  -0.0148084917
        0.0172421282   0.0038584909  -0.1224985457   0.1061007344   0.0047002392
       -0.0130845989   0.0156016043  -0.0008274700   0.0005607638  -0.0001602656
       -0.0000906500   0.0000518930  -0.0000233733  -0.0000497745   0.0000057956
       -0.0000041237  -0.0000401366   0.0000033270   0.0000079431  -0.0002551097
        0.0004219781  -0.0002224553   0.0003047865   0.0000694927  -0.0000679185
       -0.0000520977  -0.0000783534  -0.0000455472   0.0005243636   0.0001299801
        0.0004491781  -0.0036763582  -0.0029007406   0.0005089592  -0.0004116776
        0.0092874038  -0.0136349223  -0.0043430732   0.1440893531  -0.1259665953
       -0.0004613267   0.0000477720   0.0004171654   0.0035184078  -0.0023716519
        0.0004337174   0.0000746046  -0.0000529565  -0.0000443606   0.0002281500
        0.0004098884  -0.0002184543  -0.0000178670  -0.0000347427   0.0000203087
       -0.0001307942   0.0000350046  -0.0000896381  -0.0000014760  -0.0000045179
        0.0000068205   0.0000267107   0.0000475970  -0.0000381715  -0.0000003809
       -0.0000135887  -0.0000051403   0.0000077098   0.0000176110  -0.0000013170
       -0.0000159783   0.0000006023  -0.0000072236
       -0.0002351644  -0.0003288072   0.0002570257   0.0019366525   0.0035398198
       -0.0019650212  -0.0051010021   0.1059974242  -0.1944570813  -0.0022608899
        0.0030518278  -0.0014845476   0.0002663637  -0.0002517604   0.0002046323
        0.0001078973  -0.0001196829   0.0000053917   0.0000371019   0.0000357184
       -0.0000112188   0.0000386563  -0.0000112118  -0.0000017866   0.0004303321
       -0.0002089423   0.0004275847  -0.0002034481  -0.0002051255   0.0000400616
       -0.0000190512   0.0000647609  -0.0003181601  -0.0002846916  -0.0004876505
        0.0007936075   0.0004694185   0.0004831231   0.0012207986  -0.0008214157
        0.0147456033  -0.0292722645   0.0060239438  -0.1259665953   0.2223823631
        0.0003002834  -0.0004271647   0.0007517861  -0.0004035358   0.0004314636
        0.0012134853  -0.0000351934   0.0000456390  -0.0003495172  -0.0003897967
       -0.0002262337   0.0004778757   0.0000468717  -0.0000200766   0.0000122061
        0.0001292907  -0.0000823023   0.0000480927  -0.0000082309  -0.0000076331
       -0.0000410557  -0.0000329143  -0.0000372426   0.0000604740   0.0000065934
        0.0000074934   0.0000082998  -0.0000140352  -0.0000178100  -0.0000007709
        0.0000159641  -0.0000046348  -0.0000022610
       -0.0000236000  -0.0000594020  -0.0001166460   0.0007330225   0.0010216775
        0.0008301377  -0.0042898387   0.0165443551   0.0211994614  -0.0412277285
        0.0019014051   0.0024268090  -0.0031506320  -0.0160083471  -0.0199416234
        0.0007626890  -0.0009863484  -0.0007730950  -0.0000682479   0.0000116668
        0.0000818747   0.0000004029   0.0000689098   0.0000204532   0.0000581006
       -0.0000095437   0.0000391907   0.0000296024  -0.0000807445  -0.0000306501
        0.0001065663  -0.0001342028  -0.0001308376  -0.0006385961  -0.0002675375
       -0.0004300640  -0.0000097341  -0.0000643476   0.0000150664  -0.0044771347
        0.0035177083   0.0006002623   0.0008155112  -0.0004613267   0.0003002834
        0.0537839108  -0.0019564218  -0.0030326363   0.0012566675  -0.0004039798
       -0.0007807915  -0.0039701590  -0.0036291876  -0.0004817911   0.0007889358
        0.0005139360  -0.0002974706  -0.0006309470   0.0002296691   0.0003887603
       -0.0000076030   0.0000610558  -0.0000083781   0.0001052614   0.0001410268
        0.0001278908   0.0000460948   0.0000174271  -0.0000407173  -0.0000483023
        0.0000280621   0.0000278973   0.0000499564   0.0000097985   0.0000121901
        0.0000058017  -0.0000053083  -0.0000055764
       -0.0001233439   0.0000562879   0.0000490180  -0.0008081356   0.0005308833
        0.0001707582   0.0043627637  -0.0126283334  -0.0160259453   0.0019070745
       -0.1169416459  -0.1040302821  -0.0039669816  -0.0142192528  -0.0173482539
        0.0007877126   0.0005125310   0.0001211738   0.0000829609   0.0000587990
        0.0000179246   0.0000539608   0.0000379247   0.0000195979  -0.0000150106
       -0.0000431221  -0.0000129649  -0.0000242874   0.0000690367   0.0000276546
       -0.0001225044   0.0000244272   0.0000714030   0.0002134854   0.0004103988
        0.0002174006   0.0000668404  -0.0000539942   0.0000496825   0.0035066357
       -0.0023509474  -0.0005900108  -0.0004655654   0.0000477720  -0.0004271647
       -0.0019564218   0.1375591151   0.1237257278  -0.0001661750   0.0093041263
        0.0146640845  -0.0036758588  -0.0028873673  -0.0006012566   0.0005137511
        0.0001240652  -0.0004769394  -0.0002637674   0.0004107452   0.0002258408
       -0.0000620806  -0.0000723499   0.0000519087   0.0001313547   0.0000551929
        0.0000918674   0.0000171502  -0.0000348670  -0.0000153307  -0.0000319785
        0.0000490844   0.0000360150   0.0000335021  -0.0000122595  -0.0000025485
        0.0000049188  -0.0000062500  -0.0000093608
       -0.0001558917   0.0001370379   0.0000311987  -0.0002902024   0.0002079695
        0.0001861864   0.0024281684  -0.0036669591  -0.0024258394   0.0023576732
       -0.1039776318  -0.2000149014  -0.0020535041  -0.0035149102  -0.0020326384
        0.0002473738   0.0002411502   0.0001492287   0.0001129399   0.0001272428
        0.0000123562   0.0000487997  -0.0000025523  -0.0000059099  -0.0000496938
        0.0000115502   0.0000162396   0.0000172821   0.0000515891   0.0000050638
       -0.0001370061   0.0000760489   0.0000380528   0.0004182724   0.0002409412
        0.0004939086   0.0000210414  -0.0000360237  -0.0003423550   0.0006029704
       -0.0005895690   0.0011662492  -0.0003168519   0.0004171654   0.0007517861
       -0.0030326363   0.1237257278   0.2290164744   0.0002412994  -0.0137357278
       -0.0293147683  -0.0004644735  -0.0005062089   0.0011914437   0.0002981728
        0.0004762544   0.0008202741  -0.0004424286   0.0002198071   0.0004788536
        0.0000053193  -0.0000587321  -0.0003062550   0.0001251920   0.0000993574
        0.0000472149   0.0000395397   0.0000145055   0.0000203456  -0.0000386747
        0.0000384314   0.0000585605   0.0000193469   0.0000011532  -0.0000001468
       -0.0000020283   0.0000023826  -0.0000406224
       -0.0000152828  -0.0000603213   0.0001185297   0.0007157021   0.0010945914
       -0.0008427154  -0.0047658657   0.0171414292  -0.0207211171  -0.0412900394
        0.0037531415  -0.0050452755  -0.0029565306  -0.0162646581   0.0196166294
        0.0007866174  -0.0010519880   0.0008800626  -0.0000472507   0.0000068031
       -0.0000711898   0.0000040239   0.0000726618  -0.0000223983   0.0001131369
       -0.0001424624   0.0001205339   0.0000329783  -0.0000812858   0.0000260300
        0.0000529516  -0.0000034371  -0.0000376610  -0.0000068746  -0.0000614994
       -0.0000036516  -0.0006632770  -0.0003176484   0.0004381121   0.0008230343
       -0.0004540423  -0.0003207012  -0.0044928839   0.0035184078  -0.0004035358
        0.0012566675  -0.0001661750   0.0002412994   0.0542419731  -0.0042618808
        0.0058309169   0.0007041081   0.0004998166   0.0002649291  -0.0039702114
       -0.0036786185   0.0004560823  -0.0000154341   0.0000745758   0.0000368816
       -0.0006749852   0.0001910272  -0.0004418916   0.0000541481   0.0000250706
        0.0000456575   0.0001077072   0.0001333144  -0.0001292623   0.0000003060
       -0.0000026206   0.0000095907   0.0000536379   0.0000110913  -0.0000120910
       -0.0000483571   0.0000247068  -0.0000337646
       -0.0001342392   0.0000579554  -0.0000434379  -0.0008291831   0.0005524100
       -0.0001550564   0.0047923583  -0.0131969809   0.0157196359   0.0036829212
       -0.1219050607   0.1057153439  -0.0037888289  -0.0145453245   0.0172941248
        0.0009118399   0.0005844967  -0.0001211656   0.0001154226   0.0000553342
       -0.0000268674   0.0000602741   0.0000384246  -0.0000168093  -0.0001289147
        0.0000295577  -0.0000657218  -0.0000277779   0.0000695608  -0.0000238569
       -0.0000126034  -0.0000449664   0.0000069818   0.0000591344  -0.0000650808
       -0.0000478778   0.0002065531   0.0004426455  -0.0002190201  -0.0004591369
        0.0000424521   0.0004242841   0.0035627568  -0.0023716519   0.0004314636
       -0.0004039798   0.0093041263  -0.0137357278  -0.0042618808   0.1433052720
       -0.1256433426   0.0004997998   0.0001041665   0.0004200740  -0.0036307876
       -0.0028879960   0.0004982032  -0.0000660231  -0.0000522195  -0.0000447133
       -0.0003144192   0.0004334527  -0.0002647338   0.0000210844  -0.0000353329
        0.0000211913   0.0001391570   0.0000523384  -0.0000970613   0.0000027937
       -0.0000034512   0.0000121339   0.0000376142  -0.0000121401   0.0000028904
       -0.0000339348   0.0000480118  -0.0000409351
        0.0001541358  -0.0001359185   0.0000285834   0.0002692785  -0.0002164104
        0.0001676539  -0.0022665386   0.0031138285  -0.0015548499  -0.0050513479
        0.1055315741  -0.1947523122   0.0021583729   0.0035964466  -0.0019584248
       -0.0002978785  -0.0002865858   0.0002292558  -0.0001187457  -0.0001332986
        0.0000073366  -0.0000474284   0.0000003746  -0.0000030325   0.0001335766
       -0.0000767023   0.0000265103  -0.0000172137  -0.0000482303   0.0000022157
        0.0000461010  -0.0000115455   0.0000183443  -0.0000134801   0.0000520208
       -0.0003196675  -0.0004067804  -0.0002566962   0.0004854112   0.0003110625
       -0.0004354525   0.0007669049  -0.0004093293   0.0004337174   0.0012134853
       -0.0007807915   0.0146640845  -0.0293147683   0.0058309169  -0.1256433426
        0.2228390748  -0.0002642617  -0.0004206046   0.0007028256   0.0004732683
        0.0005930343   0.0011939937   0.0000381148   0.0000443523  -0.0003509798
        0.0004132797  -0.0002069411   0.0004997359  -0.0000471502  -0.0000223896
        0.0000108969  -0.0001297188  -0.0000907225   0.0000471068   0.0000089126
       -0.0000072886  -0.0000449621  -0.0000215412  -0.0000026992  -0.0000023686
        0.0000351866  -0.0000346050   0.0000620307
        0.0000042388   0.0000724443   0.0000220874  -0.0000471903   0.0000063980
        0.0000714084   0.0007858995  -0.0010562631  -0.0008836075  -0.0029446520
       -0.0162309502  -0.0196379308  -0.0412968407   0.0038122418   0.0051517700
       -0.0047765064   0.0171236894   0.0207415053   0.0007145597   0.0010930862
        0.0008387474  -0.0000172730  -0.0000600762  -0.0001186914   0.0000007617
       -0.0000027145  -0.0000091951   0.0000534302   0.0000110432   0.0000119468
       -0.0000484922   0.0000251337   0.0000336015   0.0001076473   0.0001333927
        0.0001289096   0.0000536953   0.0000246799  -0.0000453828  -0.0006782714
        0.0001926128   0.0004410753  -0.0000151132   0.0000746046  -0.0000351934
       -0.0039701590  -0.0036758588  -0.0004644735   0.0007041081   0.0004997998
       -0.0002642617   0.0542504554  -0.0043397954  -0.0059457209   0.0012563043
       -0.0001566353  -0.0002227309  -0.0044932590   0.0035152697   0.0004065472
        0.0008269092  -0.0004541917   0.0003223041  -0.0006619020  -0.0003196701
       -0.0004352801  -0.0000064735  -0.0000608630   0.0000019227   0.0001128953
       -0.0001435007  -0.0001203443   0.0000332010  -0.0000809452  -0.0000257283
        0.0000520269  -0.0000029319   0.0000367149
        0.0000603855   0.0000382998   0.0000168249   0.0001158307   0.0000549349
        0.0000266350   0.0009126938   0.0005840025   0.0001225188  -0.0037746133
       -0.0145167935  -0.0173153791   0.0037394028  -0.1216058699  -0.1056134933
        0.0047991816  -0.0131776970  -0.0157249013  -0.0008241272   0.0005494234
        0.0001555125  -0.0001326837   0.0000579190   0.0000427868   0.0000030578
       -0.0000036506  -0.0000119529   0.0000373583  -0.0000126053  -0.0000030257
       -0.0000337307   0.0000485193   0.0000408655   0.0001390684   0.0000524421
        0.0000967014   0.0000205844  -0.0000356149  -0.0000209122  -0.0003130756
        0.0004349460   0.0002643354  -0.0000654383  -0.0000529565   0.0000456390
       -0.0036291876  -0.0028873673  -0.0005062089   0.0004998166   0.0001041665
       -0.0004206046  -0.0043397954   0.1429603029   0.1255304165  -0.0004146642
        0.0093055603   0.0137895794   0.0035650753  -0.0023709745  -0.0004369123
       -0.0004594159   0.0000431286  -0.0004268853   0.0002037774   0.0004415782
        0.0002171889   0.0000590021  -0.0000661938   0.0000484428  -0.0001285977
        0.0000298524   0.0000649503  -0.0000279303   0.0000694615   0.0000237148
       -0.0000119746  -0.0000448142  -0.0000058363
        0.0000475339  -0.0000003722  -0.0000033460   0.0001189704   0.0001334275
        0.0000080895   0.0003004236   0.0002862444   0.0002283881  -0.0021640857
       -0.0036245885  -0.0020021186   0.0051601901  -0.1054378301  -0.1950469809
        0.0022635120  -0.0031156029  -0.0015649968  -0.0002674896   0.0002140700
        0.0001640836  -0.0001539020   0.0001357934   0.0000286052  -0.0000086387
        0.0000068587  -0.0000444529   0.0000215278   0.0000029947  -0.0000023309
       -0.0000353722   0.0000349212   0.0000618341   0.0001300483   0.0000910252
        0.0000468444   0.0000469950   0.0000219779   0.0000111201  -0.0004155022
        0.0002083502   0.0005014625  -0.0000370669  -0.0000443606  -0.0003495172
       -0.0004817911  -0.0006012566   0.0011914437   0.0002649291   0.0004200740
        0.0007028256  -0.0059457209   0.1255304165   0.2231843425   0.0008006373
       -0.0146104937  -0.0293158737   0.0004102611  -0.0004311481   0.0012130948
       -0.0003129857   0.0004376293   0.0007721632   0.0004083460   0.0002579455
        0.0004851398   0.0000114306  -0.0000526889  -0.0003172996  -0.0001335427
        0.0000776186   0.0000266109   0.0000168977   0.0000476114   0.0000017477
       -0.0000456050   0.0000113832   0.0000191208
        0.0000002232   0.0000691566  -0.0000207934  -0.0000682356   0.0000120398
       -0.0000816246   0.0007621873  -0.0009839219   0.0007706810  -0.0031629339
       -0.0160413856   0.0199185234  -0.0412240912   0.0018473491  -0.0023312257
       -0.0042842360   0.0165642026  -0.0211811516   0.0007333579   0.0010244045
       -0.0008348507  -0.0000214630  -0.0000596684   0.0001164427  -0.0000482324
        0.0000276838  -0.0000280926   0.0000502060   0.0000098592  -0.0000123738
        0.0000053629  -0.0000052278   0.0000060336   0.0000465904   0.0000178069
        0.0000410071   0.0001053436   0.0001409222  -0.0001282345  -0.0000078104
        0.0000611818   0.0000099648  -0.0006294194   0.0002281500  -0.0003897967
        0.0007889358   0.0005137511   0.0002981728  -0.0039702114  -0.0036307876
        0.0004732683   0.0012563043  -0.0004146642   0.0008006373   0.0537898574
       -0.0018846344   0.0029315223   0.0008117500  -0.0004606488  -0.0002988348
       -0.0044781613   0.0035195908  -0.0005973710  -0.0000100494  -0.0000651155
       -0.0000167904  -0.0006406740  -0.0002657871   0.0004329309   0.0000590056
       -0.0000100904  -0.0000399580   0.0000294787  -0.0000810461   0.0000308999
        0.0001069149  -0.0001331206   0.0001310139
        0.0000538882   0.0000380164  -0.0000196502   0.0000826782   0.0000591649
       -0.0000182580   0.0007878884   0.0005132069  -0.0001198225  -0.0039821203
       -0.0142512315   0.0173309396   0.0018560813  -0.1172375171   0.1041443484
        0.0043590429  -0.0126471920   0.0160207371  -0.0008139794   0.0005340349
       -0.0001707970  -0.0001250708   0.0000561493  -0.0000498916  -0.0000321973
        0.0000486433  -0.0000360327   0.0000337614  -0.0000117825   0.0000023711
        0.0000046720  -0.0000061064   0.0000095718   0.0000176131  -0.0000346320
        0.0000155839   0.0001315117   0.0000550514  -0.0000922271  -0.0000627774
       -0.0000717707  -0.0000510643  -0.0002651967   0.0004098884  -0.0002262337
        0.0005139360   0.0001240652   0.0004762544  -0.0036786185  -0.0028879960
        0.0005930343  -0.0001566353   0.0093055603  -0.0146104937  -0.0018846344
        0.1378990550  -0.1238529746  -0.0004651979   0.0000468855   0.0004244613
        0.0035050812  -0.0023502997   0.0005842249   0.0000669726  -0.0000527221
       -0.0000491989   0.0002159280   0.0004116274  -0.0002192101  -0.0000156255
       -0.0000431438   0.0000140331  -0.0000242128   0.0000690512  -0.0000275918
       -0.0001227888   0.0000239936  -0.0000721139
       -0.0000486688   0.0000025260  -0.0000056025  -0.0001128295  -0.0001271589
        0.0000117018  -0.0002454565  -0.0002418981   0.0001504095   0.0020476879
        0.0034884043  -0.0019896960  -0.0022598280   0.1040831358  -0.1997157876
       -0.0024322439   0.0036665160  -0.0024156296   0.0002924722  -0.0002099785
        0.0001898210   0.0001562921  -0.0001372366   0.0000307420   0.0000385267
       -0.0000380859   0.0000588078  -0.0000194008  -0.0000008801  -0.0000001544
        0.0000022950  -0.0000027741  -0.0000412955  -0.0000397358  -0.0000149095
        0.0000200178  -0.0001249712  -0.0000990745   0.0000474419  -0.0000043850
        0.0000587917  -0.0003080525   0.0004403813  -0.0002184543   0.0004778757
       -0.0002974706  -0.0004769394   0.0008202741   0.0004560823   0.0004982032
        0.0011939937  -0.0002227309   0.0137895794  -0.0293158737   0.0029315223
       -0.1238529746   0.2286687800   0.0003151158  -0.0004150637   0.0007466709
       -0.0006023594   0.0005921243   0.0011667939  -0.0000232346   0.0000351697
       -0.0003448400  -0.0004168474  -0.0002400382   0.0004945669   0.0000502782
       -0.0000116704   0.0000156328  -0.0000175916  -0.0000521774   0.0000053170
        0.0001371002  -0.0000751365   0.0000380851
        0.0000249001   0.0000031172  -0.0000122275   0.0000055029  -0.0000560613
       -0.0000121194  -0.0000507366  -0.0000274832  -0.0000794506   0.0007671316
        0.0009937687   0.0007871239  -0.0046967662   0.0171621934   0.0207039671
       -0.0414807492   0.0038558855   0.0051153527  -0.0027895252  -0.0164905258
       -0.0195618392   0.0007497790  -0.0008572463  -0.0006746830   0.0000053573
        0.0000016802   0.0000049335   0.0000079153  -0.0000154202  -0.0000024037
        0.0000260421  -0.0000132888  -0.0000133602  -0.0000515372  -0.0000301062
       -0.0000355464   0.0000033820   0.0000036517   0.0000083206   0.0001249008
       -0.0001294947  -0.0001370837   0.0000575567  -0.0000178670   0.0000468717
       -0.0006309470  -0.0002637674  -0.0004424286  -0.0000154341  -0.0000660231
        0.0000381148  -0.0044932590   0.0035650753   0.0004102611   0.0008117500
       -0.0004651979   0.0003151158   0.0539477448  -0.0042545845  -0.0059097759
        0.0012688238  -0.0001753406  -0.0002722389  -0.0040384678  -0.0036997696
       -0.0004698696   0.0007624677   0.0005022545  -0.0003138153  -0.0005341621
        0.0002576485   0.0003773547   0.0002462494   0.0001765007   0.0001299088
       -0.0000279191   0.0000404009  -0.0000004824
       -0.0000402681   0.0000032285  -0.0000081181  -0.0000500254   0.0000058553
        0.0000041551  -0.0000917559   0.0000515726   0.0000234122  -0.0008323025
        0.0005631032   0.0001608673   0.0046915695  -0.0130870426  -0.0156016083
        0.0037947901  -0.1226332085  -0.1061451397  -0.0036960567  -0.0148375524
       -0.0172327375   0.0008074448   0.0006701571   0.0002594607  -0.0000002818
       -0.0000136195   0.0000055481   0.0000076078   0.0000178969   0.0000012017
       -0.0000159414   0.0000005152   0.0000069978   0.0000267323   0.0000476326
        0.0000380358  -0.0000015418  -0.0000046817  -0.0000067169  -0.0001309799
        0.0000352172   0.0000896441  -0.0000177017  -0.0000347427  -0.0000200766
        0.0002296691   0.0004107452   0.0002198071   0.0000745758  -0.0000522195
        0.0000443523   0.0035152697  -0.0023709745  -0.0004311481  -0.0004606488
        0.0000468855  -0.0004150637  -0.0042545845   0.1442539701   0.1260182933
       -0.0004014552   0.0092863155   0.0136078298  -0.0036793070  -0.0029036742
       -0.0005027480   0.0005241656   0.0001300660  -0.0004501465  -0.0002530974
        0.0004266890   0.0002217436   0.0003046220   0.0000683512   0.0000655992
       -0.0000504986  -0.0000804856   0.0000465553
       -0.0000386721   0.0000112078  -0.0000018138  -0.0000370354  -0.0000356261
       -0.0000111410  -0.0001082684   0.0001198792   0.0000050415  -0.0002688555
        0.0002529811   0.0002078404   0.0022682567  -0.0030607800  -0.0014911612
        0.0049850271  -0.1060422802  -0.1943203178  -0.0019290513  -0.0035155937
       -0.0019325194   0.0002353733   0.0003274668   0.0002523557  -0.0000065510
       -0.0000073001   0.0000082513   0.0000140562   0.0000174131  -0.0000009187
       -0.0000160143   0.0000048397  -0.0000021439   0.0000329337   0.0000373621
        0.0000605518   0.0000081990   0.0000076544  -0.0000411405  -0.0001294433
        0.0000822697   0.0000478932  -0.0000471186   0.0000203087   0.0000122061
        0.0003887603   0.0002258408   0.0004788536   0.0000368816  -0.0000447133
       -0.0003509798   0.0004065472  -0.0004369123   0.0012130948  -0.0002988348
        0.0004244613   0.0007466709  -0.0059097759   0.1260182933   0.2222178967
        0.0007994139  -0.0147724249  -0.0292718651  -0.0004618144  -0.0004747666
        0.0012222677   0.0002851463   0.0004897283   0.0007968250  -0.0004328905
        0.0002121445   0.0004273464   0.0002022437   0.0002049063   0.0000400167
        0.0000214865  -0.0000663597  -0.0003131107
        0.0000244994   0.0000038379   0.0000132357   0.0000072245  -0.0000537900
        0.0000085460  -0.0000492396  -0.0000166642   0.0000852142   0.0007590842
        0.0010729440  -0.0008444582  -0.0043757425   0.0164900821  -0.0212035947
       -0.0413122110   0.0019473477  -0.0025504601  -0.0032543068  -0.0158883605
        0.0200585321   0.0007612892  -0.0008258597   0.0007684327   0.0000260900
       -0.0000143413   0.0000115736   0.0000090334  -0.0000147644   0.0000014213
        0.0000026130   0.0000032944  -0.0000040361   0.0000078390   0.0000051844
       -0.0000034434  -0.0000515441  -0.0000337172   0.0000339438   0.0000455900
       -0.0000087338  -0.0000420565   0.0001251212  -0.0001307942   0.0001292907
       -0.0000076030  -0.0000620806   0.0000053193  -0.0006749852  -0.0003144192
        0.0004132797   0.0008269092  -0.0004594159  -0.0003129857  -0.0044781613
        0.0035050812  -0.0006023594   0.0012688238  -0.0004014552   0.0007994139
        0.0540016917  -0.0020313809   0.0030178453   0.0007167860   0.0005201364
        0.0002745411  -0.0040630842  -0.0037264068   0.0004799579  -0.0000331704
        0.0000469813   0.0000280312   0.0002638978   0.0001729469  -0.0001244356
       -0.0005464442   0.0002143476  -0.0004407486
       -0.0000389296   0.0000015825   0.0000099037  -0.0000504677   0.0000061893
       -0.0000037068  -0.0000980067   0.0000432651  -0.0000180424  -0.0008301087
        0.0005626837  -0.0001994557   0.0044386783  -0.0126262461   0.0160188746
        0.0018331249  -0.1162400447   0.1037651248  -0.0039597139  -0.0141046861
        0.0176293080   0.0008631579   0.0006783905  -0.0002549205  -0.0000151726
        0.0000005271  -0.0000059348   0.0000060723   0.0000159037  -0.0000007208
        0.0000013468  -0.0000144517  -0.0000077240  -0.0000043562  -0.0000087837
        0.0000030303   0.0000242208   0.0000499219  -0.0000352803  -0.0000089181
       -0.0000402154   0.0000136207  -0.0001292714   0.0000350046  -0.0000823023
        0.0000610558  -0.0000723499  -0.0000587321   0.0001910272   0.0004334527
       -0.0002069411  -0.0004541917   0.0000431286   0.0004376293   0.0035195908
       -0.0023502997   0.0005921243  -0.0001753406   0.0092863155  -0.0147724249
       -0.0020313809   0.1366365044  -0.1234463712   0.0004935556   0.0001187800
        0.0004611108  -0.0036452949  -0.0028583655   0.0005276138  -0.0000536159
       -0.0000661041  -0.0000533356   0.0003208026   0.0000608094  -0.0000654693
       -0.0002578639   0.0004090878  -0.0002469785
        0.0000400870  -0.0000118048  -0.0000023949   0.0000387633   0.0000355823
       -0.0000137771   0.0001111505  -0.0001213221   0.0000240043   0.0003119700
       -0.0002345024   0.0001705744  -0.0024212077   0.0036636105  -0.0024506113
       -0.0024813218   0.1036277541  -0.2007431326   0.0021222889   0.0036675384
       -0.0022220187  -0.0002803393  -0.0003910290   0.0003386545   0.0000167323
       -0.0000061476  -0.0000026082  -0.0000131684  -0.0000180244  -0.0000018185
        0.0000058126   0.0000082105   0.0000093714  -0.0000055880  -0.0000044246
       -0.0000375623  -0.0000345943  -0.0000424518   0.0000610942   0.0000417503
       -0.0000133821   0.0000153139   0.0001369034  -0.0000896381   0.0000480927
       -0.0000083781   0.0000519087  -0.0003062550  -0.0004418916  -0.0002647338
        0.0004997359   0.0003223041  -0.0004268853   0.0007721632  -0.0005973710
        0.0005842249   0.0011667939  -0.0002722389   0.0136078298  -0.0292718651
        0.0030178453  -0.1234463712   0.2298574140  -0.0002893780  -0.0004197021
        0.0007325928   0.0004841160   0.0005964197   0.0012050080   0.0000147753
        0.0000468476  -0.0003415263  -0.0002172736  -0.0002073287   0.0000362669
        0.0003982516  -0.0001921785   0.0004564900
        0.0000056248   0.0000123283   0.0000024311   0.0000186670  -0.0000054705
        0.0000089857  -0.0000010327   0.0000527503   0.0000102149  -0.0000562425
        0.0000261014   0.0000787331   0.0007812334  -0.0010792594  -0.0008233385
       -0.0027888895  -0.0165629584  -0.0193727751  -0.0413867880   0.0040751708
        0.0063345829  -0.0050191095   0.0181803218   0.0204599378  -0.0000010816
        0.0000009739  -0.0000039376   0.0000081834   0.0000011409   0.0000011925
       -0.0000089643   0.0000049562   0.0000065231   0.0000260091   0.0000148557
        0.0000133927   0.0000049089   0.0000002503  -0.0000062883  -0.0000515377
        0.0000242245   0.0000345978   0.0000033527  -0.0000014760  -0.0000082309
        0.0001052614   0.0001313547   0.0001251920   0.0000541481   0.0000210844
       -0.0000471502  -0.0006619020   0.0002037774   0.0004083460  -0.0000100494
        0.0000669726  -0.0000232346  -0.0040384678  -0.0036793070  -0.0004618144
        0.0007167860   0.0004935556  -0.0002893780   0.0543757063  -0.0055622786
       -0.0075608840   0.0012454354  -0.0000212330   0.0000466897  -0.0046295641
        0.0038866458   0.0002866946   0.0005409948   0.0001469705   0.0004729212
        0.0007673178  -0.0004314521   0.0003065965
        0.0000128225  -0.0000010687  -0.0000014771   0.0000365812   0.0000089540
       -0.0000119260   0.0000424139   0.0000136752   0.0000047911   0.0000930251
        0.0000657482   0.0000307680   0.0008910069   0.0005577228   0.0001240995
       -0.0037937355  -0.0150212458  -0.0172031020   0.0045304485  -0.1256920912
       -0.1072754088   0.0048708151  -0.0128513600  -0.0149660529   0.0000000296
        0.0000008561  -0.0000066717  -0.0000019278  -0.0000058084  -0.0000002655
       -0.0000066874   0.0000152255   0.0000134541   0.0000160554   0.0000047668
        0.0000119803   0.0000002129  -0.0000115524   0.0000046110  -0.0000338049
        0.0000499431   0.0000425890   0.0000036175  -0.0000045179  -0.0000076331
        0.0001410268   0.0000551929   0.0000993574   0.0000250706  -0.0000353329
       -0.0000223896  -0.0003196701   0.0004415782   0.0002579455  -0.0000651155
       -0.0000527221   0.0000351697  -0.0036997696  -0.0029036742  -0.0004747666
        0.0005201364   0.0001187800  -0.0004197021  -0.0055622786   0.1473509380
        0.1270802741  -0.0005123536   0.0092955170   0.0131574960   0.0037268601
       -0.0020242263  -0.0002125780  -0.0004298257   0.0005854781   0.0001498500
       -0.0004849538   0.0000392241  -0.0004104123
        0.0000135902  -0.0000053482  -0.0000039605   0.0000290685   0.0000170985
       -0.0000066019   0.0000319355  -0.0000286208  -0.0000083083   0.0000964040
        0.0001276132   0.0000147391   0.0002687530   0.0002514150   0.0001974163
       -0.0021518257  -0.0035165242  -0.0017973409   0.0066199733  -0.1074260706
       -0.1922271940   0.0017854253  -0.0021653091  -0.0007407675  -0.0000027698
        0.0000040839  -0.0000117011  -0.0000021208  -0.0000024069   0.0000001253
       -0.0000063002   0.0000123765   0.0000174983   0.0000135886   0.0000107843
        0.0000032276   0.0000062655  -0.0000047910   0.0000072679  -0.0000339186
        0.0000351572   0.0000612406  -0.0000083645   0.0000068205  -0.0000410557
        0.0001278908   0.0000918674   0.0000472149   0.0000456575   0.0000211913
        0.0000108969  -0.0004352801   0.0002171889   0.0004851398  -0.0000167904
       -0.0000491989  -0.0003448400  -0.0004698696  -0.0005027480   0.0012222677
        0.0002745411   0.0004611108   0.0007325928  -0.0075608840   0.1270802741
        0.2194696623   0.0010741858  -0.0152517456  -0.0291957387   0.0004296217
       -0.0000209705   0.0012923765   0.0002052666   0.0002341752   0.0000261928
       -0.0003340437   0.0004025771   0.0007896498
        0.0000058033   0.0000116606  -0.0000020909   0.0000183863  -0.0000056070
       -0.0000081280  -0.0000014514   0.0000493134  -0.0000104883  -0.0000688951
        0.0000246872  -0.0000837949   0.0007583568  -0.0010082347   0.0008264299
       -0.0034909527  -0.0157147718   0.0201803126  -0.0411295645   0.0001164317
       -0.0007922095  -0.0042218092   0.0168677511  -0.0215541707  -0.0000090020
        0.0000059615  -0.0000061564   0.0000074574   0.0000006509  -0.0000015431
        0.0000002082   0.0000003043   0.0000035956   0.0000032148  -0.0000009456
        0.0000046371   0.0000260236   0.0000159728  -0.0000136386   0.0000078611
       -0.0000044159   0.0000055893  -0.0000515359   0.0000267107  -0.0000329143
        0.0000460948   0.0000171502   0.0000395397   0.0001077072   0.0001391570
       -0.0001297188  -0.0000064735   0.0000590021   0.0000114306  -0.0006406740
        0.0002159280  -0.0004168474   0.0007624677   0.0005241656   0.0002851463
       -0.0040630842  -0.0036452949   0.0004841160   0.0012454354  -0.0005123536
        0.0010741858   0.0539649642  -0.0007675227   0.0016022164   0.0007373123
       -0.0004374585  -0.0002700940   0.0005811812   0.0001437918  -0.0004839160
       -0.0045890319   0.0038779660  -0.0007114883
        0.0000120469   0.0000000601   0.0000004283   0.0000343350   0.0000081571
        0.0000132482   0.0000389807   0.0000154507  -0.0000083543   0.0000710444
        0.0000591869  -0.0000217628   0.0008173092   0.0005030391  -0.0001184339
       -0.0042791464  -0.0139962862   0.0176549167   0.0006284836  -0.1143021626
        0.1032103746   0.0041656436  -0.0117818856   0.0157293172  -0.0000061594
        0.0000155775  -0.0000114030  -0.0000024843  -0.0000055195   0.0000003838
        0.0000007836  -0.0000004136   0.0000057735  -0.0000009263  -0.0000107401
       -0.0000067888   0.0000148106   0.0000046016  -0.0000107546   0.0000052158
       -0.0000089276   0.0000044559  -0.0000300565   0.0000475970  -0.0000372426
        0.0000174271  -0.0000348670   0.0000145055   0.0001333144   0.0000523384
       -0.0000907225  -0.0000608630  -0.0000661938  -0.0000526889  -0.0002657871
        0.0004116274  -0.0002400382   0.0005022545   0.0001300660   0.0004897283
       -0.0037264068  -0.0028583655   0.0005964197  -0.0000212330   0.0092955170
       -0.0152517456  -0.0007675227   0.1338926346  -0.1225956322  -0.0004759319
        0.0000357236   0.0004213607  -0.0004528499   0.0005902467  -0.0002003638
        0.0036477178  -0.0019964621   0.0005050188
       -0.0000135034   0.0000068859  -0.0000040315  -0.0000307008  -0.0000180759
       -0.0000079829  -0.0000340680   0.0000295126  -0.0000122346  -0.0000999053
       -0.0001268516   0.0000171195  -0.0002624579  -0.0002655704   0.0001862832
        0.0022348874   0.0035633550  -0.0021204180  -0.0010688579   0.1033895608
       -0.2039922880  -0.0021720241   0.0033780293  -0.0025570213   0.0000072989
       -0.0000135491   0.0000169325   0.0000035012   0.0000038876   0.0000004002
        0.0000013376  -0.0000021574  -0.0000110866  -0.0000046431   0.0000066654
        0.0000100827  -0.0000134675  -0.0000120167   0.0000035113   0.0000033839
       -0.0000028987  -0.0000376117   0.0000355930  -0.0000381715   0.0000604740
       -0.0000407173  -0.0000153307   0.0000203456  -0.0001292623  -0.0000970613
        0.0000471068   0.0000019227   0.0000484428  -0.0003172996   0.0004329309
       -0.0002192101   0.0004945669  -0.0003138153  -0.0004501465   0.0007968250
        0.0004799579   0.0005276138   0.0012050080   0.0000466897   0.0131574960
       -0.0291957387   0.0016022164  -0.1225956322   0.2333759422   0.0003457024
       -0.0003552484   0.0007506334  -0.0001628675  -0.0002680760   0.0000481632
       -0.0008491316   0.0003685474   0.0012223183
        0.0000061200   0.0000021691  -0.0000015048   0.0000078943  -0.0000077148
        0.0000010095   0.0000251034   0.0000105625  -0.0000054155   0.0000122312
       -0.0000518988  -0.0000087546  -0.0000375487  -0.0000126717  -0.0000688283
        0.0009677770   0.0009971906   0.0008544719  -0.0043178937   0.0177179750
        0.0208485213  -0.0435311233   0.0053539687   0.0085158339   0.0000018575
        0.0000002866   0.0000016868   0.0000024419  -0.0000031851  -0.0000002986
        0.0000052325  -0.0000026757  -0.0000030320  -0.0000090157  -0.0000060289
       -0.0000072825  -0.0000011852   0.0000000996   0.0000027380   0.0000260722
       -0.0000151154  -0.0000167770   0.0000055032  -0.0000003809   0.0000065934
       -0.0000483023  -0.0000319785  -0.0000386747   0.0000003060   0.0000027937
        0.0000089126   0.0001128953  -0.0001285977  -0.0001335427   0.0000590056
       -0.0000156255   0.0000502782  -0.0005341621  -0.0002530974  -0.0004328905
       -0.0000331704  -0.0000536159   0.0000147753  -0.0046295641   0.0037268601
        0.0004296217   0.0007373123  -0.0004759319   0.0003457024   0.0509470588
       -0.0092579732  -0.0099523683  -0.0005335004  -0.0172431098  -0.0208688586
        0.0007586547  -0.0002523049   0.0004580831
       -0.0000041521   0.0000059215  -0.0000029694  -0.0000119810  -0.0000133554
       -0.0000045314  -0.0000311362   0.0000118591  -0.0000121483  -0.0000554064
        0.0000137966   0.0000075419  -0.0001609964   0.0000451656   0.0000182994
       -0.0008689510   0.0006973912   0.0002497608   0.0049292221  -0.0135238862
       -0.0148684378   0.0049468566  -0.1315826615  -0.1141893816   0.0000002150
       -0.0000057522   0.0000050929   0.0000111428   0.0000067395   0.0000015468
       -0.0000032779  -0.0000014558   0.0000018031   0.0000061277   0.0000157298
        0.0000133579   0.0000009569   0.0000006417  -0.0000042872  -0.0000144923
        0.0000004146   0.0000063845   0.0000016694  -0.0000135887   0.0000074934
        0.0000280621   0.0000490844   0.0000384314  -0.0000026206  -0.0000034512
       -0.0000072886  -0.0001435007   0.0000298524   0.0000776186  -0.0000100904
       -0.0000431438  -0.0000116704   0.0002576485   0.0004266890   0.0002121445
        0.0000469813  -0.0000661041   0.0000468476   0.0038866458  -0.0020242263
       -0.0000209705  -0.0004374585   0.0000357236  -0.0003552484  -0.0092579732
        0.1517853177   0.1342994948  -0.0024381437  -0.0156721840  -0.0190932428
       -0.0006753477   0.0098254826   0.0135843587
       -0.0000056651   0.0000036114   0.0000003206  -0.0000104497  -0.0000185257
       -0.0000048965  -0.0000247251   0.0000181414  -0.0000040550  -0.0000352553
       -0.0000328597  -0.0000013587  -0.0001413396   0.0001084776   0.0000058656
       -0.0002933654   0.0002964210   0.0002241527   0.0025796468  -0.0026619422
       -0.0006029986   0.0082899621  -0.1140865813  -0.1961553044  -0.0000017127
       -0.0000047081   0.0000053475   0.0000110447   0.0000073291   0.0000002236
       -0.0000024185   0.0000008939   0.0000003498   0.0000061268   0.0000116402
        0.0000166374   0.0000039039   0.0000065692  -0.0000121854  -0.0000115549
        0.0000056989  -0.0000024678  -0.0000050395  -0.0000051403   0.0000082998
        0.0000278973   0.0000360150   0.0000585605   0.0000095907   0.0000121339
       -0.0000449621  -0.0001203443   0.0000649503   0.0000266109  -0.0000399580
        0.0000140331   0.0000156328   0.0003773547   0.0002217436   0.0004273464
        0.0000280312  -0.0000533356  -0.0003415263   0.0002866946  -0.0002125780
        0.0012923765  -0.0002700940   0.0004213607   0.0007506334  -0.0099523683
        0.1342994948   0.2245730194  -0.0011092492  -0.0022103769  -0.0015949194
        0.0004032868  -0.0162424664  -0.0286407027
       -0.0000204452  -0.0000213101   0.0000000348  -0.0000306077   0.0000542306
        0.0000021069  -0.0001107328  -0.0001333805  -0.0000009706  -0.0003615451
        0.0003007744  -0.0000016889  -0.0012516512  -0.0010200851  -0.0000100854
       -0.0049596179   0.0037702020  -0.0001707546  -0.0262461434  -0.0142365763
        0.0000765702  -0.1903253660  -0.1180742859   0.0019988719   0.0000023020
        0.0000111134  -0.0000109642  -0.0000350084  -0.0000110490   0.0000003999
        0.0000031208   0.0000099355   0.0000113088   0.0000073735  -0.0000025535
       -0.0000034043   0.0000082555  -0.0000018668   0.0000022313   0.0000092194
        0.0000059495   0.0000131698   0.0000077613   0.0000077098  -0.0000140352
        0.0000499564   0.0000335021   0.0000193469   0.0000536379   0.0000376142
       -0.0000215412   0.0000332010  -0.0000279303   0.0000168977   0.0000294787
       -0.0000242128  -0.0000175916   0.0002462494   0.0003046220   0.0002022437
        0.0002638978   0.0003208026  -0.0002172736   0.0005409948  -0.0004298257
        0.0002052666   0.0005811812  -0.0004528499  -0.0001628675  -0.0005335004
       -0.0024381437  -0.0011092492   0.2232164108   0.1349287561  -0.0021358951
       -0.0011784226  -0.0029111423   0.0013278727
        0.0000049752  -0.0000027743  -0.0000002464   0.0000181189   0.0000084955
        0.0000005903   0.0000593315   0.0000058602  -0.0000001397   0.0002184946
       -0.0000550318   0.0000038947   0.0006558843   0.0004209005   0.0000049211
        0.0023288942  -0.0007723736   0.0000798368   0.0122224931   0.0087103338
       -0.0000975440  -0.1178077804  -0.1355269941   0.0014320136  -0.0000033583
        0.0000065211  -0.0000076962  -0.0000110512  -0.0000051434   0.0000001527
       -0.0000029899   0.0000056534   0.0000076430   0.0000007120  -0.0000058723
       -0.0000034662   0.0000010856  -0.0000054597   0.0000028479  -0.0000147493
        0.0000161740   0.0000176224  -0.0000154244   0.0000176110  -0.0000178100
        0.0000097985  -0.0000122595   0.0000011532   0.0000110913  -0.0000121401
       -0.0000026992  -0.0000809452   0.0000694615   0.0000476114  -0.0000810461
        0.0000690512  -0.0000521774   0.0001765007   0.0000683512   0.0002049063
        0.0001729469   0.0000608094  -0.0002073287   0.0001469705   0.0005854781
        0.0002341752   0.0001437918   0.0005902467  -0.0002680760  -0.0172431098
       -0.0156721840  -0.0022103769   0.1349287561   0.1555999007  -0.0018031834
       -0.0158393906  -0.0141646158   0.0026333755
       -0.0000002121   0.0000001243  -0.0000003058  -0.0000015154   0.0000005270
       -0.0000022186  -0.0000043574  -0.0000019112   0.0000071906  -0.0000133256
        0.0000071166   0.0000067574  -0.0000469038  -0.0000285589   0.0002144533
       -0.0001687740   0.0001124221   0.0005466958  -0.0008109897  -0.0004700093
        0.0003340676   0.0020045781   0.0014245562  -0.0452919212   0.0000002347
       -0.0000017379   0.0000006004  -0.0000000076   0.0000000574  -0.0000016008
        0.0000003136   0.0000017815   0.0000004577   0.0000014702  -0.0000003491
        0.0000004536  -0.0000012586   0.0000002221   0.0000001524  -0.0000013895
        0.0000006218  -0.0000019506   0.0000024359  -0.0000013170  -0.0000007709
        0.0000121901  -0.0000025485  -0.0000001468  -0.0000120910   0.0000028904
       -0.0000023686  -0.0000257283   0.0000237148   0.0000017477   0.0000308999
       -0.0000275918   0.0000053170   0.0001299088   0.0000655992   0.0000400167
       -0.0001244356  -0.0000654693   0.0000362669   0.0004729212   0.0001498500
        0.0000261928  -0.0004839160  -0.0002003638   0.0000481632  -0.0208688586
       -0.0190932428  -0.0015949194  -0.0021358951  -0.0018031834   0.0480961556
        0.0220447057   0.0199067997  -0.0024684858
        0.0000057371   0.0000020023   0.0000013731   0.0000075374  -0.0000079766
       -0.0000020398   0.0000235520   0.0000113242   0.0000061471   0.0000115791
       -0.0000490471   0.0000079461  -0.0000458648  -0.0000017320   0.0000721433
        0.0009612990   0.0009894276  -0.0008857016  -0.0036280447   0.0161825993
       -0.0220436358  -0.0431991414   0.0017692461  -0.0042355422   0.0000052363
       -0.0000033331   0.0000022884   0.0000029655  -0.0000031814  -0.0000004028
        0.0000008654   0.0000003274  -0.0000019754   0.0000003229   0.0000006921
       -0.0000014040  -0.0000089435  -0.0000068080   0.0000062785   0.0000024602
        0.0000014296  -0.0000057804   0.0000260479  -0.0000159783   0.0000159641
        0.0000058017   0.0000049188  -0.0000020283  -0.0000483571  -0.0000339348
        0.0000351866   0.0000520269  -0.0000119746  -0.0000456050   0.0001069149
       -0.0001227888   0.0001371002  -0.0000279191  -0.0000504986   0.0000214865
       -0.0005464442  -0.0002578639   0.0003982516   0.0007673178  -0.0004849538
       -0.0003340437  -0.0045890319   0.0036477178  -0.0008491316   0.0007586547
       -0.0006753477   0.0004032868  -0.0011784226  -0.0158393906   0.0220447057
        0.0505338507  -0.0050448759   0.0052551325
       -0.0000036785   0.0000050021   0.0000039712  -0.0000108102  -0.0000120176
        0.0000035007  -0.0000286301   0.0000110815   0.0000134807  -0.0000519795
        0.0000153328  -0.0000114308  -0.0001489956   0.0000367650  -0.0000179701
       -0.0008187547   0.0006535899  -0.0003105694   0.0043297388  -0.0123387787
        0.0157443121   0.0013539455  -0.1161561047   0.1087127212  -0.0000027416
       -0.0000010230  -0.0000009193   0.0000099087   0.0000054016  -0.0000018699
        0.0000004359  -0.0000066106  -0.0000052427   0.0000003119  -0.0000001855
        0.0000020442   0.0000048167   0.0000151289  -0.0000125320   0.0000032977
       -0.0000144332  -0.0000080458  -0.0000131502   0.0000006023  -0.0000046348
       -0.0000053083  -0.0000062500   0.0000023826   0.0000247068   0.0000480118
       -0.0000346050  -0.0000029319  -0.0000448142   0.0000113832  -0.0001331206
        0.0000239936  -0.0000751365   0.0000404009  -0.0000804856  -0.0000663597
        0.0002143476   0.0004090878  -0.0001921785  -0.0004314521   0.0000392241
        0.0004025771   0.0038779660  -0.0019964621   0.0003685474  -0.0002523049
        0.0098254826  -0.0162424664  -0.0029111423  -0.0141646158   0.0199067997
       -0.0050448759   0.1337330770  -0.1281877591
        0.0000065437  -0.0000045441  -0.0000002307   0.0000111543   0.0000194840
       -0.0000055046   0.0000270329  -0.0000192805  -0.0000040835   0.0000391905
        0.0000312198  -0.0000031795   0.0001490256  -0.0001093905   0.0000250318
        0.0003640440  -0.0002826784   0.0002086170  -0.0029110721   0.0039027295
       -0.0025473598  -0.0040099953   0.1086888535  -0.2118716532   0.0000029444
       -0.0000018452   0.0000002065  -0.0000112325  -0.0000079747   0.0000007244
        0.0000019054   0.0000056923   0.0000060516  -0.0000035883  -0.0000058321
       -0.0000105916  -0.0000065786  -0.0000132829   0.0000177971   0.0000038762
        0.0000081606   0.0000093805   0.0000133965  -0.0000072236  -0.0000022610
       -0.0000055764  -0.0000093608  -0.0000406224  -0.0000337646  -0.0000409351
        0.0000620307   0.0000367149  -0.0000058363   0.0000191208   0.0001310139
       -0.0000721139   0.0000380851  -0.0000004824   0.0000465553  -0.0003131107
       -0.0004407486  -0.0002469785   0.0004564900   0.0003065965  -0.0004104123
        0.0007896498  -0.0007114883   0.0005050188   0.0012223183   0.0004580831
        0.0135843587  -0.0286407027   0.0013278727   0.0026333755  -0.0024684858
        0.0052551325  -0.1281877591   0.2430522820
