           1           2   1.01904183436921     
           2           3   1.00774279128986     
           3           4   1.00700595391508     
           4           5   1.00685328030061     
           5           6   1.00700610960960     
           6           7   1.00774105362255     
           7           8   1.01904177608841     
           1           9  0.988046141200024     
           1          10  0.987563270903135     
           1          11  0.988018378971908     
           2          12  0.978720881310090     
           2          13  0.978607367316347     
           3          14  0.977461800621329     
           3          15  0.977643176878241     
           4          16  0.977698749575335     
           4          17  0.977449500927631     
           5          18  0.977453409406533     
           5          19  0.977691834958937     
           6          20  0.977632837194985     
           6          21  0.977476923703408     
           7          22  0.978606063148797     
           7          23  0.978722478759906     
           8          24  0.988022966853331     
           8          25  0.987563305313939     
           8          26  0.988043011887964     
