$coord
         -4.797382114643          0.625534849135          0.007257654269     c 
         -2.410821042650         -0.977356530778          0.075933933745     c 
          0.000798796985          0.613670014467         -0.087762873824     c 
          2.409712119338         -0.977259648875         -0.081567870093     c 
          4.799890834311          0.623090279994          0.078390222966     c 
         -4.998551054140          1.550684006716         -1.835754654688     h 
         -4.746938612215          2.104314894219          1.457040310651     h 
         -6.498302445385         -0.516219715677          0.325336719684     h 
         -2.430422757206         -2.361871067740         -1.464675914834     h 
         -2.363906941126         -2.103853433536          1.822921017808     h 
          0.053088875928          1.952492722004          1.496188921459     h 
         -0.063581909585          1.798685971502         -1.791978768135     h 
          2.446818596665         -2.149886233018         -1.799734814191     h 
          2.336454707445         -2.324065815489          1.502288930178     h 
          6.501188762533         -0.534977250345          0.004824373406     h 
          4.838436505567          1.691813146884          1.852415472653     h 
          4.899515950100          1.993059343480         -1.476528666595     h 
$end
