           1           2   1.02655924681193     
           2           3   1.01184996571284     
           3           4   1.01275693730534     
           4           5   1.02651694094973     
           1           6  0.981037248110923     
           1           7  0.979121668992444     
           1           8  0.982181931332636     
           2           9  0.977277365826817     
           2          10  0.975748203398012     
           3          11  0.974654781407073     
           3          12  0.975946428536012     
           4          13  0.975724046221736     
           4          14  0.974068836607716     
           5          15  0.982443671444953     
           5          16  0.981086627841546     
           5          17  0.980752218444317     
