   -0.10138821
   -0.05219812
   -0.05738253
   -0.05729785
   -0.05731964
   -0.05795092
   -0.05733951
   -0.05715645
   -0.05703246
   -0.05623901
   -0.05230849
   -0.10095994
    0.03279356
    0.03279118
    0.03172259
    0.02668206
    0.02668699
    0.02836965
    0.03232693
    0.02569921
    0.02999873
    0.02716767
    0.02697219
    0.02566128
    0.03519511
    0.02477695
    0.03779074
    0.02851347
    0.02579325
    0.02589167
    0.02895551
    0.03305643
    0.02554516
    0.03159793
    0.02669733
    0.03109349
    0.03200267
    0.03079138
