           1           2   1.01910217282898     
           2           3   1.00753674063441     
           3           4   1.00832345328985     
           4           5   1.00659233770621     
           5           6   1.00672097806548     
           6           7   1.00931861303802     
           7           8   1.00697050705814     
           8           9   1.00678456806139     
           9          10   1.00724494237487     
          10          11   1.00889640218499     
          11          12   1.01885525963182     
           1          13  0.988008641822298     
           1          14  0.988011407633141     
           1          15  0.987601997157388     
           2          16  0.978628865056845     
           2          17  0.978662779440038     
           3          18  0.977487205396818     
           3          19  0.972265605403633     
           4          20  0.977015607688780     
           4          21  0.975128030808356     
           5          22  0.977746214895257     
           5          23  0.977415189415294     
           6          24  0.977017878063627     
           6          25  0.972699115760543     
           7          26  0.977045864250282     
           7          27  0.971487372924897     
           8          28  0.976541845044050     
           8          29  0.977389581368963     
           9          30  0.977585732728504     
           9          31  0.976251929966817     
          10          32  0.972015576104956     
          10          33  0.977042697843723     
          11          34  0.976455250890418     
          11          35  0.978612870524163     
          12          36  0.988039874144950     
          12          37  0.987996010826191     
          12          38  0.987749205719444     
