$hessian                                                                        
        0.4736117149   0.0201222931  -0.0177301514  -0.1719848689   0.0433019380
       -0.0376256225  -0.0282504832   0.0033190748  -0.0051136086  -0.0032066150
       -0.0028485519   0.0013568502  -0.0010643153   0.0003758580  -0.0003691444
       -0.0002572564  -0.0002392587   0.0001109874   0.0000021319   0.0000148676
       -0.0000029709  -0.0498033339   0.0356773031   0.0166157132  -0.0429706662
       -0.0005258367  -0.0032440583  -0.1633947557  -0.1086548828   0.0528582959
       -0.0047193679   0.0019607576  -0.0042042310  -0.0093517892   0.0062001888
       -0.0019213445   0.0007065305   0.0006544958  -0.0006073160   0.0007877987
        0.0008260515  -0.0002000300   0.0000329080  -0.0002169068  -0.0000716548
       -0.0000299047  -0.0000212792   0.0002005563  -0.0000151132   0.0000695432
        0.0000043333  -0.0000094750   0.0000127054  -0.0000661586  -0.0001142473
        0.0000383021  -0.0000348298   0.0000264392  -0.0000078671   0.0000611968
        0.0000023888  -0.0000100099  -0.0000252588   0.0000078486  -0.0000419460
        0.0000024525  -0.0000055688  -0.0000068399   0.0000059939
        0.0201222931   0.5172414440   0.0058303121   0.0425354313  -0.0823180077
        0.0132694474  -0.0147777636   0.0046925463  -0.0041394568  -0.0026678635
       -0.0016738400   0.0009258482  -0.0008329487   0.0004092749  -0.0002166861
       -0.0002013919  -0.0001315568   0.0000946078  -0.0000249076  -0.0000124666
       -0.0000093973   0.0361377168  -0.2392612799  -0.0844348307  -0.0002883521
       -0.0463291134   0.0140726369  -0.1088882986  -0.1404347114   0.0457128420
        0.0033585240  -0.0004517484   0.0021036265   0.0269746912  -0.0129965907
        0.0073693414  -0.0002780946   0.0003464910  -0.0004657469  -0.0010971671
        0.0007941340  -0.0000338859  -0.0001151833   0.0000853235   0.0000610416
        0.0000147097  -0.0000317894  -0.0000716175   0.0000658626   0.0000562845
       -0.0000240343   0.0000406801   0.0000198116  -0.0000198428  -0.0000923530
       -0.0000019714  -0.0000151574   0.0000149026  -0.0000017356  -0.0000049046
        0.0000130122  -0.0000050943   0.0000055202  -0.0000036411  -0.0000135171
       -0.0000009794  -0.0000098584   0.0000181130  -0.0000086844
       -0.0177301514   0.0058303121   0.5175920437  -0.0372139474   0.0133682046
       -0.0802630063   0.0058118710  -0.0021755896   0.0024375855   0.0012656303
        0.0008942026  -0.0000968740   0.0003671493  -0.0000817235   0.0002930352
        0.0000934249   0.0000597065  -0.0000395995   0.0000163971   0.0000053629
        0.0000147828   0.0166042270  -0.0845246783  -0.0821284451  -0.0036459669
        0.0140787774  -0.2818472757   0.0530015876   0.0457405661  -0.0671546522
       -0.0287801337   0.0112911527  -0.0134114939   0.0092137008  -0.0042435020
        0.0037221928   0.0011074202  -0.0000932670   0.0006908939  -0.0001456529
       -0.0000855318   0.0001101234  -0.0000689365  -0.0000244495  -0.0000508369
        0.0001301546   0.0000051567   0.0001209409  -0.0000218679  -0.0000097433
        0.0000024694  -0.0000465002  -0.0000376928   0.0000106733   0.0000452407
        0.0000062348   0.0000122812   0.0000078060   0.0000019096  -0.0000021661
       -0.0000095024  -0.0000005071  -0.0000067109  -0.0000107619  -0.0000001047
       -0.0000108689   0.0000088118  -0.0000047962   0.0000049076
       -0.1719848689   0.0425354313  -0.0372139474   0.4585597088  -0.0126755678
       -0.0011288811  -0.1266898081  -0.0594895221   0.0298477910  -0.0272828167
       -0.0140895765   0.0057234250  -0.0044077309   0.0015910945  -0.0015074134
       -0.0009893251  -0.0008587993   0.0004214054   0.0000434679  -0.0000342187
       -0.0000104443  -0.0087740020   0.0068446166  -0.0013093735  -0.0039415581
        0.0018031512  -0.0049893891  -0.0254090348   0.0059994998  -0.0064633427
       -0.0412224467   0.0006855248  -0.0011378173  -0.0467627069   0.0327199275
        0.0144658772  -0.0027375871  -0.0027028471   0.0034724913   0.0007305804
       -0.0012083262  -0.0008441737   0.0006249336  -0.0008868804   0.0002009368
        0.0007321339  -0.0004617615   0.0006656018  -0.0000761816   0.0001520649
        0.0000144069  -0.0000673161  -0.0000103849  -0.0001125855  -0.0003758118
        0.0001139425  -0.0001355691   0.0000275630  -0.0000310954   0.0000694482
       -0.0000037328  -0.0000132487  -0.0000350993  -0.0000292774  -0.0000026429
       -0.0000111039   0.0000358169   0.0000196185   0.0000177566
        0.0433019380  -0.0823180077   0.0133682046  -0.0126755678   0.5075421067
        0.0176917250  -0.0585966682  -0.1183797774   0.0234182211   0.0033055565
        0.0045305972  -0.0022449370   0.0016473083  -0.0003247515   0.0005271783
        0.0003501606   0.0003727758  -0.0001401568   0.0000094790   0.0000498017
        0.0000141223   0.0268688247  -0.0135801645   0.0073850438   0.0027713518
       -0.0008034626   0.0026774458  -0.0165563900   0.0055645734  -0.0049947276
        0.0004120671  -0.0472601994   0.0126076560   0.0321498861  -0.2298133191
       -0.0810544629  -0.0037141308  -0.0026403616   0.0038564164  -0.0213178999
       -0.0240603948   0.0070800648   0.0013898500   0.0007075699   0.0000104565
        0.0005147516   0.0002565350  -0.0001807751   0.0000089310   0.0001445602
        0.0000668992  -0.0000337646  -0.0000087994  -0.0001284981   0.0002116957
        0.0000179418   0.0000196023  -0.0000392266   0.0000010518   0.0000183439
       -0.0000094039   0.0000095531  -0.0000350453  -0.0000322787  -0.0000049804
        0.0000253689   0.0000335303  -0.0000028480   0.0000118540
       -0.0376256225   0.0132694474  -0.0802630063  -0.0011288811   0.0176917250
        0.5284660920   0.0292463944   0.0233236488  -0.0801920831  -0.0048556803
       -0.0040305678   0.0023204930  -0.0014719165   0.0004930505  -0.0001524262
       -0.0003238739  -0.0001743802   0.0003322395  -0.0000247440  -0.0000013176
       -0.0000225321   0.0098268970  -0.0036743098   0.0038474195  -0.0288406299
        0.0114332466  -0.0138158125   0.0072075109  -0.0025144657   0.0026451723
       -0.0006156174   0.0125333103  -0.2706963190   0.0144458393  -0.0809036082
       -0.0824088792   0.0229460011   0.0206190050  -0.0142770326  -0.0076656462
       -0.0074632790   0.0037249311   0.0002078857  -0.0001094928   0.0001190238
       -0.0011741988  -0.0003960455   0.0003973428   0.0000490923  -0.0000414559
       -0.0000641781  -0.0000891526  -0.0000182537   0.0000827087  -0.0001515185
       -0.0000186056  -0.0000313237   0.0000354461  -0.0000196528  -0.0000229131
        0.0000083317   0.0000026739  -0.0000162156   0.0000349973  -0.0000102185
        0.0000280549  -0.0000409140   0.0000095456  -0.0000007563
       -0.0282504832  -0.0147777636   0.0058118710  -0.1266898081  -0.0585966682
        0.0292463944   0.4558914666  -0.0095224798  -0.0030023691  -0.1626893970
        0.0435354256  -0.0357281745  -0.0277420987   0.0029245588  -0.0048505286
       -0.0027907474  -0.0026834169   0.0013621314   0.0000303665  -0.0000711173
       -0.0000551484   0.0008981554  -0.0008729250   0.0001874584   0.0009774923
       -0.0004464846   0.0007795063  -0.0055230444   0.0012496849  -0.0014180295
       -0.0028809749  -0.0028504255   0.0037100299   0.0006837735  -0.0014460802
       -0.0009380190  -0.0414774199   0.0010272221  -0.0020967005  -0.0469087876
        0.0320978006   0.0140292590  -0.0091313588   0.0066311970  -0.0014897373
       -0.0048160176   0.0020004550  -0.0046265895   0.0009067559   0.0010639255
       -0.0002609958   0.0006706057   0.0005794082  -0.0005250115  -0.0011528292
        0.0002273271  -0.0003390725  -0.0000206633  -0.0000733549   0.0002192025
       -0.0000627047  -0.0000066915  -0.0000701061   0.0000052468  -0.0000102491
       -0.0000189217   0.0000724719   0.0000206516   0.0000735510
        0.0033190748   0.0046925463  -0.0021755896  -0.0594895221  -0.1183797774
        0.0233236488  -0.0095224798   0.5072862419   0.0178066872   0.0435070124
       -0.0816804531   0.0123820384  -0.0143255895   0.0043531775  -0.0039262399
       -0.0028214707  -0.0018945710   0.0010421021   0.0001717131  -0.0000807562
       -0.0000414979   0.0013181026   0.0008505250  -0.0000230601   0.0005044638
        0.0002878552  -0.0002391772   0.0024866994   0.0002192593   0.0004728664
       -0.0036409779  -0.0026053766   0.0038545930  -0.0212623492  -0.0241066285
        0.0071776596   0.0010390845  -0.0472463446   0.0131430760   0.0323153678
       -0.2279602620  -0.0813895273   0.0267255606  -0.0144325080   0.0070386453
        0.0026601371  -0.0005216844   0.0023287955  -0.0015280274   0.0006913412
       -0.0000657177  -0.0003689190   0.0002218551  -0.0003765442  -0.0010990070
        0.0000540852  -0.0002528336   0.0000512397  -0.0000499410  -0.0000429244
        0.0000221527  -0.0000152394   0.0000549018  -0.0000754870   0.0001459389
       -0.0000750400   0.0000132211   0.0001707167  -0.0000168622
       -0.0051136086  -0.0041394568   0.0024375855   0.0298477910   0.0234182211
       -0.0801920831  -0.0030023691   0.0178066872   0.5268289784  -0.0354624156
        0.0123502217  -0.0799026430   0.0060234027  -0.0023851729   0.0023951348
        0.0012144239   0.0008742259  -0.0002268471   0.0001306911   0.0000447412
        0.0001008285   0.0002536041  -0.0000818399   0.0000869096  -0.0012104363
       -0.0005231441   0.0005634272  -0.0021599200   0.0003343568   0.0000983153
        0.0229159994   0.0206202540  -0.0141056863  -0.0076123460  -0.0073643054
        0.0037637299  -0.0023286211   0.0133326513  -0.2693529077   0.0140778513
       -0.0814872061  -0.0830182085   0.0094069444  -0.0043926989   0.0037445564
       -0.0284491888   0.0117649933  -0.0140205732  -0.0001421933  -0.0001695047
        0.0001814585   0.0012038514   0.0000314804   0.0003799010   0.0004421294
       -0.0000237462   0.0002624526   0.0000509644   0.0000125499   0.0000658866
        0.0000081902   0.0000052264  -0.0000357641  -0.0001170396  -0.0000224921
       -0.0000519684   0.0000222952  -0.0000060420  -0.0000024829
       -0.0032066150  -0.0026678635   0.0012656303  -0.0272828167   0.0033055565
       -0.0048556803  -0.1626893970   0.0435070124  -0.0354624156   0.4521549628
       -0.0077235396  -0.0012780805  -0.1257384341  -0.0579073548   0.0306091978
       -0.0266432841  -0.0149572778   0.0053138783   0.0005186983   0.0000245916
       -0.0000665606  -0.0000027352  -0.0002224724  -0.0000511529  -0.0000380792
       -0.0000608187   0.0002168790  -0.0011879864   0.0003389357  -0.0003592982
        0.0007287882   0.0006493016  -0.0005963267   0.0008427923   0.0009191459
       -0.0001998414  -0.0046750161   0.0018915996  -0.0046226211  -0.0091525754
        0.0065741798  -0.0015826349  -0.0450241379   0.0296304393   0.0124957025
       -0.0414132214   0.0008135709  -0.0033875296   0.0010598548  -0.0012379665
       -0.0011651105  -0.0032244570  -0.0030699005   0.0037894337  -0.0052662784
        0.0009334515  -0.0013748242   0.0011176110  -0.0003697014   0.0010970078
       -0.0001862175   0.0000146276   0.0000890314  -0.0007231501  -0.0001363786
        0.0000650066   0.0000316943  -0.0002491388   0.0000603091
       -0.0028485519  -0.0016738400   0.0008942026  -0.0140895765   0.0045305972
       -0.0040305678   0.0435354256  -0.0816804531   0.0123502217  -0.0077235396
        0.5115616385   0.0199215891  -0.0571851133  -0.1178701950   0.0243725128
        0.0014886017   0.0051131798  -0.0024526608  -0.0001399412   0.0002485114
        0.0001251648  -0.0000622868   0.0000526003   0.0000494121   0.0000296521
       -0.0000293761  -0.0000632163  -0.0010841411   0.0002859079  -0.0001688585
       -0.0003646105   0.0002880659  -0.0004098071  -0.0013238843   0.0005535004
       -0.0000596119   0.0029210269  -0.0005927140   0.0024260600   0.0263373191
       -0.0140771840   0.0070137396   0.0300499489  -0.2333385672  -0.0815875107
        0.0010232515  -0.0469819246   0.0098305321  -0.0214109742  -0.0251729458
        0.0081441374  -0.0026777901  -0.0017068503   0.0033030919   0.0019701070
        0.0005471378   0.0005743171   0.0005227981   0.0002938536  -0.0002308821
        0.0000847121   0.0000330908  -0.0001295541   0.0008387324  -0.0002904908
        0.0002747819   0.0001088342  -0.0000935425  -0.0001470940
        0.0013568502   0.0009258482  -0.0000968740   0.0057234250  -0.0022449370
        0.0023204930  -0.0357281745   0.0123820384  -0.0799026430  -0.0012780805
        0.0199215891   0.5269628448   0.0307937411   0.0246384172  -0.0812466082
       -0.0052689146  -0.0049559072   0.0025774871  -0.0000986000  -0.0000439295
        0.0000971069  -0.0000489759  -0.0000480680  -0.0000474144   0.0000618340
        0.0000066857   0.0000761102   0.0005141292  -0.0000133121   0.0002741503
        0.0012185259   0.0000199646   0.0004456329  -0.0001275377  -0.0001485574
        0.0000961458  -0.0283768928   0.0116648079  -0.0140564326   0.0096580086
       -0.0043439369   0.0037364309   0.0125222005  -0.0814106289  -0.0817322792
       -0.0034828692   0.0099875748  -0.2693703449  -0.0064046003  -0.0062962800
        0.0037617801   0.0227342112   0.0204822667  -0.0145605736  -0.0025773560
        0.0002551117  -0.0000897937  -0.0013739570  -0.0006467455   0.0006228212
       -0.0000097468   0.0000409199  -0.0000998606   0.0003196865  -0.0001737913
        0.0001890685  -0.0001269070   0.0000008697   0.0000427525
       -0.0010643153  -0.0008329487   0.0003671493  -0.0044077309   0.0016473083
       -0.0014719165  -0.0277420987  -0.0143255895   0.0060234027  -0.1257384341
       -0.0571851133   0.0307937411   0.4564728819  -0.0093235514  -0.0054998715
       -0.1656502413   0.0293342406  -0.0395310845  -0.0124737913   0.0093758625
       -0.0013649950   0.0000285941  -0.0000687725  -0.0000006735   0.0000203017
       -0.0000257248   0.0000666807  -0.0003965756   0.0001405649  -0.0001281628
       -0.0000592160   0.0000101529  -0.0001134431  -0.0000979283   0.0001025812
        0.0000321641   0.0007882682  -0.0005053062   0.0007599224   0.0006327575
       -0.0009418467   0.0001933924   0.0012540616  -0.0012938663  -0.0009026844
       -0.0028226290  -0.0024902524   0.0036443071  -0.0488458120   0.0401473585
        0.0153271814  -0.0418475339   0.0006844103   0.0037817548  -0.0256828434
        0.0033900785  -0.0079569190  -0.0031649043   0.0014685291  -0.0042660001
        0.0006103050  -0.0006878233  -0.0004512892   0.0003758926  -0.0005292175
       -0.0000084176  -0.0001890085   0.0019089258   0.0007057612
        0.0003758580   0.0004092749  -0.0000817235   0.0015910945  -0.0003247515
        0.0004930505   0.0029245588   0.0043531775  -0.0023851729  -0.0579073548
       -0.1178701950   0.0246384172  -0.0093235514   0.5026556874   0.0202424175
        0.0325997370  -0.0743235777   0.0125476602   0.0249807029  -0.0104688486
        0.0062004305  -0.0000418215  -0.0000244253  -0.0000413923  -0.0000404486
        0.0000070612   0.0000314701   0.0002145085   0.0000250595   0.0000088714
       -0.0000284423  -0.0000181264  -0.0001378621   0.0000182589   0.0001478971
        0.0000745348   0.0004636064   0.0002656832  -0.0001541881   0.0014456132
        0.0007069970  -0.0000296714  -0.0215228865  -0.0231950563   0.0077240291
       -0.0033434318  -0.0020823076   0.0035752160   0.0396396729  -0.2344274687
       -0.0711899472   0.0002978347  -0.0456518484   0.0025902479  -0.0185092861
        0.0038079243  -0.0064836294   0.0037023407  -0.0005290899   0.0029475342
       -0.0001087271   0.0008140323   0.0007602842   0.0000248889   0.0004109042
        0.0004686834   0.0025472747  -0.0046880031  -0.0017992598
       -0.0003691444  -0.0002166861   0.0002930352  -0.0015074134   0.0005271783
       -0.0001524262  -0.0048505286  -0.0039262399   0.0023951348   0.0306091978
        0.0243725128  -0.0812466082  -0.0054998715   0.0202424175   0.5251252301
       -0.0401214996   0.0122758334  -0.0829749455   0.0086435497  -0.0021670140
        0.0035158766   0.0000194451   0.0000065401   0.0000078679   0.0000375488
       -0.0000179065  -0.0000130644  -0.0001761121   0.0000003322  -0.0000203040
       -0.0000891717  -0.0000299578   0.0000896632   0.0000595040  -0.0000375119
       -0.0000453825  -0.0011628026  -0.0003676399   0.0005068922   0.0001443787
       -0.0001154168   0.0000699232  -0.0072523482  -0.0067656105   0.0036726572
        0.0228995307   0.0202682430  -0.0147799780   0.0153659562  -0.0716487869
       -0.0735098226   0.0036480482   0.0025403624  -0.2704149453   0.0053917832
       -0.0009409722   0.0026465404  -0.0285916563   0.0089061463  -0.0156328149
        0.0013499368  -0.0006726911   0.0006909308  -0.0000156924   0.0002931250
        0.0001877300   0.0014673618  -0.0025262574  -0.0004111900
       -0.0002572564  -0.0002013919   0.0000934249  -0.0009893251   0.0003501606
       -0.0003238739  -0.0027907474  -0.0028214707   0.0012144239  -0.0266432841
        0.0014886017  -0.0052689146  -0.1656502413   0.0325997370  -0.0401214996
        0.4765121482   0.0264892469  -0.0150384506  -0.0777579432   0.0329133465
        0.0174879740   0.0000352115  -0.0000518686  -0.0000079134   0.0000237862
       -0.0000129627   0.0000536272  -0.0000713804   0.0000440523  -0.0000360291
       -0.0000051336   0.0000195301  -0.0000645782  -0.0000270183   0.0000522668
        0.0000094684  -0.0000451155  -0.0000306800   0.0001753596   0.0001329630
       -0.0001807837  -0.0000434594   0.0005429802   0.0004024798  -0.0002273016
        0.0007798047   0.0006116495  -0.0006465112  -0.0107351303   0.0058147716
       -0.0030549413  -0.0035467086   0.0013828543  -0.0044122966  -0.1386845359
       -0.1081353013   0.0352814350  -0.0439673244  -0.0030130475   0.0089623925
       -0.0002234944   0.0012973783   0.0018624214   0.0057258318  -0.0152295126
       -0.0068955048  -0.0123580867   0.0262109436   0.0110007474
       -0.0002392587  -0.0001315568   0.0000597065  -0.0008587993   0.0003727758
       -0.0001743802  -0.0026834169  -0.0018945710   0.0008742259  -0.0149572778
        0.0051131798  -0.0049559072   0.0293342406  -0.0743235777   0.0122758334
        0.0264892469   0.4907577443  -0.0159822182   0.0345524974  -0.1666444808
       -0.0474532962   0.0000164265  -0.0000190950   0.0000005628   0.0000172526
       -0.0000040070   0.0000085484  -0.0000810878   0.0000095971  -0.0000124661
        0.0000342309   0.0000289720  -0.0000181671   0.0000363074   0.0000323542
       -0.0000256742   0.0000420215  -0.0000490401  -0.0000327101  -0.0000095208
       -0.0000325348   0.0000701062  -0.0001068201   0.0000517691  -0.0003804263
       -0.0002564395   0.0004037056  -0.0003309166   0.0264146299  -0.0117103253
        0.0086883480   0.0023591010  -0.0000324147   0.0016440034  -0.1084859567
       -0.1599614519   0.0391143813  -0.0027504171  -0.0461309230   0.0230899524
        0.0007020404  -0.0005955196  -0.0037941876   0.0050490133  -0.0265284251
       -0.0095531994   0.0053819864  -0.0087121751  -0.0031121191
        0.0001109874   0.0000946078  -0.0000395995   0.0004214054  -0.0001401568
        0.0003322395   0.0013621314   0.0010421021  -0.0002268471   0.0053138783
       -0.0024526608   0.0025774871  -0.0395310845   0.0125476602  -0.0829749455
       -0.0150384506  -0.0159822182   0.5217742448   0.0179590888  -0.0475264024
       -0.0905923926  -0.0000064538  -0.0000254673  -0.0000072255  -0.0000053955
        0.0000057477  -0.0000016506   0.0000723084   0.0000117593   0.0000044349
       -0.0000241942  -0.0000265181  -0.0000284173  -0.0000258706  -0.0000035264
        0.0000046569   0.0000457632   0.0000185525   0.0000554191  -0.0000464516
       -0.0000428129  -0.0000398950  -0.0001334538  -0.0002167743   0.0001212645
        0.0014929853  -0.0000282672   0.0004832895   0.0079528652  -0.0036173427
        0.0034929583  -0.0286247426   0.0092064220  -0.0158364332   0.0353745432
        0.0393143757  -0.0593410574   0.0086410746   0.0236316384  -0.2687830203
        0.0101164190  -0.0277559304  -0.0179058615  -0.0028204921   0.0054233941
        0.0034350469  -0.0026068608   0.0065218177   0.0034963041
        0.0000021319  -0.0000249076   0.0000163971   0.0000434679   0.0000094790
       -0.0000247440   0.0000303665   0.0001717131   0.0001306911   0.0005186983
       -0.0001399412  -0.0000986000  -0.0124737913   0.0249807029   0.0086435497
       -0.0777579432   0.0345524974   0.0179590888   0.5164333026   0.0199758115
        0.0094813829   0.0000148222  -0.0000137160  -0.0000097476   0.0000095521
        0.0000038230   0.0000115091  -0.0000300294  -0.0000071804   0.0000011669
       -0.0000247390   0.0000073360   0.0000099893  -0.0000210411  -0.0000324263
       -0.0000182283   0.0000328150   0.0000157622   0.0000827148  -0.0000768292
       -0.0000157497  -0.0000827714  -0.0010178652   0.0006998696  -0.0000059488
       -0.0001707534   0.0001272167   0.0001359779  -0.0049569773   0.0026831485
       -0.0013746111   0.0008626135  -0.0001439264   0.0010631766   0.0048451551
       -0.0158298914  -0.0070780070  -0.0002280405   0.0026829836   0.0023092977
       -0.0449710703  -0.0009700150  -0.0030908244  -0.1275101753  -0.1080551359
        0.0405095132  -0.2535536698   0.0393225463  -0.0685709725
        0.0000148676  -0.0000124666   0.0000053629  -0.0000342187   0.0000498017
       -0.0000013176  -0.0000711173  -0.0000807562   0.0000447412   0.0000245916
        0.0002485114  -0.0000439295   0.0093758625  -0.0104688486  -0.0021670140
        0.0329133465  -0.1666444808  -0.0475264024   0.0199758115   0.4800741087
       -0.0235880697  -0.0000035206   0.0000030848   0.0000028435   0.0000051915
       -0.0000004522  -0.0000063583  -0.0000073064  -0.0000042410   0.0000047988
       -0.0000048057   0.0000028850   0.0000348359  -0.0000089519  -0.0000272673
       -0.0000290171   0.0000358086  -0.0000070853  -0.0000203543  -0.0000099841
       -0.0000166801   0.0000063875  -0.0003520392   0.0000099476  -0.0002616689
        0.0000666726   0.0000089158   0.0000619254   0.0019869505  -0.0000031808
        0.0004168445  -0.0006926184   0.0004780760  -0.0004260667   0.0052709617
       -0.0274999662  -0.0103118245   0.0009779402  -0.0011299551  -0.0028408093
       -0.0009735773  -0.0449286623   0.0185804508  -0.1078433560  -0.1800845257
        0.0536512487   0.0393534906  -0.0499667628   0.0144133932
       -0.0000029709  -0.0000093973   0.0000147828  -0.0000104443   0.0000141223
       -0.0000225321  -0.0000551484  -0.0000414979   0.0001008285  -0.0000665606
        0.0001251648   0.0000971069  -0.0013649950   0.0062004305   0.0035158766
        0.0174879740  -0.0474532962  -0.0905923926   0.0094813829  -0.0235880697
        0.5133300271  -0.0000029397   0.0000089806  -0.0000017126  -0.0000000737
        0.0000019483  -0.0000129399  -0.0000111541  -0.0000036835   0.0000025048
       -0.0000013279   0.0000007008  -0.0000125672   0.0000190584  -0.0000010899
        0.0000096707   0.0000248095   0.0000078252   0.0000014343  -0.0000102245
        0.0000235508  -0.0000189421   0.0002522930   0.0000116727   0.0001507192
       -0.0000751670  -0.0000243555  -0.0000246536  -0.0021973298   0.0012111591
        0.0000557984  -0.0007538743   0.0011666612   0.0009580748  -0.0013253642
        0.0041385914   0.0031542067   0.0098808701  -0.0278472593  -0.0172166445
       -0.0029268260   0.0182095667  -0.2811552155   0.0404594946   0.0533963558
       -0.0652265966  -0.0688014820   0.0144519192  -0.0671068338
       -0.0498033339   0.0361377168   0.0166042270  -0.0087740020   0.0268688247
        0.0098268970   0.0008981554   0.0013181026   0.0002536041  -0.0000027352
       -0.0000622868  -0.0000489759   0.0000285941  -0.0000418215   0.0000194451
        0.0000352115   0.0000164265  -0.0000064538   0.0000148222  -0.0000035206
       -0.0000029397   0.0589559602  -0.0444942181  -0.0177602841   0.0007120250
        0.0005764438   0.0010407508   0.0028972836  -0.0221601568  -0.0085373115
        0.0008389043  -0.0001673728   0.0005466366  -0.0054482051   0.0028762182
       -0.0017046009  -0.0000347694  -0.0000267876   0.0000417457  -0.0005142499
       -0.0005977986  -0.0002562475   0.0001551048  -0.0001690781  -0.0000512255
        0.0000543098   0.0000228581   0.0000424822  -0.0000443880  -0.0000722337
       -0.0000159605   0.0000046816   0.0000086430   0.0000029545   0.0000075215
       -0.0000152628   0.0000083575   0.0000030723   0.0000069533  -0.0000017805
        0.0000053066   0.0000009941  -0.0000032219   0.0000119118  -0.0000107861
        0.0000070557  -0.0000011814  -0.0000118576  -0.0000051545
        0.0356773031  -0.2392612799  -0.0845246783   0.0068446166  -0.0135801645
       -0.0036743098  -0.0008729250   0.0008505250  -0.0000818399  -0.0002224724
        0.0000526003  -0.0000480680  -0.0000687725  -0.0000244253   0.0000065401
       -0.0000518686  -0.0000190950  -0.0000254673  -0.0000137160   0.0000030848
        0.0000089806  -0.0444942181   0.2770929147   0.0981941313  -0.0001694362
       -0.0006870449  -0.0021817803   0.0006785447  -0.0247274885  -0.0090843990
       -0.0004381707   0.0001580269   0.0000167247   0.0029648084  -0.0004495930
        0.0012847354   0.0000614206  -0.0001349778  -0.0000452362   0.0002520553
        0.0005985228   0.0000754190  -0.0001760024   0.0000459179   0.0000312154
       -0.0000146311  -0.0000255932   0.0000312439   0.0000201589   0.0000880276
        0.0000188332   0.0000001566  -0.0000105705  -0.0000151920   0.0000159210
        0.0000320338  -0.0000075491   0.0000008011  -0.0000081998   0.0000254998
       -0.0000071770  -0.0000013899  -0.0000047149  -0.0000101828   0.0000078923
       -0.0000093163   0.0000237864   0.0000002764   0.0000092277
        0.0166157132  -0.0844348307  -0.0821284451  -0.0013093735   0.0073850438
        0.0038474195   0.0001874584  -0.0000230601   0.0000869096  -0.0000511529
        0.0000494121  -0.0000474144  -0.0000006735  -0.0000413923   0.0000078679
       -0.0000079134   0.0000005628  -0.0000072255  -0.0000097476   0.0000028435
       -0.0000017126  -0.0177602841   0.0981941313   0.0912203134   0.0051742712
       -0.0317119609  -0.0180668096  -0.0009764115   0.0086915391   0.0040066525
       -0.0001131116   0.0007168940   0.0005736939  -0.0019053403   0.0010903938
        0.0005483031   0.0000181824  -0.0001685176  -0.0002562750   0.0001830482
        0.0001522468   0.0002455086  -0.0000349906   0.0000261011  -0.0000316059
       -0.0000338057   0.0000347273   0.0000079243   0.0000085671   0.0000319059
        0.0000255783   0.0000093546  -0.0000086195  -0.0000294342   0.0000060873
        0.0000099119  -0.0000016211  -0.0000058777   0.0000037383   0.0000049384
       -0.0000007154  -0.0000032228  -0.0000032431   0.0000033106   0.0000006572
       -0.0000025267   0.0000034048   0.0000014950   0.0000012038
       -0.0429706662  -0.0002883521  -0.0036459669  -0.0039415581   0.0027713518
       -0.0288406299   0.0009774923   0.0005044638  -0.0012104363  -0.0000380792
        0.0000296521   0.0000618340   0.0000203017  -0.0000404486   0.0000375488
        0.0000237862   0.0000172526  -0.0000053955   0.0000095521   0.0000051915
       -0.0000000737   0.0007120250  -0.0001694362   0.0051742712   0.0508619030
       -0.0014812212   0.0062635642  -0.0008700337  -0.0027952495   0.0243325859
       -0.0052280842   0.0021477870  -0.0027834543   0.0008457759  -0.0004963100
       -0.0001342498  -0.0005311364  -0.0001106470   0.0004710852  -0.0000291991
       -0.0000242153   0.0000617133   0.0000550444  -0.0000249372  -0.0000393477
        0.0001129187  -0.0000131266   0.0001823155   0.0000013691   0.0000004137
       -0.0000073032  -0.0000474280  -0.0000143421   0.0000466215   0.0000128251
       -0.0000073892   0.0000090924   0.0000245170  -0.0000019078   0.0000214879
       -0.0000124478   0.0000002156   0.0000124570   0.0000011602  -0.0000040480
       -0.0000112514   0.0000099620  -0.0000046973   0.0000035318
       -0.0005258367  -0.0463291134   0.0140787774   0.0018031512  -0.0008034626
        0.0114332466  -0.0004464846   0.0002878552  -0.0005231441  -0.0000608187
       -0.0000293761   0.0000066857  -0.0000257248   0.0000070612  -0.0000179065
       -0.0000129627  -0.0000040070   0.0000057477   0.0000038230  -0.0000004522
        0.0000019483   0.0005764438  -0.0006870449  -0.0317119609  -0.0014812212
        0.0498541487  -0.0178660181  -0.0019983705  -0.0022751636   0.0228383240
        0.0023954374  -0.0001341440   0.0012052558  -0.0001477472   0.0001187581
        0.0007002401  -0.0001227754   0.0002134510  -0.0000036810   0.0000492084
       -0.0001403084  -0.0001589329   0.0000236657  -0.0000271064   0.0000363759
       -0.0000304556  -0.0000442632  -0.0000067789  -0.0000043504  -0.0000161741
       -0.0000123369  -0.0000010639   0.0000154577  -0.0000029285   0.0000029051
        0.0000019964  -0.0000040528   0.0000000921  -0.0000061743  -0.0000004993
        0.0000024893   0.0000029552  -0.0000047178  -0.0000029403   0.0000012135
        0.0000066825   0.0000035361  -0.0000061069  -0.0000003263
       -0.0032440583   0.0140726369  -0.2818472757  -0.0049893891   0.0026774458
       -0.0138158125   0.0007795063  -0.0002391772   0.0005634272   0.0002168790
       -0.0000632163   0.0000761102   0.0000666807   0.0000314701  -0.0000130644
        0.0000536272   0.0000085484  -0.0000016506   0.0000115091  -0.0000063583
       -0.0000129399   0.0010407508  -0.0021817803  -0.0180668096   0.0062635642
       -0.0178660181   0.3265625440   0.0024510215   0.0024686929  -0.0146794455
       -0.0027946949   0.0013650600   0.0000051786   0.0004832931  -0.0000104189
        0.0006043960  -0.0004806548  -0.0001780888   0.0006475354  -0.0000203094
       -0.0000531441  -0.0002471128   0.0000350543   0.0000292812   0.0000012414
        0.0001825804   0.0000018562   0.0001116942  -0.0000046917  -0.0000253851
       -0.0000275863  -0.0000412257  -0.0000162716   0.0000959375  -0.0000153872
       -0.0000262719   0.0000142910   0.0000180638   0.0000032934   0.0000063667
       -0.0000064503   0.0000011989   0.0000376934   0.0000035739   0.0000017084
       -0.0000115283  -0.0000092431   0.0000049383  -0.0000031901
       -0.1633947557  -0.1088882986   0.0530015876  -0.0254090348  -0.0165563900
        0.0072075109  -0.0055230444   0.0024866994  -0.0021599200  -0.0011879864
       -0.0010841411   0.0005141292  -0.0003965756   0.0002145085  -0.0001761121
       -0.0000713804  -0.0000810878   0.0000723084  -0.0000300294  -0.0000073064
       -0.0000111541   0.0028972836   0.0006785447  -0.0009764115  -0.0008700337
       -0.0019983705   0.0024510215   0.1922877831   0.1253444756  -0.0601263191
        0.0006468361  -0.0004062080   0.0001289752   0.0005345567  -0.0002864174
        0.0004113838   0.0002289579   0.0002037609  -0.0003230051   0.0001698417
        0.0003708301   0.0000051209   0.0000560011  -0.0000234482   0.0000276773
        0.0000413588  -0.0000252926   0.0000054853   0.0000409279   0.0000521158
       -0.0000034807   0.0000452800   0.0000190840  -0.0000323921  -0.0000745551
       -0.0000119448  -0.0000013291   0.0000108984   0.0000076293  -0.0000122115
        0.0000197572  -0.0000055491   0.0000040702   0.0000243007  -0.0000198748
        0.0000062705  -0.0000463876   0.0000166811  -0.0000132054
       -0.1086548828  -0.1404347114   0.0457405661   0.0059994998   0.0055645734
       -0.0025144657   0.0012496849   0.0002192593   0.0003343568   0.0003389357
        0.0002859079  -0.0000133121   0.0001405649   0.0000250595   0.0000003322
        0.0000440523   0.0000095971   0.0000117593  -0.0000071804  -0.0000042410
       -0.0000036835  -0.0221601568  -0.0247274885   0.0086915391  -0.0027952495
       -0.0022751636   0.0024686929   0.1253444756   0.1601980578  -0.0541803033
       -0.0000629223   0.0001714538  -0.0003665208   0.0003657019   0.0006414850
       -0.0000458867   0.0001266097  -0.0000244891  -0.0001887310   0.0002122522
        0.0002641819   0.0001262725  -0.0000858246   0.0000731554   0.0000029448
       -0.0000489514   0.0000069803  -0.0000552563   0.0000219258   0.0000018027
        0.0000073421   0.0000088128  -0.0000060188   0.0000014114  -0.0000123802
       -0.0000114381   0.0000023466  -0.0000094773   0.0000049962  -0.0000234123
        0.0000028396  -0.0000025310   0.0000082166   0.0000047892   0.0000083900
       -0.0000003706  -0.0000231190   0.0000111813  -0.0000038380
        0.0528582959   0.0457128420  -0.0671546522  -0.0064633427  -0.0049947276
        0.0026451723  -0.0014180295   0.0004728664   0.0000983153  -0.0003592982
       -0.0001688585   0.0002741503  -0.0001281628   0.0000088714  -0.0000203040
       -0.0000360291  -0.0000124661   0.0000044349   0.0000011669   0.0000047988
        0.0000025048  -0.0085373115  -0.0090843990   0.0040066525   0.0243325859
        0.0228383240  -0.0146794455  -0.0601263191  -0.0541803033   0.0742993843
       -0.0004281237  -0.0003798129   0.0003660564   0.0003703491  -0.0001421009
        0.0000174485  -0.0001907578  -0.0000280045   0.0001589815   0.0000258214
       -0.0000045934  -0.0000705367   0.0000208655  -0.0000173755  -0.0000081209
        0.0000708365  -0.0000267169   0.0000603201   0.0000059877   0.0000067175
       -0.0000051284  -0.0000148134   0.0000068771  -0.0000026938   0.0000002457
        0.0000039215  -0.0000042364   0.0000092561  -0.0000062807   0.0000155142
       -0.0000023906   0.0000008176  -0.0000051668  -0.0000002557  -0.0000047690
        0.0000003347   0.0000094232  -0.0000056280   0.0000010150
       -0.0047193679   0.0033585240  -0.0287801337  -0.0412224467   0.0004120671
       -0.0006156174  -0.0028809749  -0.0036409779   0.0229159994   0.0007287882
       -0.0003646105   0.0012185259  -0.0000592160  -0.0000284423  -0.0000891717
       -0.0000051336   0.0000342309  -0.0000241942  -0.0000247390  -0.0000048057
       -0.0000013279   0.0008389043  -0.0004381707  -0.0001131116  -0.0052280842
        0.0023954374  -0.0027946949   0.0006468361  -0.0000629223  -0.0004281237
        0.0538772974   0.0003993956   0.0021093097   0.0011424469   0.0004373733
        0.0054399982  -0.0032812901  -0.0032071394   0.0019415698   0.0006310445
        0.0006390757  -0.0001235793  -0.0000156732   0.0000824969   0.0000191152
       -0.0006012293  -0.0001614041  -0.0004650479   0.0000510141   0.0000568664
        0.0000260498   0.0001031384   0.0000617574  -0.0001700311   0.0000442436
        0.0000110686  -0.0000137027  -0.0000481515   0.0000011119  -0.0000414494
        0.0000285435  -0.0000028154  -0.0000243567  -0.0000033931   0.0000195063
        0.0000265898  -0.0000025574   0.0000023770  -0.0000126154
        0.0019607576  -0.0004517484   0.0112911527   0.0006855248  -0.0472601994
        0.0125333103  -0.0028504255  -0.0026053766   0.0206202540   0.0006493016
        0.0002880659   0.0000199646   0.0000101529  -0.0000181264  -0.0000299578
        0.0000195301   0.0000289720  -0.0000265181   0.0000073360   0.0000028850
        0.0000007008  -0.0001673728   0.0001580269   0.0007168940   0.0021477870
       -0.0001341440   0.0013650600  -0.0004062080   0.0001714538  -0.0003798129
        0.0003993956   0.0526866791  -0.0178368099   0.0005638234  -0.0011812967
       -0.0309620555  -0.0032437741  -0.0021617935   0.0023200986   0.0003141475
        0.0004285415   0.0007448273  -0.0000351598  -0.0001208416  -0.0001703597
       -0.0001392008   0.0001992141  -0.0001561734   0.0000084376  -0.0000114307
        0.0000506637   0.0000702070  -0.0000168195  -0.0000662533   0.0000233908
       -0.0000038865   0.0000057885  -0.0000187497   0.0000171545  -0.0000193485
        0.0000036776  -0.0000144239  -0.0000065352   0.0000007017   0.0000016685
       -0.0000118198  -0.0000032803  -0.0000025739  -0.0000030703
       -0.0042042310   0.0021036265  -0.0134114939  -0.0011378173   0.0126076560
       -0.2706963190   0.0037100299   0.0038545930  -0.0141056863  -0.0005963267
       -0.0004098071   0.0004456329  -0.0001134431  -0.0001378621   0.0000896632
       -0.0000645782  -0.0000181671  -0.0000284173   0.0000099893   0.0000348359
       -0.0000125672   0.0005466366   0.0000167247   0.0005736939  -0.0027834543
        0.0012052558   0.0000051786   0.0001289752  -0.0003665208   0.0003660564
        0.0021093097  -0.0178368099   0.3143960313   0.0005939860  -0.0029525914
       -0.0186205936   0.0019659686   0.0022796963  -0.0002618558  -0.0004915255
       -0.0002160084   0.0005982387   0.0000593103  -0.0000638449  -0.0002631127
        0.0004916864   0.0000135502   0.0006814787  -0.0000474020  -0.0000021061
       -0.0000043035  -0.0001767492  -0.0000570361   0.0001344819  -0.0000349384
        0.0000030984   0.0000003373   0.0000445280  -0.0000045781   0.0001021697
       -0.0000315697   0.0000006175   0.0000210285   0.0000047628  -0.0000401135
       -0.0000263058   0.0000168526  -0.0000142089   0.0000166640
       -0.0093517892   0.0269746912   0.0092137008  -0.0467627069   0.0321498861
        0.0144458393   0.0006837735  -0.0212623492  -0.0076123460   0.0008427923
       -0.0013238843  -0.0001275377  -0.0000979283   0.0000182589   0.0000595040
       -0.0000270183   0.0000363074  -0.0000258706  -0.0000210411  -0.0000089519
        0.0000190584  -0.0054482051   0.0029648084  -0.0019053403   0.0008457759
       -0.0001477472   0.0004832931   0.0005345567   0.0003657019   0.0003703491
        0.0011424469   0.0005638234   0.0005939860   0.0607121406  -0.0376503131
       -0.0163732067   0.0006170437   0.0003158052  -0.0004795503  -0.0031269318
       -0.0035220624   0.0011816135  -0.0006478513   0.0002032776   0.0001954862
       -0.0000094346   0.0000706028  -0.0000286413   0.0000477642   0.0001810589
        0.0000305192   0.0000404483   0.0000031430  -0.0000400429   0.0000392552
        0.0000198227   0.0000057934   0.0000048535  -0.0000076563   0.0000001234
       -0.0000045374  -0.0000012212   0.0000133629  -0.0000369270   0.0000311719
       -0.0000211881   0.0000235200   0.0000258261   0.0000010943
        0.0062001888  -0.0129965907  -0.0042435020   0.0327199275  -0.2298133191
       -0.0809036082  -0.0014460802  -0.0241066285  -0.0073643054   0.0009191459
        0.0005535004  -0.0001485574   0.0001025812   0.0001478971  -0.0000375119
        0.0000522668   0.0000323542  -0.0000035264  -0.0000324263  -0.0000272673
       -0.0000010899   0.0028762182  -0.0004495930   0.0010903938  -0.0004963100
        0.0001187581  -0.0000104189  -0.0002864174   0.0006414850  -0.0001421009
        0.0004373733  -0.0011812967  -0.0029525914  -0.0376503131   0.2690855837
        0.0930516884   0.0006341473   0.0004207687  -0.0002092658  -0.0035751117
       -0.0032235057   0.0017006638  -0.0006611584   0.0006338602   0.0001684370
       -0.0000335282  -0.0001270247  -0.0000636387   0.0001673166   0.0002006848
        0.0000410796   0.0000427097  -0.0000153901   0.0000144163   0.0000528122
        0.0000082491   0.0000059918   0.0000017587  -0.0000108522  -0.0000129936
       -0.0000138023   0.0000000231   0.0000405743  -0.0000205827   0.0000843662
       -0.0000256640   0.0000092839   0.0000239372   0.0000055295
       -0.0019213445   0.0073693414   0.0037221928   0.0144658772  -0.0810544629
       -0.0824088792  -0.0009380190   0.0071776596   0.0037637299  -0.0001998414
       -0.0000596119   0.0000961458   0.0000321641   0.0000745348  -0.0000453825
        0.0000094684  -0.0000256742   0.0000046569  -0.0000182283  -0.0000290171
        0.0000096707  -0.0017046009   0.0012847354   0.0005483031  -0.0001342498
        0.0007002401   0.0006043960   0.0004113838  -0.0000458867   0.0000174485
        0.0054399982  -0.0309620555  -0.0186205936  -0.0163732067   0.0930516884
        0.0911085951  -0.0001192293   0.0007285527   0.0005780731   0.0012005814
        0.0017036630   0.0006351687  -0.0002554953   0.0001003630   0.0002782954
        0.0000530809  -0.0001593109  -0.0002428474   0.0000339691   0.0000542118
       -0.0000316480   0.0000216358   0.0000446428   0.0000066558  -0.0000005333
        0.0000075259  -0.0000042424  -0.0000036772  -0.0000112580  -0.0000237812
        0.0000135052   0.0000135113  -0.0000030839  -0.0000151485   0.0000247903
        0.0000141809   0.0000019100   0.0000118167  -0.0000070547
        0.0007065305  -0.0002780946   0.0011074202  -0.0027375871  -0.0037141308
        0.0229460011  -0.0414774199   0.0010390845  -0.0023286211  -0.0046750161
        0.0029210269  -0.0283768928   0.0007882682   0.0004636064  -0.0011628026
       -0.0000451155   0.0000420215   0.0000457632   0.0000328150   0.0000358086
        0.0000248095  -0.0000347694   0.0000614206   0.0000181824  -0.0005311364
       -0.0001227754  -0.0004806548   0.0002289579   0.0001266097  -0.0001907578
       -0.0032812901  -0.0032437741   0.0019659686   0.0006170437   0.0006341473
       -0.0001192293   0.0538972233   0.0002022102   0.0031159568   0.0011834628
        0.0004158849   0.0053453000   0.0008875516  -0.0004616098  -0.0001234679
       -0.0050765171   0.0021750701  -0.0025757799  -0.0000122312  -0.0000726714
        0.0000206425  -0.0006324890  -0.0000740803   0.0004859481   0.0000458684
       -0.0000335212   0.0000677898   0.0001113242  -0.0000459638   0.0001838288
       -0.0000569589   0.0000104357   0.0000552136   0.0000194499  -0.0000489167
       -0.0000449227   0.0000420353  -0.0000317884   0.0000203045
        0.0006544958   0.0003464910  -0.0000932670  -0.0027028471  -0.0026403616
        0.0206190050   0.0010272221  -0.0472463446   0.0133326513   0.0018915996
       -0.0005927140   0.0116648079  -0.0005053062   0.0002656832  -0.0003676399
       -0.0000306800  -0.0000490401   0.0000185525   0.0000157622  -0.0000070853
        0.0000078252  -0.0000267876  -0.0001349778  -0.0001685176  -0.0001106470
        0.0002134510  -0.0001780888   0.0002037609  -0.0000244891  -0.0000280045
       -0.0032071394  -0.0021617935   0.0022796963   0.0003158052   0.0004207687
        0.0007285527   0.0002022102   0.0527779547  -0.0189132531   0.0003951523
       -0.0010877337  -0.0309008596  -0.0001520973   0.0001333673   0.0007275234
        0.0021102407  -0.0002504916   0.0014880833   0.0000670397  -0.0001414282
       -0.0001940880  -0.0001146083   0.0002150942   0.0000023984  -0.0000272780
        0.0000002712  -0.0000297436  -0.0000130400  -0.0000421341  -0.0000008603
        0.0000282590   0.0000205647  -0.0000270685  -0.0000014513  -0.0000022139
        0.0000433382  -0.0000196654  -0.0000128384  -0.0000110431
       -0.0006073160  -0.0004657469   0.0006908939   0.0034724913   0.0038564164
       -0.0142770326  -0.0020967005   0.0131430760  -0.2693529077  -0.0046226211
        0.0024260600  -0.0140564326   0.0007599224  -0.0001541881   0.0005068922
        0.0001753596  -0.0000327101   0.0000554191   0.0000827148  -0.0000203543
        0.0000014343   0.0000417457  -0.0000452362  -0.0002562750   0.0004710852
       -0.0000036810   0.0006475354  -0.0003230051  -0.0001887310   0.0001589815
        0.0019415698   0.0023200986  -0.0002618558  -0.0004795503  -0.0002092658
        0.0005780731   0.0031159568  -0.0189132531   0.3135288035   0.0004938796
       -0.0029174353  -0.0188259757   0.0005168260  -0.0000273372   0.0005421896
       -0.0025764135   0.0015548231  -0.0002985517  -0.0000769562  -0.0001249853
       -0.0002808361  -0.0004767490  -0.0001254954   0.0006670879   0.0000165048
       -0.0000570771   0.0000496139   0.0001775510  -0.0000107359   0.0001211342
       -0.0000515378   0.0000083923   0.0001249323  -0.0000001205   0.0000014346
       -0.0000618891   0.0000453633  -0.0000140683  -0.0000012348
        0.0007877987  -0.0010971671  -0.0001456529   0.0007305804  -0.0213178999
       -0.0076656462  -0.0469087876   0.0323153678   0.0140778513  -0.0091525754
        0.0263373191   0.0096580086   0.0006327575   0.0014456132   0.0001443787
        0.0001329630  -0.0000095208  -0.0000464516  -0.0000768292  -0.0000099841
       -0.0000102245  -0.0005142499   0.0002520553   0.0001830482  -0.0000291991
        0.0000492084  -0.0000203094   0.0001698417   0.0002122522   0.0000258214
        0.0006310445   0.0003141475  -0.0004915255  -0.0031269318  -0.0035751117
        0.0012005814   0.0011834628   0.0003951523   0.0004938796   0.0603126328
       -0.0368907971  -0.0161333103  -0.0052387192   0.0027643716  -0.0016627503
        0.0009397728  -0.0001529444   0.0005224152  -0.0006461011  -0.0007503508
       -0.0001895893  -0.0000001119  -0.0000373004   0.0000200517   0.0000513574
       -0.0000510877   0.0000377037   0.0000447340   0.0000418204   0.0000281944
        0.0000372737  -0.0000081263  -0.0000461696   0.0000621769  -0.0001368955
        0.0000409627  -0.0000228908  -0.0000901220  -0.0000212674
        0.0008260515   0.0007941340  -0.0000855318  -0.0012083262  -0.0240603948
       -0.0074632790   0.0320978006  -0.2279602620  -0.0814872061   0.0065741798
       -0.0140771840  -0.0043439369  -0.0009418467   0.0007069970  -0.0001154168
       -0.0001807837  -0.0000325348  -0.0000428129  -0.0000157497  -0.0000166801
        0.0000235508  -0.0005977986   0.0005985228   0.0001522468  -0.0000242153
       -0.0001403084  -0.0000531441   0.0003708301   0.0002641819  -0.0000045934
        0.0006390757   0.0004285415  -0.0002160084  -0.0035220624  -0.0032235057
        0.0017036630   0.0004158849  -0.0010877337  -0.0029174353  -0.0368907971
        0.2679850285   0.0936019029   0.0027515187  -0.0010439561   0.0011943230
       -0.0004682743   0.0001649817  -0.0000255131   0.0002201554   0.0006532129
        0.0000705138   0.0000628739  -0.0001339790  -0.0000211188  -0.0000313722
        0.0000717304  -0.0000169801  -0.0000154585  -0.0000320065   0.0000359256
       -0.0000325926   0.0000059072   0.0000248967  -0.0000437886   0.0000861766
       -0.0000420590   0.0000146951   0.0000491307   0.0000280131
       -0.0002000300  -0.0000338859   0.0001101234  -0.0008441737   0.0070800648
        0.0037249311   0.0140292590  -0.0813895273  -0.0830182085  -0.0015826349
        0.0070137396   0.0037364309   0.0001933924  -0.0000296714   0.0000699232
       -0.0000434594   0.0000701062  -0.0000398950  -0.0000827714   0.0000063875
       -0.0000189421  -0.0002562475   0.0000754190   0.0002455086   0.0000617133
       -0.0001589329  -0.0002471128   0.0000051209   0.0001262725  -0.0000705367
       -0.0001235793   0.0007448273   0.0005982387   0.0011816135   0.0017006638
        0.0006351687   0.0053453000  -0.0309008596  -0.0188259757  -0.0161333103
        0.0936019029   0.0918299896  -0.0016702703   0.0012204588   0.0006273500
       -0.0001282971   0.0007577614   0.0006009580   0.0002657142   0.0002044911
        0.0002652767  -0.0000081588  -0.0001592660  -0.0002248507   0.0000296244
        0.0000247426   0.0000032193  -0.0000343040   0.0000349985   0.0000020576
       -0.0000171349  -0.0000094482  -0.0000050578   0.0000092068   0.0000073033
       -0.0000137294   0.0000034270   0.0000124518   0.0000151331
        0.0000329080  -0.0001151833  -0.0000689365   0.0006249336   0.0013898500
        0.0002078857  -0.0091313588   0.0267255606   0.0094069444  -0.0450241379
        0.0300499489   0.0125222005   0.0012540616  -0.0215228865  -0.0072523482
        0.0005429802  -0.0001068201  -0.0001334538  -0.0010178652  -0.0003520392
        0.0002522930   0.0001551048  -0.0001760024  -0.0000349906   0.0000550444
        0.0000236657   0.0000350543   0.0000560011  -0.0000858246   0.0000208655
       -0.0000156732  -0.0000351598   0.0000593103  -0.0006478513  -0.0006611584
       -0.0002554953   0.0008875516  -0.0001520973   0.0005168260  -0.0052387192
        0.0027515187  -0.0016702703   0.0600332284  -0.0357232006  -0.0145630289
        0.0012170880   0.0000087901   0.0002102813  -0.0030576179  -0.0037033996
        0.0013116934   0.0007144586   0.0002985086  -0.0004669316   0.0001533522
        0.0002414571   0.0000570355  -0.0000092175  -0.0000179008  -0.0000572678
       -0.0000877546  -0.0000461100   0.0002654602  -0.0017108670   0.0010516785
       -0.0003256444   0.0002143499   0.0001568042  -0.0000374826
       -0.0002169068   0.0000853235  -0.0000244495  -0.0008868804   0.0007075699
       -0.0001094928   0.0066311970  -0.0144325080  -0.0043926989   0.0296304393
       -0.2333385672  -0.0814106289  -0.0012938663  -0.0231950563  -0.0067656105
        0.0004024798   0.0000517691  -0.0002167743   0.0006998696   0.0000099476
        0.0000116727  -0.0001690781   0.0000459179   0.0000261011  -0.0000249372
       -0.0000271064   0.0000292812  -0.0000234482   0.0000731554  -0.0000173755
        0.0000824969  -0.0001208416  -0.0000638449   0.0002032776   0.0006338602
        0.0001003630  -0.0004616098   0.0001333673  -0.0000273372   0.0027643716
       -0.0010439561   0.0012204588  -0.0357232006   0.2735383131   0.0931643768
        0.0004317623  -0.0014280137  -0.0030633115  -0.0035171436  -0.0031864524
        0.0016773989   0.0006161321   0.0004807559  -0.0002416671   0.0002931085
        0.0001736603  -0.0000806825  -0.0000079329  -0.0001466637  -0.0000267096
       -0.0001482291   0.0000486736   0.0002109347   0.0005297484   0.0008908023
       -0.0001247908   0.0001883499   0.0000460493   0.0001247868
       -0.0000716548   0.0000610416  -0.0000508369   0.0002009368   0.0000104565
        0.0001190238  -0.0014897373   0.0070386453   0.0037445564   0.0124957025
       -0.0815875107  -0.0817322792  -0.0009026844   0.0077240291   0.0036726572
       -0.0002273016  -0.0003804263   0.0001212645  -0.0000059488  -0.0002616689
        0.0001507192  -0.0000512255   0.0000312154  -0.0000316059  -0.0000393477
        0.0000363759   0.0000012414   0.0000276773   0.0000029448  -0.0000081209
        0.0000191152  -0.0001703597  -0.0002631127   0.0001954862   0.0001684370
        0.0002782954  -0.0001234679   0.0007275234   0.0005421896  -0.0016627503
        0.0011943230   0.0006273500  -0.0145630289   0.0931643768   0.0900574887
        0.0049445732  -0.0310641936  -0.0183426123   0.0012782937   0.0019335004
        0.0005336905  -0.0001233958   0.0008044248   0.0006167103   0.0000419676
        0.0000574887  -0.0000914481   0.0000612812  -0.0001388422  -0.0001863189
        0.0001954104   0.0001768428  -0.0001573559  -0.0002601352   0.0003478100
        0.0004826117   0.0000602341   0.0001235660  -0.0000841080
       -0.0000299047   0.0000147097   0.0001301546   0.0007321339   0.0005147516
       -0.0011741988  -0.0048160176   0.0026601371  -0.0284491888  -0.0414132214
        0.0010232515  -0.0034828692  -0.0028226290  -0.0033434318   0.0228995307
        0.0007798047  -0.0002564395   0.0014929853  -0.0001707534   0.0000666726
       -0.0000751670   0.0000543098  -0.0000146311  -0.0000338057   0.0001129187
       -0.0000304556   0.0001825804   0.0000413588  -0.0000489514   0.0000708365
       -0.0006012293  -0.0001392008   0.0004916864  -0.0000094346  -0.0000335282
        0.0000530809  -0.0050765171   0.0021102407  -0.0025764135   0.0009397728
       -0.0004682743  -0.0001282971   0.0012170880   0.0004317623   0.0049445732
        0.0539729666   0.0001594043   0.0046013636   0.0005485322   0.0005709744
       -0.0001558347  -0.0032142075  -0.0033142757   0.0020425401   0.0002344656
        0.0001141824  -0.0001645581  -0.0006059882  -0.0001052470  -0.0005291320
        0.0000990340  -0.0000616825  -0.0002014002   0.0000345157   0.0001598904
        0.0000987381  -0.0000069983  -0.0000098591  -0.0000372048
       -0.0000212792  -0.0000317894   0.0000051567  -0.0004617615   0.0002565350
       -0.0003960455   0.0020004550  -0.0005216844   0.0117649933   0.0008135709
       -0.0469819246   0.0099875748  -0.0024902524  -0.0020823076   0.0202682430
        0.0006116495   0.0004037056  -0.0000282672   0.0001272167   0.0000089158
       -0.0000243555   0.0000228581  -0.0000255932   0.0000347273  -0.0000131266
       -0.0000442632   0.0000018562  -0.0000252926   0.0000069803  -0.0000267169
       -0.0001614041   0.0001992141   0.0000135502   0.0000706028  -0.0001270247
       -0.0001593109   0.0021750701  -0.0002504916   0.0015548231  -0.0001529444
        0.0001649817   0.0007577614   0.0000087901  -0.0014280137  -0.0310641936
        0.0001594043   0.0521143691  -0.0151605942   0.0002687211   0.0003677485
        0.0006370404  -0.0030525477  -0.0021010704   0.0022342025   0.0002393686
       -0.0000073276   0.0000008988  -0.0001462554   0.0002491892  -0.0002121060
       -0.0000681969  -0.0001494027   0.0000339241   0.0000445459   0.0000004617
       -0.0002348682   0.0000508076  -0.0000212081   0.0000117061
        0.0002005563  -0.0000716175   0.0001209409   0.0006656018  -0.0001807751
        0.0003973428  -0.0046265895   0.0023287955  -0.0140205732  -0.0033875296
        0.0098305321  -0.2693703449   0.0036443071   0.0035752160  -0.0147799780
       -0.0006465112  -0.0003309166   0.0004832895   0.0001359779   0.0000619254
       -0.0000246536   0.0000424822   0.0000312439   0.0000079243   0.0001823155
       -0.0000067789   0.0001116942   0.0000054853  -0.0000552563   0.0000603201
       -0.0004650479  -0.0001561734   0.0006814787  -0.0000286413  -0.0000636387
       -0.0002428474  -0.0025757799   0.0014880833  -0.0002985517   0.0005224152
       -0.0000255131   0.0006009580   0.0002102813  -0.0030633115  -0.0183426123
        0.0046013636  -0.0151605942   0.3136878008  -0.0004270069  -0.0001805470
        0.0004776257   0.0019248671   0.0024447432  -0.0004475263  -0.0003447552
       -0.0001356820   0.0001699393   0.0004861282  -0.0000564215   0.0007062390
       -0.0001949062   0.0000360940   0.0001964331   0.0000969066  -0.0002899742
       -0.0002280165  -0.0000219204  -0.0000194332   0.0000531177
       -0.0000151132   0.0000658626  -0.0000218679  -0.0000761816   0.0000089310
        0.0000490923   0.0009067559  -0.0015280274  -0.0001421933   0.0010598548
       -0.0214109742  -0.0064046003  -0.0488458120   0.0396396729   0.0153659562
       -0.0107351303   0.0264146299   0.0079528652  -0.0049569773   0.0019869505
       -0.0021973298  -0.0000443880   0.0000201589   0.0000085671   0.0000013691
       -0.0000043504  -0.0000046917   0.0000409279   0.0000219258   0.0000059877
        0.0000510141   0.0000084376  -0.0000474020   0.0000477642   0.0001673166
        0.0000339691  -0.0000122312   0.0000670397  -0.0000769562  -0.0006461011
        0.0002201554   0.0002657142  -0.0030576179  -0.0035171436   0.0012782937
        0.0005485322   0.0002687211  -0.0004270069   0.0647456970  -0.0452605928
       -0.0174876551   0.0009715103   0.0012114765   0.0009379576   0.0002620480
        0.0007437634   0.0005310816   0.0005008824  -0.0000497231   0.0002531483
        0.0000197503  -0.0002553204  -0.0003213826  -0.0001292488  -0.0001754998
       -0.0000145078  -0.0006373049   0.0013565898   0.0004629607
        0.0000695432   0.0000562845  -0.0000097433   0.0001520649   0.0001445602
       -0.0000414559   0.0010639255   0.0006913412  -0.0001695047  -0.0012379665
       -0.0251729458  -0.0062962800   0.0401473585  -0.2344274687  -0.0716487869
        0.0058147716  -0.0117103253  -0.0036173427   0.0026831485  -0.0000031808
        0.0012111591  -0.0000722337   0.0000880276   0.0000319059   0.0000004137
       -0.0000161741  -0.0000253851   0.0000521158   0.0000018027   0.0000067175
        0.0000568664  -0.0000114307  -0.0000021061   0.0001810589   0.0002006848
        0.0000542118  -0.0000726714  -0.0001414282  -0.0001249853  -0.0007503508
        0.0006532129   0.0002044911  -0.0037033996  -0.0031864524   0.0019335004
        0.0005709744   0.0003677485  -0.0001805470  -0.0452605928   0.2743948430
        0.0823212624   0.0008866673  -0.0027459096  -0.0036373887  -0.0003786009
        0.0009674194  -0.0002240046  -0.0002749346  -0.0000662442   0.0001441384
       -0.0001229648   0.0001926767   0.0002946819  -0.0001002068   0.0003897503
       -0.0000062738   0.0002950130  -0.0006667920  -0.0002182645
        0.0000043333  -0.0000240343   0.0000024694   0.0000144069   0.0000668992
       -0.0000641781  -0.0002609958  -0.0000657177   0.0001814585  -0.0011651105
        0.0081441374   0.0037617801   0.0153271814  -0.0711899472  -0.0735098226
       -0.0030549413   0.0086883480   0.0034929583  -0.0013746111   0.0004168445
        0.0000557984  -0.0000159605   0.0000188332   0.0000255783  -0.0000073032
       -0.0000123369  -0.0000275863  -0.0000034807   0.0000073421  -0.0000051284
        0.0000260498   0.0000506637  -0.0000043035   0.0000305192   0.0000410796
       -0.0000316480   0.0000206425  -0.0001940880  -0.0002808361  -0.0001895893
        0.0000705138   0.0002652767   0.0013116934   0.0016773989   0.0005336905
       -0.0001558347   0.0006370404   0.0004776257  -0.0174876551   0.0823212624
        0.0808962362   0.0067402550  -0.0315576384  -0.0166675413   0.0005203476
        0.0000327152   0.0002350267  -0.0000717629   0.0003994607   0.0002524983
       -0.0001443637   0.0000599409   0.0001635151   0.0000610738   0.0000675595
       -0.0000767130  -0.0001248942   0.0003437229   0.0003238451
       -0.0000094750   0.0000406801  -0.0000465002  -0.0000673161  -0.0000337646
       -0.0000891526   0.0006706057  -0.0003689190   0.0012038514  -0.0032244570
       -0.0026777901   0.0227342112  -0.0418475339   0.0002978347   0.0036480482
       -0.0035467086   0.0023591010  -0.0286247426   0.0008626135  -0.0006926184
       -0.0007538743   0.0000046816   0.0000001566   0.0000093546  -0.0000474280
       -0.0000010639  -0.0000412257   0.0000452800   0.0000088128  -0.0000148134
        0.0001031384   0.0000702070  -0.0001767492   0.0000404483   0.0000427097
        0.0000216358  -0.0006324890  -0.0001146083  -0.0004767490  -0.0000001119
        0.0000628739  -0.0000081588   0.0007144586   0.0006161321  -0.0001233958
       -0.0032142075  -0.0030525477   0.0019248671   0.0009715103   0.0008866673
        0.0067402550   0.0537985361   0.0007113583  -0.0034297952   0.0005061642
       -0.0000202499  -0.0002684664  -0.0050950040   0.0018561459  -0.0028998227
       -0.0001878652   0.0003507029   0.0004873765  -0.0000558582  -0.0000797139
        0.0001123804   0.0002110177  -0.0002621065   0.0000714655
        0.0000127054   0.0000198116  -0.0000376928  -0.0000103849  -0.0000087994
       -0.0000182537   0.0005794082   0.0002218551   0.0000314804  -0.0030699005
       -0.0017068503   0.0204822667   0.0006844103  -0.0456518484   0.0025403624
        0.0013828543  -0.0000324147   0.0092064220  -0.0001439264   0.0004780760
        0.0011666612   0.0000086430  -0.0000105705  -0.0000086195  -0.0000143421
        0.0000154577  -0.0000162716   0.0000190840  -0.0000060188   0.0000068771
        0.0000617574  -0.0000168195  -0.0000570361   0.0000031430  -0.0000153901
        0.0000446428  -0.0000740803   0.0002150942  -0.0001254954  -0.0000373004
       -0.0001339790  -0.0001592660   0.0002985086   0.0004807559   0.0008044248
       -0.0033142757  -0.0021010704   0.0024447432   0.0012114765  -0.0027459096
       -0.0315576384   0.0007113583   0.0512144488  -0.0053435490  -0.0002988326
        0.0000151023  -0.0003406724   0.0017627010   0.0000038714   0.0012621159
        0.0004166646  -0.0000957784  -0.0002740071  -0.0000326356  -0.0001278210
        0.0000861483  -0.0001570360  -0.0000112030  -0.0001376427
       -0.0000661586  -0.0000198428   0.0000106733  -0.0001125855  -0.0001284981
        0.0000827087  -0.0005250115  -0.0003765442   0.0003799010   0.0037894337
        0.0033030919  -0.0145605736   0.0037817548   0.0025902479  -0.2704149453
       -0.0044122966   0.0016440034  -0.0158364332   0.0010631766  -0.0004260667
        0.0009580748   0.0000029545  -0.0000151920  -0.0000294342   0.0000466215
       -0.0000029285   0.0000959375  -0.0000323921   0.0000014114  -0.0000026938
       -0.0001700311  -0.0000662533   0.0001344819  -0.0000400429   0.0000144163
        0.0000066558   0.0004859481   0.0000023984   0.0006670879   0.0000200517
       -0.0000211188  -0.0002248507  -0.0004669316  -0.0002416671   0.0006167103
        0.0020425401   0.0022342025  -0.0004475263   0.0009379576  -0.0036373887
       -0.0166675413  -0.0034297952  -0.0053435490   0.3150729832   0.0001220258
       -0.0002792828   0.0001793636  -0.0030778462   0.0006078492  -0.0006504840
       -0.0002869223   0.0003668039   0.0006952176  -0.0000335779   0.0000318330
       -0.0001666870   0.0003611270  -0.0002379259   0.0001013738
       -0.0001142473  -0.0000923530   0.0000452407  -0.0003758118   0.0002116957
       -0.0001515185  -0.0011528292  -0.0010990070   0.0004421294  -0.0052662784
        0.0019701070  -0.0025773560  -0.0256828434  -0.0185092861   0.0053917832
       -0.1386845359  -0.1084859567   0.0353745432   0.0048451551   0.0052709617
       -0.0013253642   0.0000075215   0.0000159210   0.0000060873   0.0000128251
        0.0000029051  -0.0000153872  -0.0000745551  -0.0000123802   0.0000002457
        0.0000442436   0.0000233908  -0.0000349384   0.0000392552   0.0000528122
       -0.0000005333   0.0000458684  -0.0000272780   0.0000165048   0.0000513574
       -0.0000313722   0.0000296244   0.0001533522   0.0002931085   0.0000419676
        0.0002344656   0.0002393686  -0.0003447552   0.0002620480  -0.0003786009
        0.0005203476   0.0005061642  -0.0002988326   0.0001220258   0.1654375587
        0.1217773124  -0.0405452280  -0.0017879545  -0.0034254653   0.0027681236
        0.0000779883  -0.0000307677  -0.0002812717   0.0005753581   0.0019306320
        0.0005525523   0.0008458941   0.0006030850  -0.0000348230
        0.0000383021  -0.0000019714   0.0000062348   0.0001139425   0.0000179418
       -0.0000186056   0.0002273271   0.0000540852  -0.0000237462   0.0009334515
        0.0005471378   0.0002551117   0.0033900785   0.0038079243  -0.0009409722
       -0.1081353013  -0.1599614519   0.0393143757  -0.0158298914  -0.0274999662
        0.0041385914  -0.0000152628   0.0000320338   0.0000099119  -0.0000073892
        0.0000019964  -0.0000262719  -0.0000119448  -0.0000114381   0.0000039215
        0.0000110686  -0.0000038865   0.0000030984   0.0000198227   0.0000082491
        0.0000075259  -0.0000335212   0.0000002712  -0.0000570771  -0.0000510877
        0.0000717304   0.0000247426   0.0002414571   0.0001736603   0.0000574887
        0.0001141824  -0.0000073276  -0.0001356820   0.0007437634   0.0009674194
        0.0000327152  -0.0000202499   0.0000151023  -0.0002792828   0.1217773124
        0.1904443139  -0.0440186580  -0.0047568863  -0.0041144044   0.0039397035
       -0.0003510581   0.0007192963   0.0003472261   0.0019572336  -0.0057564837
       -0.0031054563  -0.0003553493   0.0004957675   0.0004651047
       -0.0000348298  -0.0000151574   0.0000122812  -0.0001355691   0.0000196023
       -0.0000313237  -0.0003390725  -0.0002528336   0.0002624526  -0.0013748242
        0.0005743171  -0.0000897937  -0.0079569190  -0.0064836294   0.0026465404
        0.0352814350   0.0391143813  -0.0593410574  -0.0070780070  -0.0103118245
        0.0031542067   0.0000083575  -0.0000075491  -0.0000016211   0.0000090924
       -0.0000040528   0.0000142910  -0.0000013291   0.0000023466  -0.0000042364
       -0.0000137027   0.0000057885   0.0000003373   0.0000057934   0.0000059918
       -0.0000042424   0.0000677898  -0.0000297436   0.0000496139   0.0000377037
       -0.0000169801   0.0000032193   0.0000570355  -0.0000806825  -0.0000914481
       -0.0001645581   0.0000008988   0.0001699393   0.0005310816  -0.0002240046
        0.0002350267  -0.0002684664  -0.0003406724   0.0001793636  -0.0405452280
       -0.0440186580   0.0648357048   0.0222564028   0.0247915068  -0.0124952809
       -0.0004908284  -0.0004038819   0.0004222514   0.0004347778  -0.0028210414
       -0.0001504710  -0.0002861352   0.0004958779   0.0002242465
        0.0000264392   0.0000149026   0.0000078060   0.0000275630  -0.0000392266
        0.0000354461  -0.0000206633   0.0000512397   0.0000509644   0.0011176110
        0.0005227981  -0.0013739570  -0.0031649043   0.0037023407  -0.0285916563
       -0.0439673244  -0.0027504171   0.0086410746  -0.0002280405   0.0009779402
        0.0098808701   0.0000030723   0.0000008011  -0.0000058777   0.0000245170
        0.0000000921   0.0000180638   0.0000108984  -0.0000094773   0.0000092561
       -0.0000481515  -0.0000187497   0.0000445280   0.0000048535   0.0000017587
       -0.0000036772   0.0001113242  -0.0000130400   0.0001775510   0.0000447340
       -0.0000154585  -0.0000343040  -0.0000092175  -0.0000079329   0.0000612812
       -0.0006059882  -0.0001462554   0.0004861282   0.0005008824  -0.0002749346
       -0.0000717629  -0.0050950040   0.0017627010  -0.0030778462  -0.0017879545
       -0.0047568863   0.0222564028   0.0528009213  -0.0005941197  -0.0091790097
       -0.0000261647   0.0020340770   0.0008319039   0.0002834133  -0.0003531548
       -0.0005833570  -0.0000028165  -0.0000889982   0.0004201719
       -0.0000078671  -0.0000017356   0.0000019096  -0.0000310954   0.0000010518
       -0.0000196528  -0.0000733549  -0.0000499410   0.0000125499  -0.0003697014
        0.0002938536  -0.0006467455   0.0014685291  -0.0005290899   0.0089061463
       -0.0030130475  -0.0461309230   0.0236316384   0.0026829836  -0.0011299551
       -0.0278472593   0.0000069533  -0.0000081998   0.0000037383  -0.0000019078
       -0.0000061743   0.0000032934   0.0000076293   0.0000049962  -0.0000062807
        0.0000011119   0.0000171545  -0.0000045781  -0.0000076563  -0.0000108522
       -0.0000112580  -0.0000459638  -0.0000421341  -0.0000107359   0.0000418204
       -0.0000320065   0.0000349985  -0.0000179008  -0.0001466637  -0.0001388422
       -0.0001052470   0.0002491892  -0.0000564215  -0.0000497231  -0.0000662442
        0.0003994607   0.0018561459   0.0000038714   0.0006078492  -0.0034254653
       -0.0041144044   0.0247915068  -0.0005941197   0.0548556596  -0.0254362582
        0.0020683997  -0.0046353122  -0.0035943934  -0.0000711730   0.0009718568
       -0.0005747077  -0.0003193500   0.0005060029  -0.0000459577
        0.0000611968  -0.0000049046  -0.0000021661   0.0000694482   0.0000183439
       -0.0000229131   0.0002192025  -0.0000429244   0.0000658866   0.0010970078
       -0.0002308821   0.0006228212  -0.0042660001   0.0029475342  -0.0156328149
        0.0089623925   0.0230899524  -0.2687830203   0.0023092977  -0.0028408093
       -0.0172166445  -0.0000017805   0.0000254998   0.0000049384   0.0000214879
       -0.0000004993   0.0000063667  -0.0000122115  -0.0000234123   0.0000155142
       -0.0000414494  -0.0000193485   0.0001021697   0.0000001234  -0.0000129936
       -0.0000237812   0.0001838288  -0.0000008603   0.0001211342   0.0000281944
        0.0000359256   0.0000020576  -0.0000572678  -0.0000267096  -0.0001863189
       -0.0005291320  -0.0002121060   0.0007062390   0.0002531483   0.0001441384
        0.0002524983  -0.0028998227   0.0012621159  -0.0006504840   0.0027681236
        0.0039397035  -0.0124952809  -0.0091790097  -0.0254362582   0.3130468343
        0.0012331728  -0.0033701868  -0.0008291068  -0.0003778091   0.0004826592
        0.0005979262   0.0001578582   0.0002760222   0.0002981444
        0.0000023888   0.0000130122  -0.0000095024  -0.0000037328  -0.0000094039
        0.0000083317  -0.0000627047   0.0000221527   0.0000081902  -0.0001862175
        0.0000847121  -0.0000097468   0.0006103050  -0.0001087271   0.0013499368
       -0.0002234944   0.0007020404   0.0101164190  -0.0449710703  -0.0009735773
       -0.0029268260   0.0000053066  -0.0000071770  -0.0000007154  -0.0000124478
        0.0000024893  -0.0000064503   0.0000197572   0.0000028396  -0.0000023906
        0.0000285435   0.0000036776  -0.0000315697  -0.0000045374  -0.0000138023
        0.0000135052  -0.0000569589   0.0000282590  -0.0000515378   0.0000372737
       -0.0000325926  -0.0000171349  -0.0000877546  -0.0001482291   0.0001954104
        0.0000990340  -0.0000681969  -0.0001949062   0.0000197503  -0.0001229648
       -0.0001443637  -0.0001878652   0.0004166646  -0.0002869223   0.0000779883
       -0.0003510581  -0.0004908284  -0.0000261647   0.0020683997   0.0012331728
        0.0484429779  -0.0011329213   0.0029275563  -0.0003238130  -0.0038156375
        0.0210673899  -0.0031965641   0.0034400406  -0.0327470176
       -0.0000100099  -0.0000050943  -0.0000005071  -0.0000132487   0.0000095531
        0.0000026739  -0.0000066915  -0.0000152394   0.0000052264   0.0000146276
        0.0000330908   0.0000409199  -0.0006878233   0.0008140323  -0.0006726911
        0.0012973783  -0.0005955196  -0.0277559304  -0.0009700150  -0.0449286623
        0.0182095667   0.0000009941  -0.0000013899  -0.0000032228   0.0000002156
        0.0000029552   0.0000011989  -0.0000055491  -0.0000025310   0.0000008176
       -0.0000028154  -0.0000144239   0.0000006175  -0.0000012212   0.0000000231
        0.0000135113   0.0000104357   0.0000205647   0.0000083923  -0.0000081263
        0.0000059072  -0.0000094482  -0.0000461100   0.0000486736   0.0001768428
       -0.0000616825  -0.0001494027   0.0000360940  -0.0002553204   0.0001926767
        0.0000599409   0.0003507029  -0.0000957784   0.0003668039  -0.0000307677
        0.0007192963  -0.0004038819   0.0020340770  -0.0046353122  -0.0033701868
       -0.0011329213   0.0520989275  -0.0186430922  -0.0009007988  -0.0036229360
        0.0259768009   0.0004246698   0.0001205892   0.0059595533
       -0.0000252588   0.0000055202  -0.0000067109  -0.0000350993  -0.0000350453
       -0.0000162156  -0.0000701061   0.0000549018  -0.0000357641   0.0000890314
       -0.0001295541  -0.0000998606  -0.0004512892   0.0007602842   0.0006909308
        0.0018624214  -0.0037941876  -0.0179058615  -0.0030908244   0.0185804508
       -0.2811552155  -0.0000032219  -0.0000047149  -0.0000032431   0.0000124570
       -0.0000047178   0.0000376934   0.0000040702   0.0000082166  -0.0000051668
       -0.0000243567  -0.0000065352   0.0000210285   0.0000133629   0.0000405743
       -0.0000030839   0.0000552136  -0.0000270685   0.0001249323  -0.0000461696
        0.0000248967  -0.0000050578   0.0002654602   0.0002109347  -0.0001573559
       -0.0002014002   0.0000339241   0.0001964331  -0.0003213826   0.0002946819
        0.0001635151   0.0004873765  -0.0002740071   0.0006952176  -0.0002812717
        0.0003472261   0.0004222514   0.0008319039  -0.0035943934  -0.0008291068
        0.0029275563  -0.0186430922   0.3264927668   0.0011675571   0.0039158681
       -0.0139482615  -0.0031660297   0.0022358367  -0.0146738648
        0.0000078486  -0.0000036411  -0.0000107619  -0.0000292774  -0.0000322787
        0.0000349973   0.0000052468  -0.0000754870  -0.0001170396  -0.0007231501
        0.0008387324   0.0003196865   0.0003758926   0.0000248889  -0.0000156924
        0.0057258318   0.0050490133  -0.0028204921  -0.1275101753  -0.1078433560
        0.0404594946   0.0000119118  -0.0000101828   0.0000033106   0.0000011602
       -0.0000029403   0.0000035739   0.0000243007   0.0000047892  -0.0000002557
       -0.0000033931   0.0000007017   0.0000047628  -0.0000369270  -0.0000205827
       -0.0000151485   0.0000194499  -0.0000014513  -0.0000001205   0.0000621769
       -0.0000437886   0.0000092068  -0.0017108670   0.0005297484  -0.0002601352
        0.0000345157   0.0000445459   0.0000969066  -0.0001292488  -0.0001002068
        0.0000610738  -0.0000558582  -0.0000326356  -0.0000335779   0.0005753581
        0.0019572336   0.0004347778   0.0002834133  -0.0000711730  -0.0003778091
       -0.0003238130  -0.0009007988   0.0011675571   0.1477788156   0.1250367748
       -0.0478447965  -0.0243832121  -0.0243479053   0.0089004819
       -0.0000419460  -0.0000135171  -0.0000001047  -0.0000026429  -0.0000049804
       -0.0000102185  -0.0000102491   0.0001459389  -0.0000224921  -0.0001363786
       -0.0002904908  -0.0001737913  -0.0005292175   0.0004109042   0.0002931250
       -0.0152295126  -0.0265284251   0.0054233941  -0.1080551359  -0.1800845257
        0.0533963558  -0.0000107861   0.0000078923   0.0000006572  -0.0000040480
        0.0000012135   0.0000017084  -0.0000198748   0.0000083900  -0.0000047690
        0.0000195063   0.0000016685  -0.0000401135   0.0000311719   0.0000843662
        0.0000247903  -0.0000489167  -0.0000022139   0.0000014346  -0.0001368955
        0.0000861766   0.0000073033   0.0010516785   0.0008908023   0.0003478100
        0.0001598904   0.0000004617  -0.0002899742  -0.0001754998   0.0003897503
        0.0000675595  -0.0000797139  -0.0001278210   0.0000318330   0.0019306320
       -0.0057564837  -0.0028210414  -0.0003531548   0.0009718568   0.0004826592
       -0.0038156375  -0.0036229360   0.0039158681   0.1250367748   0.2104147855
       -0.0598013579   0.0004199557   0.0030171869  -0.0008306360
        0.0000024525  -0.0000009794  -0.0000108689  -0.0000111039   0.0000253689
        0.0000280549  -0.0000189217  -0.0000750400  -0.0000519684   0.0000650066
        0.0002747819   0.0001890685  -0.0000084176   0.0004686834   0.0001877300
       -0.0068955048  -0.0095531994   0.0034350469   0.0405095132   0.0536512487
       -0.0652265966   0.0000070557  -0.0000093163  -0.0000025267  -0.0000112514
        0.0000066825  -0.0000115283   0.0000062705  -0.0000003706   0.0000003347
        0.0000265898  -0.0000118198  -0.0000263058  -0.0000211881  -0.0000256640
        0.0000141809  -0.0000449227   0.0000433382  -0.0000618891   0.0000409627
       -0.0000420590  -0.0000137294  -0.0003256444  -0.0001247908   0.0004826117
        0.0000987381  -0.0002348682  -0.0002280165  -0.0000145078  -0.0000062738
       -0.0000767130   0.0001123804   0.0000861483  -0.0001666870   0.0005525523
       -0.0031054563  -0.0001504710  -0.0005833570  -0.0005747077   0.0005979262
        0.0210673899   0.0259768009  -0.0139482615  -0.0478447965  -0.0598013579
        0.0717875637  -0.0067092958  -0.0069671497   0.0032530446
       -0.0000055688  -0.0000098584   0.0000088118   0.0000358169   0.0000335303
       -0.0000409140   0.0000724719   0.0000132211   0.0000222952   0.0000316943
        0.0001088342  -0.0001269070  -0.0001890085   0.0025472747   0.0014673618
       -0.0123580867   0.0053819864  -0.0026068608  -0.2535536698   0.0393534906
       -0.0688014820  -0.0000011814   0.0000237864   0.0000034048   0.0000099620
        0.0000035361  -0.0000092431  -0.0000463876  -0.0000231190   0.0000094232
       -0.0000025574  -0.0000032803   0.0000168526   0.0000235200   0.0000092839
        0.0000019100   0.0000420353  -0.0000196654   0.0000453633  -0.0000228908
        0.0000146951   0.0000034270   0.0002143499   0.0001883499   0.0000602341
       -0.0000069983   0.0000508076  -0.0000219204  -0.0006373049   0.0002950130
       -0.0001248942   0.0002110177  -0.0001570360   0.0003611270   0.0008458941
       -0.0003553493  -0.0002861352  -0.0000028165  -0.0003193500   0.0001578582
       -0.0031965641   0.0004246698  -0.0031660297  -0.0243832121   0.0004199557
       -0.0067092958   0.2929194847  -0.0479807765   0.0797356133
       -0.0000068399   0.0000181130  -0.0000047962   0.0000196185  -0.0000028480
        0.0000095456   0.0000206516   0.0001707167  -0.0000060420  -0.0002491388
       -0.0000935425   0.0000008697   0.0019089258  -0.0046880031  -0.0025262574
        0.0262109436  -0.0087121751   0.0065218177   0.0393225463  -0.0499667628
        0.0144519192  -0.0000118576   0.0000002764   0.0000014950  -0.0000046973
       -0.0000061069   0.0000049383   0.0000166811   0.0000111813  -0.0000056280
        0.0000023770  -0.0000025739  -0.0000142089   0.0000258261   0.0000239372
        0.0000118167  -0.0000317884  -0.0000128384  -0.0000140683  -0.0000901220
        0.0000491307   0.0000124518   0.0001568042   0.0000460493   0.0001235660
       -0.0000098591  -0.0000212081  -0.0000194332   0.0013565898  -0.0006667920
        0.0003437229  -0.0002621065  -0.0000112030  -0.0002379259   0.0006030850
        0.0004957675   0.0004958779  -0.0000889982   0.0005060029   0.0002760222
        0.0034400406   0.0001205892   0.0022358367  -0.0243479053   0.0030171869
       -0.0069671497  -0.0479807765   0.0597251026  -0.0146943700
        0.0000059939  -0.0000086844   0.0000049076   0.0000177566   0.0000118540
       -0.0000007563   0.0000735510  -0.0000168622  -0.0000024829   0.0000603091
       -0.0001470940   0.0000427525   0.0007057612  -0.0017992598  -0.0004111900
        0.0110007474  -0.0031121191   0.0034963041  -0.0685709725   0.0144133932
       -0.0671068338  -0.0000051545   0.0000092277   0.0000012038   0.0000035318
       -0.0000003263  -0.0000031901  -0.0000132054  -0.0000038380   0.0000010150
       -0.0000126154  -0.0000030703   0.0000166640   0.0000010943   0.0000055295
       -0.0000070547   0.0000203045  -0.0000110431  -0.0000012348  -0.0000212674
        0.0000280131   0.0000151331  -0.0000374826   0.0001247868  -0.0000841080
       -0.0000372048   0.0000117061   0.0000531177   0.0004629607  -0.0002182645
        0.0003238451   0.0000714655  -0.0001376427   0.0001013738  -0.0000348230
        0.0004651047   0.0002242465   0.0004201719  -0.0000459577   0.0002981444
       -0.0327470176   0.0059595533  -0.0146738648   0.0089004819  -0.0008306360
        0.0032530446   0.0797356133  -0.0146943700   0.0744589631
