           1           2   1.01910167623310     
           2           3   1.00779236615423     
           3           4   1.00698671001883     
           4           5   1.00802504252012     
           5           6   1.00695588262251     
           6           7   1.02004608023049     
           1           8  0.988034148199918     
           1           9  0.988005528324656     
           1          10  0.987565396311727     
           2          11  0.978705525876862     
           2          12  0.978605652013089     
           3          13  0.977546258349724     
           3          14  0.977509157838627     
           4          15  0.975712074756533     
           4          16  0.977418442835848     
           5          17  0.977501726382918     
           5          18  0.977342430924109     
           6          19  0.978720570728127     
           6          20  0.978299098597037     
           7          21  0.987689512554592     
           7          22  0.986307519577099     
           7          23  0.987635768366066     
