   -0.10026875
   -0.05151589
   -0.05774606
   -0.05741808
   -0.05726798
   -0.05951953
   -0.05718418
   -0.05715538
   -0.05703045
   -0.05857536
   -0.05719917
   -0.05803840
   -0.05811147
   -0.05289403
   -0.10052428
    0.03065604
    0.03012982
    0.03272760
    0.02710287
    0.03292722
    0.02730264
    0.03046574
    0.02751011
    0.02697658
    0.02492107
    0.02912551
    0.04118548
    0.02671300
    0.02505226
    0.02935432
    0.02759074
    0.02746529
    0.02549120
    0.02952344
    0.03751192
    0.02753721
    0.02808453
    0.02590934
    0.02836453
    0.02711760
    0.03081481
    0.03197787
    0.02737310
    0.02711006
    0.03273813
    0.03217942
    0.03150956
