           1           2   1.01880541779425     
           2           3   1.00885304487012     
           3           4   1.00664030152957     
           4           5   1.00650838339143     
           5           6   1.00788074480408     
           6           7   1.00779664839177     
           7           8   1.00639242989112     
           8           9   1.00622342990753     
           9          10   1.00793568490813     
          10          11   1.00776215914949     
          11          12   1.00596687412136     
          12          13   1.00813630174270     
          13          14   1.00763739202848     
          14          15   1.01908375711015     
           1          16  0.988001806228348     
           1          17  0.988035868023493     
           1          18  0.986440222728683     
           2          19  0.978587889791267     
           2          20  0.975940928732030     
           3          21  0.976869136512160     
           3          22  0.975580084374029     
           4          23  0.977996090533038     
           4          24  0.977919735928391     
           5          25  0.977413052760969     
           5          26  0.975625350449349     
           6          27  0.969874326253691     
           6          28  0.978184581927719     
           7          29  0.977432027931658     
           7          30  0.975201036655937     
           8          31  0.978136645534370     
           8          32  0.978144219704111     
           9          33  0.977139697474700     
           9          34  0.975289680931671     
          10          35  0.970886366209022     
          10          36  0.977805819811993     
          11          37  0.976906289427593     
          11          38  0.977639047452339     
          12          39  0.977652333812518     
          12          40  0.977183105781269     
          13          41  0.974790816184213     
          13          42  0.976776776363112     
          14          43  0.978800076362992     
          14          44  0.978490166959417     
          15          45  0.987952509477203     
          15          46  0.987092445414867     
          15          47  0.987584264217366     
