$coord
         -8.315834357848         -1.814809158466          0.751823123503     c 
         -7.417144812496          0.462827022650         -0.763100665550     c 
         -4.905989563119          1.577006686569          0.169974031575     c 
         -2.639305663853         -0.139712270705         -0.354683534965     c 
         -0.101930906668          1.067474069842          0.329113632169     c 
          2.156587890228         -0.579297128149         -0.411860614910     c 
          4.703088018559          0.551353656618          0.354037889308     c 
          6.955957818936         -1.060982292021         -0.474048183968     c 
          9.480869677960          0.061901850620          0.328274972549     c 
         -6.810496018858         -3.219678593143          0.960875349028     h 
         -9.906241142146         -2.777306126684         -0.171351772372     h 
         -8.927463104329         -1.269339257322          2.654832561777     h 
         -8.891245652544          1.926997531035         -0.746090141137     h 
         -7.204613142107         -0.066468886437         -2.759216702925     h 
         -4.577803200009          3.417547128159         -0.735512423758     h 
         -5.024408504062          1.988430383989          2.200011277318     h 
         -2.630089995742         -0.667415974186         -2.359510186246     h 
         -2.848162631743         -1.932440459176          0.666466603648     h 
         -0.044791828167          1.474226725653          2.361943408717     h 
          0.066217393771          2.916774556790         -0.595117753359     h 
          2.131859766990         -0.914948005702         -2.457732939053     h 
          1.949295073261         -2.457282728664          0.439382203612     h 
          4.755383463001          0.812960824318          2.407562867686     h 
          4.884498857528          2.457415501377         -0.434656213496     h 
          6.742730214258         -2.978412757381          0.297926337009     h 
          6.904136015028         -1.304079124640         -2.536417543150     h 
         11.076939229399         -1.127922616516         -0.208632212201     h 
          9.560614385622          0.304444351218          2.374959524905     h 
          9.791104362270          1.917804573084         -0.519949086815     h 
$end
