$hessian                                                                        
        0.4822035024   0.0222244861   0.0205604635  -0.1541480979   0.0465028138
        0.0445209416  -0.0163192375   0.0117040763   0.0023140717  -0.0009374005
        0.0014841960  -0.0020496808   0.0000091080   0.0001485723   0.0000640307
        0.0000670618   0.0000562726  -0.0000167829   0.0000173847  -0.0000046621
       -0.0000145783  -0.1438899410  -0.1077566651   0.0472388621  -0.0612727528
       -0.0385461388  -0.0508874336  -0.0878873870   0.0576624390  -0.0734009936
        0.0038905968  -0.0007017362  -0.0007086504  -0.0223686293   0.0078579405
        0.0111898994   0.0002264099  -0.0001344646   0.0005651603   0.0010785761
       -0.0008992032   0.0006436026  -0.0001152585  -0.0000530900  -0.0001436407
       -0.0005836274   0.0004992334   0.0003081742   0.0000676258  -0.0000238231
       -0.0001359550   0.0000224157  -0.0000309346  -0.0001130733  -0.0000532138
        0.0000233806   0.0000567156  -0.0000127204  -0.0000214932   0.0000334672
        0.0000135999   0.0000291029  -0.0000165995   0.0000151140  -0.0000248395
       -0.0000150419  -0.0000231289   0.0000045367   0.0000070411
        0.0222244861   0.5107972370  -0.0125591071   0.0464798694  -0.0924138177
       -0.0256248717   0.0174052632  -0.0113024128  -0.0033559694   0.0017288909
       -0.0018995033   0.0026237631  -0.0002098758   0.0000032329   0.0000699229
       -0.0000079527   0.0000136285  -0.0000116172   0.0000046965   0.0000191307
        0.0000056919  -0.1081616878  -0.1583922425   0.0516936209  -0.0383679215
       -0.1229678005  -0.1044328818   0.0577357376  -0.1220499933   0.0955576890
        0.0155369622  -0.0100968342  -0.0105811579  -0.0156961164   0.0078404998
        0.0079789554  -0.0004814824   0.0005380787  -0.0003986437   0.0008820700
        0.0003578609  -0.0007579891  -0.0000255377   0.0001351788   0.0001390376
        0.0008967124  -0.0006281722  -0.0002047454   0.0000779520  -0.0001145492
       -0.0001058002  -0.0000264775   0.0001124542  -0.0000584107   0.0000282244
        0.0000054558   0.0000823007  -0.0000437481   0.0000217915  -0.0000354551
        0.0000277885   0.0000127056  -0.0000133118  -0.0000085874   0.0000051648
       -0.0000007382   0.0000007341   0.0000029063  -0.0000102823
        0.0205604635  -0.0125591071   0.5145162537   0.0438280445  -0.0251198488
       -0.0873191563  -0.0143040667   0.0086344507   0.0059673601  -0.0019950718
        0.0022739859  -0.0022177195   0.0000803850   0.0000754627  -0.0001575309
       -0.0000541600   0.0000095878   0.0000730608  -0.0000149025  -0.0000054822
        0.0000072468   0.0475234095   0.0514152461  -0.0684270866  -0.0503949151
       -0.1046797866  -0.1865749380  -0.0736465141   0.0957127230  -0.1609319140
        0.0197459458  -0.0134592145  -0.0122745392   0.0109644926  -0.0037834994
       -0.0044489013  -0.0006014953   0.0007495109   0.0006251668  -0.0009590008
        0.0000559151   0.0006477802   0.0000184235   0.0001123985   0.0000241460
       -0.0007722555   0.0007697478   0.0002750913  -0.0000322503  -0.0001040507
        0.0001108022  -0.0000162908  -0.0000805491   0.0000938021   0.0000063532
       -0.0000035346  -0.0000326860   0.0000682590   0.0000190668   0.0000344809
       -0.0000113310  -0.0000163526   0.0000208105   0.0000157883  -0.0000029548
       -0.0000006324  -0.0000093109  -0.0000137148  -0.0000108973
       -0.1541480979   0.0464798694   0.0438280445   0.4860166040   0.0406236736
       -0.0035533698  -0.0880795743   0.0277955620  -0.0407620345  -0.0137919063
        0.0161870114  -0.0133996502   0.0005522816  -0.0000546871  -0.0000172255
        0.0000581256   0.0001703645   0.0000813651   0.0000671244   0.0000083768
       -0.0000546042  -0.0222735404   0.0070001251   0.0112736779   0.0049509057
       -0.0007518289  -0.0001188358  -0.0145514523   0.0092083922   0.0044386157
       -0.0615188094  -0.0392921324  -0.0488403004  -0.1344151274  -0.1057422862
        0.0448486182  -0.0060671395   0.0062156966  -0.0113063906   0.0069294220
       -0.0104035999   0.0131929802   0.0006862302  -0.0009639046  -0.0004588572
       -0.0032900943   0.0031086169   0.0011087818  -0.0010302349   0.0006971030
        0.0000977834   0.0001112297   0.0000482459  -0.0002120420  -0.0001998708
       -0.0001397015  -0.0002319489   0.0000400398  -0.0000957343   0.0000221691
       -0.0000503764  -0.0000433112   0.0000663019   0.0000334103  -0.0000446985
       -0.0000200465  -0.0000291494  -0.0000111528   0.0000169678
        0.0465028138  -0.0924138177  -0.0251198488   0.0406236736   0.5098590904
        0.0145251772   0.0270961522  -0.1077232074   0.0513788942   0.0113506905
       -0.0118153211   0.0088303404  -0.0000042011   0.0003222156  -0.0002898564
       -0.0001696409  -0.0001619892   0.0000858904  -0.0000564671   0.0000139584
       -0.0000100519  -0.0157550598   0.0086212425   0.0079397645   0.0152388417
       -0.0104550471  -0.0106200168   0.0166160819  -0.0097438284  -0.0056381705
       -0.0395818642  -0.1184482164  -0.0991584355  -0.1055471485  -0.1589088359
        0.0493755874  -0.0059594083   0.0083878187  -0.0105530027   0.0070826345
       -0.0162902288   0.0188207183   0.0000447823   0.0002178891   0.0007406479
        0.0027902011  -0.0014428415  -0.0008511059  -0.0001214940   0.0002183298
        0.0005143984  -0.0001036833  -0.0001719584   0.0001443788  -0.0001273756
        0.0001030259  -0.0002897896   0.0001119918  -0.0000966985   0.0000917849
       -0.0000596432  -0.0000417845   0.0000733160   0.0000186144  -0.0000383601
        0.0000020833   0.0000095084   0.0000085646   0.0000072965
        0.0445209416  -0.0256248717  -0.0873191563  -0.0035533698   0.0145251772
        0.5006046411  -0.0392073407   0.0506297421  -0.1305111945   0.0010929628
       -0.0035631516   0.0070397333  -0.0000136032  -0.0001373784   0.0001991470
        0.0000814141  -0.0000862141  -0.0002379588  -0.0000168623   0.0000117180
        0.0000728490   0.0106375955  -0.0029259444  -0.0049966793   0.0194785051
       -0.0136165615  -0.0129281458  -0.0161074729   0.0093099862   0.0070829477
       -0.0491285280  -0.0987992753  -0.1790925415   0.0450336357   0.0498716859
       -0.0677774086  -0.0129017032   0.0120760253  -0.0219224939  -0.0037063808
        0.0112209608  -0.0111859517   0.0010597609  -0.0008247068   0.0008187785
        0.0022006381  -0.0019610636   0.0000566454   0.0004169582  -0.0001672378
       -0.0000405891   0.0001948009  -0.0000228601   0.0000703996  -0.0001015352
       -0.0000103286   0.0001318629  -0.0000126688   0.0000365333  -0.0000255775
        0.0000156317   0.0000369811  -0.0000587973  -0.0000121392  -0.0000033061
        0.0000046984   0.0000287594   0.0000240898   0.0000147913
       -0.0163192375   0.0174052632  -0.0143040667  -0.0880795743   0.0270961522
       -0.0392073407   0.4853442960   0.0375409562   0.0050980744  -0.1333453040
        0.0519080786   0.0347170033  -0.0216207912   0.0083916014   0.0111392987
        0.0005509911   0.0000045807  -0.0000153312   0.0000085282   0.0002080029
        0.0000799822   0.0004792394   0.0006247992  -0.0009469536   0.0008403036
       -0.0006579262  -0.0005821621  -0.0042006455   0.0030009038   0.0012952893
       -0.0056806116   0.0052850468  -0.0105140068   0.0076457326  -0.0101753134
        0.0120192924  -0.0697086124  -0.0471000575  -0.0576325126  -0.1449506834
       -0.0997883956   0.0547327617   0.0053904994  -0.0030018708  -0.0012475581
       -0.0125898144   0.0111751513   0.0037778397   0.0007710818   0.0004511046
       -0.0006340276  -0.0033642837  -0.0021162472   0.0020353666  -0.0010292682
       -0.0002456512   0.0002501977  -0.0001431704   0.0000534598  -0.0000480561
       -0.0000269756   0.0000318778  -0.0000234772  -0.0000135572  -0.0000720160
        0.0000315504   0.0000418575  -0.0000195006  -0.0000211637
        0.0117040763  -0.0113024128   0.0086344507   0.0277955620  -0.1077232074
        0.0506297421   0.0375409562   0.5040908057   0.0154577206   0.0480497199
       -0.1039398721  -0.0268099932  -0.0084096583   0.0099632701   0.0042370981
        0.0000548846   0.0003237455   0.0001390322  -0.0001485360   0.0000023292
       -0.0000750487  -0.0012536745   0.0007985768   0.0000185063  -0.0000195909
        0.0002364414   0.0007161150   0.0026530507  -0.0011600199  -0.0007537524
       -0.0058581492   0.0083916294  -0.0103563957   0.0080246485  -0.0163470342
        0.0184569525  -0.0468719845  -0.1198977076  -0.0979357672  -0.0997480793
       -0.1359762662   0.0520068153   0.0143226824  -0.0136242422  -0.0110931818
        0.0162370610  -0.0130252768  -0.0053349448   0.0000568286   0.0004569705
        0.0001002682  -0.0032727676  -0.0008838626   0.0018600892  -0.0007477471
       -0.0003140059   0.0001712892  -0.0001078654  -0.0000039227  -0.0000514150
        0.0000174326   0.0000428915   0.0000114401   0.0000199669  -0.0000643042
        0.0000050012  -0.0000388167  -0.0000445255  -0.0000340219
        0.0023140717  -0.0033559694   0.0059673601  -0.0407620345   0.0513788942
       -0.1305111945   0.0050980744   0.0154577206   0.4971012057   0.0359446157
       -0.0288921097  -0.0853508953   0.0111526486  -0.0042468399  -0.0048642517
       -0.0000175330   0.0002893320   0.0002003126   0.0000636962  -0.0000691469
       -0.0001566828   0.0005511784  -0.0007938343   0.0005145220   0.0009370185
       -0.0006048549   0.0007880687   0.0024760277  -0.0015652373   0.0001092780
       -0.0135419631   0.0122375656  -0.0224177431  -0.0037697612   0.0097662796
       -0.0096501157  -0.0580509165  -0.0977048549  -0.1704066722   0.0544341267
        0.0517432693  -0.0752191434   0.0164929968  -0.0166095638  -0.0120681736
       -0.0148444582   0.0125485871   0.0063470178  -0.0001423746  -0.0002442604
       -0.0000487207   0.0020493963   0.0011168018  -0.0004895870  -0.0002155955
       -0.0005122216   0.0003233816  -0.0001425638   0.0001096843  -0.0000988301
        0.0000434917   0.0000210455  -0.0000066664   0.0000320829  -0.0000148018
       -0.0000360472  -0.0001022251  -0.0000554850  -0.0000264228
       -0.0009374005   0.0017288909  -0.0019950718  -0.0137919063   0.0113506905
        0.0010929628  -0.1333453040   0.0480497199   0.0359446157   0.4707037116
        0.0000232151   0.0307004349  -0.1332393767  -0.0480335145   0.0359941110
       -0.0137835910  -0.0113591004   0.0011184618  -0.0009409431  -0.0017293856
       -0.0019945501   0.0001994860   0.0000609088  -0.0000751769  -0.0000875966
       -0.0000553687  -0.0001528676  -0.0005872801   0.0004807078   0.0003192071
        0.0002449452   0.0000214584   0.0006829387   0.0003096780  -0.0004301567
        0.0003296573   0.0061313572  -0.0025055477  -0.0020059731  -0.0218166064
        0.0109055106   0.0121646930  -0.0716929032  -0.0469942017  -0.0616077401
       -0.0718004855   0.0469505069  -0.0617820293   0.0061506165   0.0025287515
       -0.0020227087  -0.0217974348  -0.0109128041   0.0121845783   0.0003105395
        0.0004299369   0.0003298082   0.0002447098  -0.0000217548   0.0006830382
       -0.0000888726   0.0000542191  -0.0001517132   0.0002001237  -0.0000601734
       -0.0000768400  -0.0005854666  -0.0004825085   0.0003201639
        0.0014841960  -0.0018995033   0.0022739859   0.0161870114  -0.0118153211
       -0.0035631516   0.0519080786  -0.1039398721  -0.0288921097   0.0000232151
        0.4840614995   0.0000443235  -0.0518898713  -0.1039728256   0.0289636165
       -0.0161903441  -0.0118372236   0.0035848012  -0.0014885058  -0.0019016240
       -0.0022758073  -0.0001281734  -0.0000984545   0.0001382535   0.0000004144
        0.0000792504   0.0001545300   0.0008624036  -0.0003008447  -0.0002970997
       -0.0007600469   0.0008581174  -0.0006242472  -0.0001931046   0.0000190362
       -0.0003144234   0.0140349524  -0.0124748925  -0.0107928533  -0.0124762315
        0.0076837520   0.0068062853  -0.0468844987  -0.1203195004  -0.0944664604
        0.0468423695  -0.1199131011   0.0943303160  -0.0140072348  -0.0124686806
        0.0108042046   0.0124562384   0.0076836614  -0.0068196099   0.0001922456
        0.0000210105   0.0003152518   0.0007616621   0.0008567557   0.0006231587
       -0.0000018654   0.0000794638  -0.0001534755   0.0001292516  -0.0000978289
       -0.0001388659  -0.0008621619  -0.0003028745   0.0002993768
       -0.0020496808   0.0026237631  -0.0022177195  -0.0133996502   0.0088303404
        0.0070397333   0.0347170033  -0.0268099932  -0.0853508953   0.0307004349
        0.0000443235   0.5221283358   0.0347686669   0.0268772078  -0.0854382837
       -0.0133718061  -0.0088196535   0.0070514681  -0.0020514871  -0.0026217026
       -0.0022125868   0.0000439375  -0.0000651551  -0.0000725219   0.0000271729
        0.0000490011  -0.0000068096  -0.0010197661   0.0006662965   0.0003062587
       -0.0008186181   0.0007595619   0.0006331844   0.0001026841   0.0000875499
        0.0003112802   0.0168445801  -0.0150658042  -0.0116809868   0.0115015126
       -0.0057733139  -0.0055384187  -0.0612443855  -0.0951164507  -0.1642847431
       -0.0614171309   0.0949751054  -0.1645786729   0.0168262855   0.0150759372
       -0.0117052086   0.0115051143   0.0057823112  -0.0055569177   0.0001020224
       -0.0000874013   0.0003129507  -0.0008195938  -0.0007620679   0.0006327277
        0.0000267426  -0.0000493145  -0.0000062129   0.0000436672   0.0000658678
       -0.0000730757  -0.0010177056  -0.0006664089   0.0003071144
        0.0000091080  -0.0002098758   0.0000803850   0.0005522816  -0.0000042011
       -0.0000136032  -0.0216207912  -0.0084096583   0.0111526486  -0.1332393767
       -0.0518898713   0.0347686669   0.4854301449  -0.0375532660   0.0051388108
       -0.0881482668  -0.0271414606  -0.0392356182  -0.0163217714  -0.0173935092
       -0.0142639915  -0.0000138912   0.0000720955   0.0000321222  -0.0000272806
       -0.0000320789  -0.0000237266   0.0000420884   0.0000193926  -0.0000213049
       -0.0001430375  -0.0000526039  -0.0000485815  -0.0010340245   0.0002462960
        0.0002508206   0.0007690591  -0.0004488179  -0.0006304604  -0.0033704666
        0.0021177369   0.0020365625  -0.0125674328  -0.0111709414   0.0037907421
        0.0054079508   0.0030188844  -0.0012693895  -0.0698587586   0.0472052735
       -0.0577902071  -0.1449309510   0.0997407654   0.0548104525   0.0076579140
        0.0101800887   0.0120168718  -0.0057191044  -0.0053181131  -0.0105534570
        0.0008355392   0.0006580956  -0.0005769476   0.0004809704  -0.0006278001
       -0.0009525020  -0.0041899031  -0.0030064310   0.0013017064
        0.0001485723   0.0000032329   0.0000754627  -0.0000546871   0.0003222156
       -0.0001373784   0.0083916014   0.0099632701  -0.0042468399  -0.0480335145
       -0.1039728256   0.0268772078  -0.0375532660   0.5040463722  -0.0154322962
       -0.0278646515  -0.1077632797  -0.0506356038  -0.0117245227  -0.0113206117
       -0.0086419374  -0.0000195581  -0.0000644587  -0.0000055429  -0.0000174346
        0.0000430681  -0.0000111039   0.0000386376  -0.0000445914   0.0000341364
        0.0001082208  -0.0000032649   0.0000518204   0.0007504960  -0.0003140117
       -0.0001725840  -0.0000561093   0.0004556311  -0.0001000318   0.0032750418
       -0.0008823142  -0.0018554376  -0.0162550905  -0.0130623735   0.0053668399
       -0.0142783143  -0.0135988405   0.0110991144   0.0469809189  -0.1198274503
        0.0978619840   0.0997006893  -0.1359040328  -0.0520653834  -0.0080289532
       -0.0163368936  -0.0184290426   0.0058652541   0.0083902896   0.0103435098
        0.0000191233   0.0002350503  -0.0007124406   0.0012569700   0.0008022705
       -0.0000242804  -0.0026494237  -0.0011664519   0.0007598275
        0.0000640307   0.0000699229  -0.0001575309  -0.0000172255  -0.0002898564
        0.0001991470   0.0111392987   0.0042370981  -0.0048642517   0.0359941110
        0.0289636165  -0.0854382837   0.0051388108  -0.0154322962   0.4971159393
       -0.0407905608  -0.0513730172  -0.1304226142   0.0023431004   0.0033793330
        0.0059863452   0.0000320596   0.0000146641  -0.0000361003   0.0000435068
       -0.0000208971  -0.0000068954  -0.0001021626   0.0000557960  -0.0000265238
       -0.0001440527  -0.0001101526  -0.0000988067  -0.0002140695   0.0005128678
        0.0003245497  -0.0001416298   0.0002428011  -0.0000497634   0.0020426092
       -0.0011127636  -0.0004844527  -0.0148030216  -0.0125385319   0.0063589712
        0.0164909287   0.0166274667  -0.0121063557  -0.0582080591   0.0976335534
       -0.1703434139   0.0545082774  -0.0518058244  -0.0753052025  -0.0037886501
       -0.0097871841  -0.0096649233  -0.0135541194  -0.0122369969  -0.0223867634
        0.0009341508   0.0006027436   0.0007844615   0.0005523339   0.0007977553
        0.0005184925   0.0024803331   0.0015699019   0.0001039753
        0.0000670618  -0.0000079527  -0.0000541600   0.0000581256  -0.0001696409
        0.0000814141   0.0005509911   0.0000548846  -0.0000175330  -0.0137835910
       -0.0161903441  -0.0133718061  -0.0881482668  -0.0278646515  -0.0407905608
        0.4860832309  -0.0406659577  -0.0035409721  -0.1538963047  -0.0465209778
        0.0438993269   0.0000336112   0.0000448257  -0.0000195538  -0.0000502608
        0.0000427662   0.0000663814  -0.0000292080   0.0000111279   0.0000170185
        0.0000398082   0.0000953458   0.0000226928  -0.0002004884   0.0001397382
       -0.0002316910  -0.0010236882  -0.0006929678   0.0000977583   0.0001111342
       -0.0000467562  -0.0002100269  -0.0032832218  -0.0031049904   0.0011107673
        0.0006884103   0.0009661377  -0.0004616493  -0.0060934694  -0.0062354083
       -0.0113273292   0.0069349883   0.0104057587   0.0131809236  -0.1344947958
        0.1056645581   0.0450537586  -0.0617714201   0.0395345355  -0.0491223701
        0.0050015538   0.0007977593  -0.0001637394  -0.0222169281  -0.0070123488
        0.0113031987  -0.0145772724  -0.0092454415   0.0044781515
        0.0000562726   0.0000136285   0.0000095878   0.0001703645  -0.0001619892
       -0.0000862141   0.0000045807   0.0003237455   0.0002893320  -0.0113591004
       -0.0118372236  -0.0088196535  -0.0271414606  -0.1077632797  -0.0513730172
       -0.0406659577   0.5097852648  -0.0144219290  -0.0465428833  -0.0925364229
        0.0252415453  -0.0000185783  -0.0000382838  -0.0000022226   0.0000594724
       -0.0000410381  -0.0000735622  -0.0000093949   0.0000083756  -0.0000074087
       -0.0001122507  -0.0000972870  -0.0000918102   0.0001275617   0.0001029868
        0.0002892863   0.0001226500   0.0002165493  -0.0005134789   0.0001037355
       -0.0001708032  -0.0001429789  -0.0027934749  -0.0014467440   0.0008549611
       -0.0000458967   0.0002194849  -0.0007425866   0.0059608082   0.0083916541
        0.0105409040  -0.0070914070  -0.0162930827  -0.0188115894   0.1054683486
       -0.1586415657  -0.0495490373   0.0398218080  -0.1184207876   0.0990576735
       -0.0152572676  -0.0105092128   0.0106645817   0.0157030311   0.0086329544
       -0.0079567289  -0.0165609612  -0.0097369235   0.0056443459
       -0.0000167829  -0.0000116172   0.0000730608   0.0000813651   0.0000858904
       -0.0002379588  -0.0000153312   0.0001390322   0.0002003126   0.0011184618
        0.0035848012   0.0070514681  -0.0392356182  -0.0506356038  -0.1304226142
       -0.0035409721  -0.0144219290   0.5006259707   0.0445882754   0.0257460531
       -0.0874494693  -0.0000123731   0.0000031692   0.0000045938   0.0000156754
       -0.0000366360  -0.0000589403   0.0000288052  -0.0000242393   0.0000148439
       -0.0000124064  -0.0000363954  -0.0000259037  -0.0001016037   0.0000098409
        0.0001326549   0.0004142506   0.0001669579  -0.0000421604   0.0001943409
        0.0000218642   0.0000695031   0.0022036668   0.0019673762   0.0000526431
        0.0010611121   0.0008247685   0.0008204155  -0.0129152082  -0.0120777501
       -0.0218929207  -0.0037176007  -0.0112339890  -0.0111998899   0.0452455654
       -0.0500419435  -0.0679715685  -0.0494130941   0.0986920709  -0.1788572505
        0.0193955510   0.0136204579  -0.0129287281   0.0107225243   0.0029774354
       -0.0050642497  -0.0160886033  -0.0093196148   0.0071061877
        0.0000173847   0.0000046965  -0.0000149025   0.0000671244  -0.0000564671
       -0.0000168623   0.0000085282  -0.0001485360   0.0000636962  -0.0009409431
       -0.0014885058  -0.0020514871  -0.0163217714  -0.0117245227   0.0023431004
       -0.1538963047  -0.0465428833   0.0445882754   0.4823015815  -0.0221904609
        0.0206139640   0.0000150491   0.0000247920  -0.0000152533   0.0000135131
       -0.0000289980  -0.0000168233  -0.0000231791  -0.0000044909   0.0000065895
       -0.0000125400   0.0000212648   0.0000332499  -0.0000532324  -0.0000231371
        0.0000563156   0.0000685366   0.0000238974  -0.0001353065   0.0000222100
        0.0000313079  -0.0001126099  -0.0005841478  -0.0005003872   0.0003090483
       -0.0001148132   0.0000534201  -0.0001437342   0.0002264899   0.0001324853
        0.0005657690   0.0010783091   0.0009020713   0.0006417432  -0.0223284504
       -0.0078862481   0.0112269057   0.0039405262   0.0007333799  -0.0007521107
       -0.0615687822   0.0389822321  -0.0511446052  -0.1435488947   0.1074498959
        0.0477619933  -0.0883661938  -0.0577648062  -0.0738069557
       -0.0000046621   0.0000191307  -0.0000054822   0.0000083768   0.0000139584
        0.0000117180   0.0002080029   0.0000023292  -0.0000691469  -0.0017293856
       -0.0019016240  -0.0026217026  -0.0173935092  -0.0113206117   0.0033793330
       -0.0465209778  -0.0925364229   0.0257460531  -0.0221904609   0.5107350761
        0.0126350266   0.0000086299   0.0000051569   0.0000008416  -0.0000277474
        0.0000123630   0.0000136784  -0.0000006146   0.0000030319   0.0000106686
        0.0000434598   0.0000221579   0.0000354292  -0.0000280659   0.0000058602
       -0.0000820238  -0.0000779985  -0.0001145508   0.0001051177   0.0000259766
        0.0001121800   0.0000579752  -0.0008960840  -0.0006279228   0.0002049203
        0.0000257928   0.0001351399  -0.0001406287   0.0004808656   0.0005409423
        0.0003991220  -0.0008814939   0.0003552022   0.0007596839   0.0156502567
        0.0078505358  -0.0079822766  -0.0155203239  -0.0101324587   0.0106121152
        0.0388075956  -0.1235418653   0.1044780728   0.1078561602  -0.1581259211
       -0.0522732190  -0.0578437928  -0.1215116871  -0.0952752758
       -0.0000145783   0.0000056919   0.0000072468  -0.0000546042  -0.0000100519
        0.0000728490   0.0000799822  -0.0000750487  -0.0001566828  -0.0019945501
       -0.0022758073  -0.0022125868  -0.0142639915  -0.0086419374   0.0059863452
        0.0438993269   0.0252415453  -0.0874494693   0.0206139640   0.0126350266
        0.5144639209   0.0000157272   0.0000028521  -0.0000004723  -0.0000114584
        0.0000162719   0.0000209795  -0.0000093936   0.0000137308  -0.0000111572
        0.0000683228  -0.0000189295   0.0000346430   0.0000064067   0.0000035243
       -0.0000328578  -0.0000330775   0.0001033586   0.0001108163  -0.0000164165
        0.0000806184   0.0000940105  -0.0007710631  -0.0007696906   0.0002759082
        0.0000186209  -0.0001123676   0.0000243504  -0.0005962249  -0.0007487051
        0.0006272898  -0.0009637801  -0.0000608498   0.0006468649   0.0110076539
        0.0038184405  -0.0044960680   0.0196915275   0.0134767892  -0.0122923643
       -0.0506553996   0.1047327446  -0.1856877704   0.0480373841  -0.0519885571
       -0.0690114099  -0.0740543784  -0.0954286492  -0.1610143857
       -0.1438899410  -0.1081616878   0.0475234095  -0.0222735404  -0.0157550598
        0.0106375955   0.0004792394  -0.0012536745   0.0005511784   0.0001994860
       -0.0001281734   0.0000439375  -0.0000138912  -0.0000195581   0.0000320596
        0.0000336112  -0.0000185783  -0.0000123731   0.0000150491   0.0000086299
        0.0000157272   0.1687167057   0.1242189640  -0.0582143680  -0.0077255973
       -0.0105097653   0.0017186903   0.0082730252   0.0082180091  -0.0039287789
        0.0009100119  -0.0003840085  -0.0004353807  -0.0047643266   0.0026556779
        0.0027942865  -0.0000828433  -0.0000762797  -0.0000111108  -0.0000809334
        0.0010782102  -0.0004966071   0.0000217509  -0.0000343117   0.0000335706
        0.0000660839  -0.0000198240  -0.0000787890   0.0000849535   0.0000114405
       -0.0001456650   0.0000216718   0.0000747455  -0.0000529743   0.0000165872
        0.0000231018   0.0000957433  -0.0000355438   0.0000284304  -0.0000314156
        0.0000334294   0.0000254634  -0.0000300331  -0.0000102772   0.0000217401
        0.0000065430   0.0000052889  -0.0000034917  -0.0000152459
       -0.1077566651  -0.1583922425   0.0514152461   0.0070001251   0.0086212425
       -0.0029259444   0.0006247992   0.0007985768  -0.0007938343   0.0000609088
       -0.0000984545  -0.0000651551   0.0000720955  -0.0000644587   0.0000146641
        0.0000448257  -0.0000382838   0.0000031692   0.0000247920   0.0000051569
        0.0000028521   0.1242189640   0.1818397937  -0.0598951522  -0.0147005681
       -0.0168673125   0.0042503569  -0.0124942046  -0.0166597673   0.0087770234
        0.0002973838   0.0007169801   0.0001596278   0.0027206457   0.0001323987
       -0.0009420450  -0.0001489662  -0.0002006521   0.0000273993   0.0000817844
        0.0001176029  -0.0000276706   0.0000288855   0.0000406541   0.0000103029
       -0.0000108604   0.0000354176  -0.0000216835  -0.0000191443  -0.0000190028
       -0.0000008912  -0.0000027833   0.0000205972   0.0000248106  -0.0000093894
       -0.0000141942   0.0000127724  -0.0000154766   0.0000220688  -0.0000219715
        0.0000055873  -0.0000060148  -0.0000054642  -0.0000217406   0.0000197644
        0.0000087884  -0.0000009985  -0.0000098706  -0.0000072014
        0.0472388621   0.0516936209  -0.0684270866   0.0112736779   0.0079397645
       -0.0049966793  -0.0009469536   0.0000185063   0.0005145220  -0.0000751769
        0.0001382535  -0.0000725219   0.0000321222  -0.0000055429  -0.0000361003
       -0.0000195538  -0.0000022226   0.0000045938  -0.0000152533   0.0000008416
       -0.0000004723  -0.0582143680  -0.0598951522   0.0764848626  -0.0166771821
       -0.0189031492   0.0065134034   0.0145714887   0.0199015458  -0.0094524614
        0.0001564737   0.0005631546  -0.0000257596   0.0028529801  -0.0012424491
       -0.0007158433  -0.0000347837  -0.0001113640  -0.0001056395  -0.0001101705
       -0.0000305812   0.0003006639   0.0000309168  -0.0000157968  -0.0000509484
       -0.0000465527   0.0000187754   0.0000247003  -0.0000478781   0.0000085622
        0.0000539539   0.0000093953  -0.0000259247   0.0000114319   0.0000157916
       -0.0000269887  -0.0000515098   0.0000072610  -0.0000118125   0.0000164573
       -0.0000145974  -0.0000088749   0.0000040609   0.0000066253  -0.0000086907
       -0.0000048876   0.0000068755   0.0000055250   0.0000112601
       -0.0612727528  -0.0383679215  -0.0503949151   0.0049509057   0.0152388417
        0.0194785051   0.0008403036  -0.0000195909   0.0009370185  -0.0000875966
        0.0000004144   0.0000271729  -0.0000272806  -0.0000174346   0.0000435068
       -0.0000502608   0.0000594724   0.0000156754   0.0000135131  -0.0000277474
       -0.0000114584  -0.0077255973  -0.0147005681  -0.0166771821   0.0708726462
        0.0422756966   0.0571505176  -0.0045685598  -0.0077779525  -0.0130294521
       -0.0036058806   0.0032266944   0.0028080648   0.0009308261   0.0003318349
        0.0001628716  -0.0002296460   0.0000604066  -0.0001931278  -0.0001083321
       -0.0001280330  -0.0001077657  -0.0000060221  -0.0000880368  -0.0000875416
        0.0000202124  -0.0000488766  -0.0000390407   0.0000477122   0.0000452589
       -0.0000194644   0.0000285745  -0.0000219245  -0.0000322778  -0.0000618478
       -0.0000246851  -0.0000011315   0.0000125729  -0.0000169034  -0.0000137060
        0.0000015134   0.0000083171   0.0000054100   0.0000335137  -0.0000056717
       -0.0000146843  -0.0000085173  -0.0000015908  -0.0000069950
       -0.0385461388  -0.1229678005  -0.1046797866  -0.0007518289  -0.0104550471
       -0.0136165615  -0.0006579262   0.0002364414  -0.0006048549  -0.0000553687
        0.0000792504   0.0000490011  -0.0000320789   0.0000430681  -0.0000208971
        0.0000427662  -0.0000410381  -0.0000366360  -0.0000289980   0.0000123630
        0.0000162719  -0.0105097653  -0.0168673125  -0.0189031492   0.0422756966
        0.1404516393   0.1242053080   0.0051420892   0.0097337229   0.0138915972
        0.0031007745  -0.0008517549  -0.0016172235  -0.0004051624   0.0006529920
        0.0006148453   0.0007047377   0.0000551599   0.0004540952  -0.0001499728
       -0.0002868243  -0.0000709057  -0.0000790601   0.0001504643   0.0001327546
       -0.0000110825   0.0000085551   0.0000796507  -0.0000322977  -0.0000400995
        0.0000096559  -0.0000518179   0.0000017316   0.0000231394   0.0000537905
        0.0000967733   0.0000112163   0.0000167206  -0.0000127780   0.0000363134
       -0.0000083661  -0.0000084629   0.0000006604  -0.0000252548  -0.0000058730
        0.0000088054   0.0000085437   0.0000148293   0.0000166996
       -0.0508874336  -0.1044328818  -0.1865749380  -0.0001188358  -0.0106200168
       -0.0129281458  -0.0005821621   0.0007161150   0.0007880687  -0.0001528676
        0.0001545300  -0.0000068096  -0.0000237266  -0.0000111039  -0.0000068954
        0.0000663814  -0.0000735622  -0.0000589403  -0.0000168233   0.0000136784
        0.0000209795   0.0017186903   0.0042503569   0.0065134034   0.0571505176
        0.1242053080   0.2156005196  -0.0099841138  -0.0129637140  -0.0230316911
        0.0030335282  -0.0015269919  -0.0008833652  -0.0003816377   0.0001577092
       -0.0000202506   0.0002549611  -0.0000402283   0.0004877010   0.0000494845
       -0.0000758395  -0.0000604788  -0.0000704545   0.0001390305   0.0000162264
       -0.0000191081   0.0000303687   0.0000750194  -0.0000371188  -0.0000490546
       -0.0000311661  -0.0000271662   0.0000218393   0.0000017363   0.0000506750
        0.0000543734   0.0000735184  -0.0000204483   0.0000237166   0.0000271070
        0.0000053814  -0.0000005760  -0.0000324550  -0.0000298615   0.0000051816
        0.0000041872   0.0000221383   0.0000217614   0.0000266692
       -0.0878873870   0.0577357376  -0.0736465141  -0.0145514523   0.0166160819
       -0.0161074729  -0.0042006455   0.0026530507   0.0024760277  -0.0005872801
        0.0008624036  -0.0010197661   0.0000420884   0.0000386376  -0.0001021626
       -0.0000292080  -0.0000093949   0.0000288052  -0.0000231791  -0.0000006146
       -0.0000093936   0.0082730252  -0.0124942046   0.0145714887  -0.0045685598
        0.0051420892  -0.0099841138   0.1026887488  -0.0702482660   0.0839871357
        0.0006905535  -0.0002893795  -0.0002615672   0.0002333000  -0.0000158820
       -0.0005708003   0.0001845460  -0.0000537989   0.0002504673  -0.0000423667
       -0.0001637334   0.0002171810   0.0000289161  -0.0000242437  -0.0000200554
       -0.0003169813   0.0002405100   0.0001308887   0.0000013755   0.0000052002
       -0.0000034501  -0.0000000021  -0.0000227156   0.0000163440   0.0000265122
        0.0000645399  -0.0000148780   0.0000488086  -0.0000163287   0.0000425899
       -0.0000086429  -0.0000085463   0.0000220793   0.0000053599   0.0000010530
        0.0000067889  -0.0000075291  -0.0000121955  -0.0000096221
        0.0576624390  -0.1220499933   0.0957127230   0.0092083922  -0.0097438284
        0.0093099862   0.0030009038  -0.0011600199  -0.0015652373   0.0004807078
       -0.0003008447   0.0006662965   0.0000193926  -0.0000445914   0.0000557960
        0.0000111279   0.0000083756  -0.0000242393  -0.0000044909   0.0000030319
        0.0000137308   0.0082180091  -0.0166597673   0.0199015458  -0.0077779525
        0.0097337229  -0.0129637140  -0.0702482660   0.1395675622  -0.1108204420
       -0.0001674559  -0.0001382769   0.0002794520  -0.0004981887   0.0005914996
        0.0000005650  -0.0000688352  -0.0000344701  -0.0001352645   0.0000124951
        0.0003379192  -0.0002862325  -0.0000392840   0.0000184313   0.0000297622
        0.0001621789  -0.0001445721  -0.0000897795   0.0000086711   0.0000185513
       -0.0000188289   0.0000248568   0.0000127902  -0.0000299728   0.0000091632
       -0.0000330563  -0.0000008189  -0.0000313570  -0.0000013761  -0.0000204767
        0.0000015457   0.0000148388  -0.0000218951   0.0000035658  -0.0000101765
       -0.0000055651   0.0000123812   0.0000142500   0.0000126092
       -0.0734009936   0.0955576890  -0.1609319140   0.0044386157  -0.0056381705
        0.0070829477   0.0012952893  -0.0007537524   0.0001092780   0.0003192071
       -0.0002970997   0.0003062587  -0.0000213049   0.0000341364  -0.0000265238
        0.0000170185  -0.0000074087   0.0000148439   0.0000065895   0.0000106686
       -0.0000111572  -0.0039287789   0.0087770234  -0.0094524614  -0.0130294521
        0.0138915972  -0.0230316911   0.0839871357  -0.1108204420   0.1845233485
        0.0002687847  -0.0000750315   0.0006412094  -0.0002006821  -0.0003200359
        0.0003697265   0.0002994029  -0.0000021608   0.0002049644  -0.0000562870
       -0.0003007119   0.0000577223  -0.0000498978   0.0000736317   0.0000693368
        0.0001241598  -0.0001039281  -0.0000093173  -0.0000260288  -0.0000234872
        0.0000526747  -0.0000386050   0.0000057396   0.0000357223   0.0000098409
        0.0000247347  -0.0000320782   0.0000175071  -0.0000103327  -0.0000006806
       -0.0000069741  -0.0000169004   0.0000262775  -0.0000149127   0.0000068435
        0.0000111729  -0.0000096342  -0.0000126021  -0.0000096599
        0.0038905968   0.0155369622   0.0197459458  -0.0615188094  -0.0395818642
       -0.0491285280  -0.0056806116  -0.0058581492  -0.0135419631   0.0002449452
       -0.0007600469  -0.0008186181  -0.0001430375   0.0001082208  -0.0001440527
        0.0000398082  -0.0001122507  -0.0000124064  -0.0000125400   0.0000434598
        0.0000683228   0.0009100119   0.0002973838   0.0001564737  -0.0036058806
        0.0031007745   0.0030335282   0.0006905535  -0.0001674559   0.0002687847
        0.0732584557   0.0403679407   0.0575040765  -0.0075128820  -0.0155000589
       -0.0159247774  -0.0008607650   0.0021728568  -0.0026639092   0.0003840106
       -0.0001551283   0.0006706685  -0.0001165386   0.0007361093   0.0002102345
        0.0001815083  -0.0000747501   0.0002423173  -0.0003246594  -0.0003508391
        0.0000481505  -0.0000112402   0.0000121113   0.0000586101   0.0000938172
        0.0001212286   0.0001106736   0.0000674104   0.0000335991   0.0001120816
        0.0000127380  -0.0000166871  -0.0000205177  -0.0000356841   0.0000153562
        0.0000074092   0.0000487925   0.0000312272   0.0000174955
       -0.0007017362  -0.0100968342  -0.0134592145  -0.0392921324  -0.1184482164
       -0.0987992753   0.0052850468   0.0083916294   0.0122375656   0.0000214584
        0.0008581174   0.0007595619  -0.0000526039  -0.0000032649  -0.0001101526
        0.0000953458  -0.0000972870  -0.0000363954   0.0000212648   0.0000221579
       -0.0000189295  -0.0003840085   0.0007169801   0.0005631546   0.0032266944
       -0.0008517549  -0.0015269919  -0.0002893795  -0.0001382769  -0.0000750315
        0.0403679407   0.1371616824   0.1157563645  -0.0103229043  -0.0170520627
       -0.0184134194   0.0020540467  -0.0009786142   0.0028500638   0.0002081959
        0.0006527202   0.0001138540   0.0000638794  -0.0000643734  -0.0000215286
       -0.0000713358   0.0000096746   0.0000044560  -0.0002615777  -0.0001222710
       -0.0000423736   0.0000004122  -0.0000066615   0.0000557472   0.0000598521
       -0.0000199051   0.0001259383  -0.0000334061   0.0000588881   0.0000379391
        0.0000169239  -0.0000128027  -0.0000238635  -0.0000284208   0.0000218501
        0.0000119467   0.0000164440  -0.0000013754   0.0000105841
       -0.0007086504  -0.0105811579  -0.0122745392  -0.0488403004  -0.0991584355
       -0.1790925415  -0.0105140068  -0.0103563957  -0.0224177431   0.0006829387
       -0.0006242472   0.0006331844  -0.0000485815   0.0000518204  -0.0000988067
        0.0000226928  -0.0000918102  -0.0000259037   0.0000332499   0.0000354292
        0.0000346430  -0.0004353807   0.0001596278  -0.0000257596   0.0028080648
       -0.0016172235  -0.0008833652  -0.0002615672   0.0002794520   0.0006412094
        0.0575040765   0.1157563645   0.2101104639   0.0016195112   0.0033808401
        0.0060571327  -0.0021993292   0.0029307080  -0.0039658228   0.0002308645
       -0.0005650132   0.0002533433  -0.0002528290   0.0006357486   0.0005359641
        0.0003771075  -0.0001977394   0.0002023804  -0.0001424324  -0.0001538714
        0.0002052321   0.0000467242   0.0000039050   0.0000468406  -0.0000318188
        0.0001434790  -0.0000295739   0.0001119933  -0.0000377221   0.0000504882
       -0.0000136157  -0.0000363538   0.0000270382  -0.0000314323   0.0000221183
        0.0000166380   0.0000427209   0.0000204769  -0.0000005026
       -0.0223686293  -0.0156961164   0.0109644926  -0.1344151274  -0.1055471485
        0.0450336357   0.0076457326   0.0080246485  -0.0037697612   0.0003096780
       -0.0001931046   0.0001026841  -0.0010340245   0.0007504960  -0.0002140695
       -0.0002004884   0.0001275617  -0.0001016037  -0.0000532324  -0.0000280659
        0.0000064067  -0.0047643266   0.0027206457   0.0028529801   0.0009308261
       -0.0004051624  -0.0003816377   0.0002333000  -0.0004981887  -0.0002006821
       -0.0075128820  -0.0103229043   0.0016195112   0.1622359291   0.1180655496
       -0.0546979960   0.0005599069   0.0002410044   0.0002286108  -0.0003059950
        0.0021201318  -0.0018879868  -0.0000729985  -0.0000181000   0.0000333149
       -0.0001013410  -0.0001084267  -0.0000021790  -0.0012225575   0.0009779254
        0.0005265251   0.0000538533  -0.0000157273   0.0000880040   0.0000073701
       -0.0000811013  -0.0002446965   0.0000938187  -0.0000598700  -0.0000321146
       -0.0000619568  -0.0000542191   0.0000507930   0.0000164518   0.0000094080
        0.0000158818   0.0000266926  -0.0000092357   0.0000098872
        0.0078579405   0.0078404998  -0.0037834994  -0.1057422862  -0.1589088359
        0.0498716859  -0.0101753134  -0.0163470342   0.0097662796  -0.0004301567
        0.0000190362   0.0000875499   0.0002462960  -0.0003140117   0.0005128678
        0.0001397382   0.0001029868   0.0000098409  -0.0000231371   0.0000058602
        0.0000035243   0.0026556779   0.0001323987  -0.0012424491   0.0003318349
        0.0006529920   0.0001577092  -0.0000158820   0.0005914996  -0.0003200359
       -0.0155000589  -0.0170520627   0.0033808401   0.1180655496   0.1835749347
       -0.0598277690  -0.0002116168   0.0009436267  -0.0007180735   0.0020749952
       -0.0020927356   0.0034411100  -0.0001652665  -0.0000893122   0.0000570641
       -0.0001145043   0.0002332802  -0.0002168133   0.0013016569   0.0001914110
       -0.0010239469  -0.0001920452   0.0002128727  -0.0001970092   0.0000811534
        0.0002730577   0.0002366426  -0.0001216268  -0.0000198510  -0.0001436353
        0.0000244514   0.0000971868  -0.0000543411  -0.0000228288  -0.0000145687
        0.0000271484  -0.0000645713  -0.0000332310  -0.0000246900
        0.0111898994   0.0079789554  -0.0044489013   0.0448486182   0.0493755874
       -0.0677774086   0.0120192924   0.0184569525  -0.0096501157   0.0003296573
       -0.0003144234   0.0003112802   0.0002508206  -0.0001725840   0.0003245497
       -0.0002316910   0.0002892863   0.0001326549   0.0000563156  -0.0000820238
       -0.0000328578   0.0027942865  -0.0009420450  -0.0007158433   0.0001628716
        0.0006148453  -0.0000202506  -0.0005708003   0.0000005650   0.0003697265
       -0.0159247774  -0.0184134194   0.0060571327  -0.0546979960  -0.0598277690
        0.0786381066   0.0007854725   0.0002509987   0.0003988394  -0.0015885197
        0.0037167059  -0.0034230053  -0.0000796515  -0.0000406481  -0.0001131346
        0.0001123354  -0.0001127476   0.0000522337   0.0005606462  -0.0003291832
        0.0004636280   0.0000371379  -0.0000638076  -0.0001121341  -0.0002444098
       -0.0002360996  -0.0004141331   0.0001108198  -0.0001258851  -0.0000301453
       -0.0000011152  -0.0000113206   0.0000734910   0.0000956695  -0.0000128720
       -0.0000517313  -0.0000148822   0.0000009320  -0.0000319818
        0.0002264099  -0.0004814824  -0.0006014953  -0.0060671395  -0.0059594083
       -0.0129017032  -0.0697086124  -0.0468719845  -0.0580509165   0.0061313572
        0.0140349524   0.0168445801   0.0007690591  -0.0000561093  -0.0001416298
       -0.0010236882   0.0001226500   0.0004142506   0.0000685366  -0.0000779985
       -0.0000330775  -0.0000828433  -0.0001489662  -0.0000347837  -0.0002296460
        0.0007047377   0.0002549611   0.0001845460  -0.0000688352   0.0002994029
       -0.0008607650   0.0020540467  -0.0021993292   0.0005599069  -0.0002116168
        0.0007854725   0.0835045629   0.0517832395   0.0683884602  -0.0099476719
       -0.0168517737  -0.0160532363  -0.0027985711   0.0032986184   0.0027588823
        0.0005992889  -0.0002147718   0.0002330685  -0.0000118247   0.0000026233
       -0.0000299006   0.0000918317  -0.0000632233  -0.0002379034  -0.0012169737
       -0.0012972054   0.0005572627  -0.0003218221   0.0002596568  -0.0001415518
        0.0000475380   0.0000321458  -0.0000368884   0.0000851041   0.0000191994
       -0.0000479787   0.0000014167  -0.0000084946  -0.0000259462
       -0.0001344646   0.0005380787   0.0007495109   0.0062156966   0.0083878187
        0.0120760253  -0.0471000575  -0.1198977076  -0.0977048549  -0.0025055477
       -0.0124748925  -0.0150658042  -0.0004488179   0.0004556311   0.0002428011
       -0.0006929678   0.0002165493   0.0001669579   0.0000238974  -0.0001145508
        0.0001033586  -0.0000762797  -0.0002006521  -0.0001113640   0.0000604066
        0.0000551599  -0.0000402283  -0.0000537989  -0.0000344701  -0.0000021608
        0.0021728568  -0.0009786142   0.0029307080   0.0002410044   0.0009436267
        0.0002509987   0.0517832395   0.1411319306   0.1136471303  -0.0115784234
       -0.0158788713  -0.0160342841   0.0033161960  -0.0019431054  -0.0018432846
       -0.0003024241  -0.0000885733  -0.0001023646  -0.0000023869  -0.0001258986
        0.0000911555  -0.0002323097  -0.0000228704   0.0001012548  -0.0009734980
        0.0001933335   0.0003277287   0.0003493785  -0.0001220370   0.0001526129
       -0.0000451307  -0.0000398541   0.0000490883  -0.0000116953  -0.0000186637
       -0.0000084148  -0.0000048737   0.0000186326   0.0000234294
        0.0005651603  -0.0003986437   0.0006251668  -0.0113063906  -0.0105530027
       -0.0219224939  -0.0576325126  -0.0979357672  -0.1704066722  -0.0020059731
       -0.0107928533  -0.0116809868  -0.0006304604  -0.0001000318  -0.0000497634
        0.0000977583  -0.0005134789  -0.0000421604  -0.0001353065   0.0001051177
        0.0001108163  -0.0000111108   0.0000273993  -0.0001056395  -0.0001931278
        0.0004540952   0.0004877010   0.0002504673  -0.0001352645   0.0002049644
       -0.0026639092   0.0028500638  -0.0039658228   0.0002286108  -0.0007180735
        0.0003988394   0.0683884602   0.1136471303   0.1987890623   0.0028283491
        0.0046669049   0.0071132322   0.0023352696  -0.0021308382  -0.0008441851
       -0.0002186815   0.0003793595   0.0005725688  -0.0000301166  -0.0000913750
       -0.0001537568  -0.0002709556   0.0001650566   0.0001255715   0.0005248525
        0.0010212350   0.0004639203   0.0000476848   0.0000428268   0.0002040071
       -0.0000193995  -0.0000094125  -0.0000312562  -0.0001453569   0.0000008774
        0.0000541945  -0.0000033118   0.0000186748   0.0000526928
        0.0010785761   0.0008820700  -0.0009590008   0.0069294220   0.0070826345
       -0.0037063808  -0.1449506834  -0.0997480793   0.0544341267  -0.0218166064
       -0.0124762315   0.0115015126  -0.0033704666   0.0032750418   0.0020426092
        0.0001111342   0.0001037355   0.0001943409   0.0000222100   0.0000259766
       -0.0000164165  -0.0000809334   0.0000817844  -0.0001101705  -0.0001083321
       -0.0001499728   0.0000494845  -0.0000423667   0.0000124951  -0.0000562870
        0.0003840106   0.0002081959   0.0002308645  -0.0003059950   0.0020749952
       -0.0015885197  -0.0099476719  -0.0115784234   0.0028283491   0.1723351246
        0.1111356171  -0.0648361363   0.0007557305  -0.0003784976  -0.0001456924
       -0.0001172729  -0.0004440094  -0.0002235232   0.0000929230   0.0002329724
       -0.0002718004  -0.0010622205  -0.0005609318   0.0006050392   0.0000542919
        0.0001914178   0.0000372842  -0.0000111141  -0.0000001966   0.0000468787
        0.0000285158   0.0000516661  -0.0000270685   0.0000219379   0.0000027084
        0.0000091201  -0.0000002136  -0.0000249683  -0.0000386137
       -0.0008992032   0.0003578609   0.0000559151  -0.0104035999  -0.0162902288
        0.0112209608  -0.0997883956  -0.1359762662   0.0517432693   0.0109055106
        0.0076837520  -0.0057733139   0.0021177369  -0.0008823142  -0.0011127636
       -0.0000467562  -0.0001708032   0.0000218642   0.0000313079   0.0001121800
        0.0000806184   0.0010782102   0.0001176029  -0.0000305812  -0.0001280330
       -0.0002868243  -0.0000758395  -0.0001637334   0.0003379192  -0.0003007119
       -0.0001551283   0.0006527202  -0.0005650132   0.0021201318  -0.0020927356
        0.0037167059  -0.0168517737  -0.0158788713   0.0046669049   0.1111356171
        0.1604981823  -0.0629342724   0.0003094502   0.0006149505   0.0000996140
        0.0001420707   0.0006976176  -0.0003824871   0.0000626684  -0.0000235265
       -0.0001647410   0.0005601088   0.0002871507  -0.0003244773   0.0000162962
        0.0002124674   0.0000640225  -0.0000124857  -0.0000062806  -0.0000038902
        0.0000219431   0.0000019225  -0.0000218788  -0.0000746190   0.0000206404
        0.0000261523   0.0000226762   0.0000128839  -0.0000060572
        0.0006436026  -0.0007579891   0.0006477802   0.0131929802   0.0188207183
       -0.0111859517   0.0547327617   0.0520068153  -0.0752191434   0.0121646930
        0.0068062853  -0.0055384187   0.0020365625  -0.0018554376  -0.0004844527
       -0.0002100269  -0.0001429789   0.0000695031  -0.0001126099   0.0000579752
        0.0000940105  -0.0004966071  -0.0000276706   0.0003006639  -0.0001077657
       -0.0000709057  -0.0000604788   0.0002171810  -0.0002862325   0.0000577223
        0.0006706685   0.0001138540   0.0002533433  -0.0018879868   0.0034411100
       -0.0034230053  -0.0160532363  -0.0160342841   0.0071132322  -0.0648361363
       -0.0629342724   0.0872753004   0.0002005435   0.0004476920  -0.0001699588
       -0.0005975348   0.0000686932   0.0005170208  -0.0002382965  -0.0001009988
        0.0001257263   0.0006032440   0.0003240795  -0.0003565996   0.0000885393
        0.0001966891  -0.0001118605   0.0000580873  -0.0000554563   0.0000466465
       -0.0000322285  -0.0000230189   0.0000017960  -0.0000529044  -0.0000245056
        0.0000114411   0.0000164696   0.0000298386   0.0000356829
       -0.0001152585  -0.0000255377   0.0000184235   0.0006862302   0.0000447823
        0.0010597609   0.0053904994   0.0143226824   0.0164929968  -0.0716929032
       -0.0468844987  -0.0612443855  -0.0125674328  -0.0162550905  -0.0148030216
       -0.0032832218  -0.0027934749   0.0022036668  -0.0005841478  -0.0008960840
       -0.0007710631   0.0000217509   0.0000288855   0.0000309168  -0.0000060221
       -0.0000790601  -0.0000704545   0.0000289161  -0.0000392840  -0.0000498978
       -0.0001165386   0.0000638794  -0.0002528290  -0.0000729985  -0.0001652665
       -0.0000796515  -0.0027985711   0.0033161960   0.0023352696   0.0007557305
        0.0003094502   0.0002005435   0.0887635324   0.0552553553   0.0672101455
       -0.0047370783  -0.0064050764  -0.0120115263   0.0005957940   0.0003026423
       -0.0002175990  -0.0001187283  -0.0001464586  -0.0005990532  -0.0001011980
        0.0001152129   0.0001123563   0.0001820846   0.0000710650   0.0003763324
        0.0000199470   0.0000110846  -0.0000188247   0.0000659218   0.0000109720
       -0.0000466862  -0.0003163080  -0.0001623762   0.0001245802
       -0.0000530900   0.0001351788   0.0001123985  -0.0009639046   0.0002178891
       -0.0008247068  -0.0030018708  -0.0136242422  -0.0166095638  -0.0469942017
       -0.1203195004  -0.0951164507  -0.0111709414  -0.0130623735  -0.0125385319
       -0.0031049904  -0.0014467440   0.0019673762  -0.0005003872  -0.0006279228
       -0.0007696906  -0.0000343117   0.0000406541  -0.0000157968  -0.0000880368
        0.0001504643   0.0001390305  -0.0000242437   0.0000184313   0.0000736317
        0.0007361093  -0.0000643734   0.0006357486  -0.0000181000  -0.0000893122
       -0.0000406481   0.0032986184  -0.0019431054  -0.0021308382  -0.0003784976
        0.0006149505   0.0004476920   0.0552553553   0.1397295535   0.1119361621
        0.0063707045   0.0095148570   0.0128146884   0.0002155569  -0.0000887197
       -0.0003769552   0.0004446167   0.0007016572  -0.0000704316   0.0001084999
        0.0002336689   0.0001136551   0.0000750057   0.0000099530   0.0001978365
        0.0000487084   0.0000085149  -0.0000303606   0.0000196869   0.0000355085
       -0.0000188254  -0.0002402860  -0.0001449876   0.0001045799
       -0.0001436407   0.0001390376   0.0000241460  -0.0004588572   0.0007406479
        0.0008187785  -0.0012475581  -0.0110931818  -0.0120681736  -0.0616077401
       -0.0944664604  -0.1642847431   0.0037907421   0.0053668399   0.0063589712
        0.0011107673   0.0008549611   0.0000526431   0.0003090483   0.0002049203
        0.0002759082   0.0000335706   0.0000103029  -0.0000509484  -0.0000875416
        0.0001327546   0.0000162264  -0.0000200554   0.0000297622   0.0000693368
        0.0002102345  -0.0000215286   0.0005359641   0.0000333149   0.0000570641
       -0.0001131346   0.0027588823  -0.0018432846  -0.0008441851  -0.0001456924
        0.0000996140  -0.0001699588   0.0672101455   0.1119361621   0.1909755516
       -0.0120073345  -0.0128783933  -0.0230304153   0.0002305939   0.0001013091
        0.0005692924  -0.0002224905   0.0003845117   0.0005206796  -0.0000021390
        0.0002172856   0.0000523617   0.0002425316  -0.0000047630   0.0002014368
       -0.0000388379  -0.0000795301   0.0000749786  -0.0000791557   0.0000218843
        0.0000251054   0.0001312120   0.0000900843  -0.0000098215
       -0.0005836274   0.0008967124  -0.0007722555  -0.0032900943   0.0027902011
        0.0022006381  -0.0125898144   0.0162370610  -0.0148444582  -0.0718004855
        0.0468423695  -0.0614171309   0.0054079508  -0.0142783143   0.0164909287
        0.0006884103  -0.0000458967   0.0010611121  -0.0001148132   0.0000257928
        0.0000186209   0.0000660839  -0.0000108604  -0.0000465527   0.0000202124
       -0.0000110825  -0.0000191081  -0.0003169813   0.0001621789   0.0001241598
        0.0001815083  -0.0000713358   0.0003771075  -0.0001013410  -0.0001145043
        0.0001123354   0.0005992889  -0.0003024241  -0.0002186815  -0.0001172729
        0.0001420707  -0.0005975348  -0.0047370783   0.0063707045  -0.0120073345
        0.0888743692  -0.0552049217   0.0674249806  -0.0027924708  -0.0033122689
        0.0023366525   0.0007528082  -0.0003059947   0.0001979101  -0.0000731413
        0.0001653862  -0.0000799006  -0.0001182150  -0.0000644603  -0.0002522698
       -0.0000063114   0.0000790476  -0.0000702367   0.0000222300  -0.0000286988
        0.0000309171   0.0000287848   0.0000392378  -0.0000498995
        0.0004992334  -0.0006281722   0.0007697478   0.0031086169  -0.0014428415
       -0.0019610636   0.0111751513  -0.0130252768   0.0125485871   0.0469505069
       -0.1199131011   0.0949751054   0.0030188844  -0.0135988405   0.0166274667
        0.0009661377   0.0002194849   0.0008247685   0.0000534201   0.0001351399
       -0.0001123676  -0.0000198240   0.0000354176   0.0000187754  -0.0000488766
        0.0000085551   0.0000303687   0.0002405100  -0.0001445721  -0.0001039281
       -0.0000747501   0.0000096746  -0.0001977394  -0.0001084267   0.0002332802
       -0.0001127476  -0.0002147718  -0.0000885733   0.0003793595  -0.0004440094
        0.0006976176   0.0000686932  -0.0064050764   0.0095148570  -0.0128783933
       -0.0552049217   0.1392670858  -0.1117775955  -0.0032959389  -0.0019450864
        0.0021379171   0.0003766012   0.0006110630  -0.0004467091   0.0000188108
       -0.0000913124   0.0000404528  -0.0007380770  -0.0000641688  -0.0006337394
        0.0000875584   0.0001508065  -0.0001386561   0.0000352697   0.0000405397
        0.0000156711   0.0000239718   0.0000184231  -0.0000739737
        0.0003081742  -0.0002047454   0.0002750913   0.0011087818  -0.0008511059
        0.0000566454   0.0037778397  -0.0053349448   0.0063470178  -0.0617820293
        0.0943303160  -0.1645786729  -0.0012693895   0.0110991144  -0.0121063557
       -0.0004616493  -0.0007425866   0.0008204155  -0.0001437342  -0.0001406287
        0.0000243504  -0.0000787890  -0.0000216835   0.0000247003  -0.0000390407
        0.0000796507   0.0000750194   0.0001308887  -0.0000897795  -0.0000093173
        0.0002423173   0.0000044560   0.0002023804  -0.0000021790  -0.0002168133
        0.0000522337   0.0002330685  -0.0001023646   0.0005725688  -0.0002235232
       -0.0003824871   0.0005170208  -0.0120115263   0.0128146884  -0.0230304153
        0.0674249806  -0.1117775955   0.1913189037   0.0027608905   0.0018443800
       -0.0008509768  -0.0001467460  -0.0001012552  -0.0001700064   0.0000334334
       -0.0000561910  -0.0001126632   0.0002126424   0.0000223994   0.0005378236
       -0.0000873663  -0.0001334137   0.0000164585   0.0000328522  -0.0000097456
       -0.0000515508  -0.0000198964  -0.0000296646   0.0000693287
        0.0000676258   0.0000779520  -0.0000322503  -0.0010302349  -0.0001214940
        0.0004169582   0.0007710818   0.0000568286  -0.0001423746   0.0061506165
       -0.0140072348   0.0168262855  -0.0698587586   0.0469809189  -0.0582080591
       -0.0060934694   0.0059608082  -0.0129152082   0.0002264899   0.0004808656
       -0.0005962249   0.0000849535  -0.0000191443  -0.0000478781   0.0000477122
       -0.0000322977  -0.0000371188   0.0000013755   0.0000086711  -0.0000260288
       -0.0003246594  -0.0002615777  -0.0001424324  -0.0012225575   0.0013016569
        0.0005606462  -0.0000118247  -0.0000023869  -0.0000301166   0.0000929230
        0.0000626684  -0.0002382965   0.0005957940   0.0002155569   0.0002305939
       -0.0027924708  -0.0032959389   0.0027608905   0.0836983520  -0.0519224204
        0.0685669229  -0.0099725390   0.0168466416  -0.0160450492   0.0005592310
        0.0002122442   0.0007847386  -0.0008633802  -0.0020575383  -0.0022037311
       -0.0002258650  -0.0007053439   0.0002535561  -0.0000857560   0.0001507917
       -0.0000353585   0.0001853604   0.0000697729   0.0002995353
       -0.0000238231  -0.0001145492  -0.0001040507   0.0006971030   0.0002183298
       -0.0001672378   0.0004511046   0.0004569705  -0.0002442604   0.0025287515
       -0.0124686806   0.0150759372   0.0472052735  -0.1198274503   0.0976335534
       -0.0062354083   0.0083916541  -0.0120777501   0.0001324853   0.0005409423
       -0.0007487051   0.0000114405  -0.0000190028   0.0000085622   0.0000452589
       -0.0000400995  -0.0000490546   0.0000052002   0.0000185513  -0.0000234872
       -0.0003508391  -0.0001222710  -0.0001538714   0.0009779254   0.0001914110
       -0.0003291832   0.0000026233  -0.0001258986  -0.0000913750   0.0002329724
       -0.0000235265  -0.0001009988   0.0003026423  -0.0000887197   0.0001013091
       -0.0033122689  -0.0019450864   0.0018443800  -0.0519224204   0.1410446249
       -0.1135691889   0.0115979105  -0.0158648469   0.0160195736  -0.0002405196
        0.0009414391  -0.0002477948  -0.0021767751  -0.0009815326  -0.0029301790
       -0.0000606205   0.0000533960   0.0000398077   0.0000776004  -0.0002006739
        0.0001114411   0.0000543833  -0.0000349811   0.0000025727
       -0.0001359550  -0.0001058002   0.0001108022   0.0000977834   0.0005143984
       -0.0000405891  -0.0006340276   0.0001002682  -0.0000487207  -0.0020227087
        0.0108042046  -0.0117052086  -0.0577902071   0.0978619840  -0.1703434139
       -0.0113273292   0.0105409040  -0.0218929207   0.0005657690   0.0003991220
        0.0006272898  -0.0001456650  -0.0000008912   0.0000539539  -0.0000194644
        0.0000096559  -0.0000311661  -0.0000034501  -0.0000188289   0.0000526747
        0.0000481505  -0.0000423736   0.0002052321   0.0005265251  -0.0010239469
        0.0004636280  -0.0000299006   0.0000911555  -0.0001537568  -0.0002718004
       -0.0001647410   0.0001257263  -0.0002175990  -0.0003769552   0.0005692924
        0.0023366525   0.0021379171  -0.0008509768   0.0685669229  -0.1135691889
        0.1987098092   0.0028453274  -0.0046786121   0.0071248185   0.0002285761
        0.0007176024   0.0003974811  -0.0026642645  -0.0028490903  -0.0039597112
       -0.0001914336  -0.0004550784   0.0004855993  -0.0000131309  -0.0000270326
       -0.0001049519   0.0002512293   0.0001353272   0.0002051084
        0.0000224157  -0.0000264775  -0.0000162908   0.0001112297  -0.0001036833
        0.0001948009  -0.0033642837  -0.0032727676   0.0020493963  -0.0217974348
        0.0124562384   0.0115051143  -0.1449309510   0.0997006893   0.0545082774
        0.0069349883  -0.0070914070  -0.0037176007   0.0010783091  -0.0008814939
       -0.0009637801   0.0000216718  -0.0000027833   0.0000093953   0.0000285745
       -0.0000518179  -0.0000271662  -0.0000000021   0.0000248568  -0.0000386050
       -0.0000112402   0.0000004122   0.0000467242   0.0000538533  -0.0001920452
        0.0000371379   0.0000918317  -0.0002323097  -0.0002709556  -0.0010622205
        0.0005601088   0.0006032440  -0.0001187283   0.0004446167  -0.0002224905
        0.0007528082   0.0003766012  -0.0001467460  -0.0099725390   0.0115979105
        0.0028453274   0.1723154939  -0.1110742564  -0.0649227099  -0.0003071767
       -0.0020771768  -0.0015891117   0.0003872623  -0.0002092439   0.0002304334
       -0.0001098155   0.0001499350   0.0000501870  -0.0000819597  -0.0000834580
       -0.0001084592  -0.0000420867  -0.0000124482  -0.0000561223
       -0.0000309346   0.0001124542  -0.0000805491   0.0000482459  -0.0001719584
       -0.0000228601  -0.0021162472  -0.0008838626   0.0011168018  -0.0109128041
        0.0076836614   0.0057823112   0.0997407654  -0.1359040328  -0.0518058244
        0.0104057587  -0.0162930827  -0.0112339890   0.0009020713   0.0003552022
       -0.0000608498   0.0000747455   0.0000205972  -0.0000259247  -0.0000219245
        0.0000017316   0.0000218393  -0.0000227156   0.0000127902   0.0000057396
        0.0000121113  -0.0000066615   0.0000039050  -0.0000157273   0.0002128727
       -0.0000638076  -0.0000632233  -0.0000228704   0.0001650566  -0.0005609318
        0.0002871507   0.0003240795  -0.0001464586   0.0007016572   0.0003845117
       -0.0003059947   0.0006110630  -0.0001012552   0.0168466416  -0.0158648469
       -0.0046786121  -0.1110742564   0.1604191204   0.0630067935  -0.0021245768
       -0.0020953646  -0.0037129836   0.0001557879   0.0006551822   0.0005660671
        0.0001280349  -0.0002831093   0.0000739876  -0.0010817767   0.0001146938
        0.0000354254   0.0001634087   0.0003376125   0.0003001375
       -0.0001130733  -0.0000584107   0.0000938021  -0.0002120420   0.0001443788
        0.0000703996   0.0020353666   0.0018600892  -0.0004895870   0.0121845783
       -0.0068196099  -0.0055569177   0.0548104525  -0.0520653834  -0.0753052025
        0.0131809236  -0.0188115894  -0.0111998899   0.0006417432   0.0007596839
        0.0006468649  -0.0000529743   0.0000248106   0.0000114319  -0.0000322778
        0.0000231394   0.0000017363   0.0000163440  -0.0000299728   0.0000357223
        0.0000586101   0.0000557472   0.0000468406   0.0000880040  -0.0001970092
       -0.0001121341  -0.0002379034   0.0001012548   0.0001255715   0.0006050392
       -0.0003244773  -0.0003565996  -0.0005990532  -0.0000704316   0.0005206796
        0.0001979101  -0.0004467091  -0.0001700064  -0.0160450492   0.0160195736
        0.0071248185  -0.0649227099   0.0630067935   0.0873789931  -0.0018908458
       -0.0034422129  -0.0034191771   0.0006722867  -0.0001136766   0.0002532260
       -0.0001075448   0.0000709198  -0.0000617607  -0.0004950888   0.0000278065
        0.0003042610   0.0002173043   0.0002852854   0.0000569275
       -0.0000532138   0.0000282244   0.0000063532  -0.0001998708  -0.0001273756
       -0.0001015352  -0.0010292682  -0.0007477471  -0.0002155955   0.0003105395
        0.0001922456   0.0001020224   0.0076579140  -0.0080289532  -0.0037886501
       -0.1344947958   0.1054683486   0.0452455654  -0.0223284504   0.0156502567
        0.0110076539   0.0000165872  -0.0000093894   0.0000157916  -0.0000618478
        0.0000537905   0.0000506750   0.0000265122   0.0000091632   0.0000098409
        0.0000938172   0.0000598521  -0.0000318188   0.0000073701   0.0000811534
       -0.0002444098  -0.0012169737  -0.0009734980   0.0005248525   0.0000542919
        0.0000162962   0.0000885393  -0.0001011980   0.0001084999  -0.0000021390
       -0.0000731413   0.0000188108   0.0000334334   0.0005592310  -0.0002405196
        0.0002285761  -0.0003071767  -0.0021245768  -0.0018908458   0.1622890994
       -0.1179776469  -0.0549539792  -0.0075657328   0.0103662003   0.0016490877
        0.0009363024   0.0004065697  -0.0003840898  -0.0047492411  -0.0027248365
        0.0028511428   0.0002292453   0.0004951317  -0.0002004708
        0.0000233806   0.0000054558  -0.0000035346  -0.0001397015   0.0001030259
       -0.0000103286  -0.0002456512  -0.0003140059  -0.0005122216   0.0004299369
        0.0000210105  -0.0000874013   0.0101800887  -0.0163368936  -0.0097871841
        0.1056645581  -0.1586415657  -0.0500419435  -0.0078862481   0.0078505358
        0.0038184405   0.0000231018  -0.0000141942  -0.0000269887  -0.0000246851
        0.0000967733   0.0000543734   0.0000645399  -0.0000330563   0.0000247347
        0.0001212286  -0.0000199051   0.0001434790  -0.0000811013   0.0002730577
       -0.0002360996  -0.0012972054   0.0001933335   0.0010212350   0.0001914178
        0.0002124674   0.0001966891   0.0001152129   0.0002336689   0.0002172856
        0.0001653862  -0.0000913124  -0.0000561910   0.0002122442   0.0009414391
        0.0007176024  -0.0020771768  -0.0020953646  -0.0034422129  -0.1179776469
        0.1832773989   0.0600092374   0.0155131619  -0.0170314582  -0.0034120590
       -0.0003353656   0.0006594047  -0.0001557534  -0.0026600204   0.0001250551
        0.0012513663   0.0000205446   0.0005851293   0.0003174749
        0.0000567156   0.0000823007  -0.0000326860  -0.0002319489  -0.0002897896
        0.0001318629   0.0002501977   0.0001712892   0.0003233816   0.0003298082
        0.0003152518   0.0003129507   0.0120168718  -0.0184290426  -0.0096649233
        0.0450537586  -0.0495490373  -0.0679715685   0.0112269057  -0.0079822766
       -0.0044960680   0.0000957433   0.0000127724  -0.0000515098  -0.0000011315
        0.0000112163   0.0000735184  -0.0000148780  -0.0000008189  -0.0000320782
        0.0001106736   0.0001259383  -0.0000295739  -0.0002446965   0.0002366426
       -0.0004141331   0.0005572627   0.0003277287   0.0004639203   0.0000372842
        0.0000640225  -0.0001118605   0.0001123563   0.0001136551   0.0000523617
       -0.0000799006   0.0000404528  -0.0001126632   0.0007847386  -0.0002477948
        0.0003974811  -0.0015891117  -0.0037129836  -0.0034191771  -0.0549539792
        0.0600092374   0.0788723684  -0.0159178852   0.0183719110   0.0060860510
        0.0001633912  -0.0006177193  -0.0000189328   0.0028039481   0.0009481803
       -0.0007255157  -0.0005661239  -0.0000011363   0.0003667941
       -0.0000127204  -0.0000437481   0.0000682590   0.0000400398   0.0001119918
       -0.0000126688  -0.0001431704  -0.0001078654  -0.0001425638   0.0002447098
        0.0007616621  -0.0008195938  -0.0057191044   0.0058652541  -0.0135541194
       -0.0617714201   0.0398218080  -0.0494130941   0.0039405262  -0.0155203239
        0.0196915275  -0.0000355438  -0.0000154766   0.0000072610   0.0000125729
        0.0000167206  -0.0000204483   0.0000488086  -0.0000313570   0.0000175071
        0.0000674104  -0.0000334061   0.0001119933   0.0000938187  -0.0001216268
        0.0001108198  -0.0003218221   0.0003493785   0.0000476848  -0.0000111141
       -0.0000124857   0.0000580873   0.0001820846   0.0000750057   0.0002425316
       -0.0001182150  -0.0007380770   0.0002126424  -0.0008633802  -0.0021767751
       -0.0026642645   0.0003872623   0.0001557879   0.0006722867  -0.0075657328
        0.0155131619  -0.0159178852   0.0735340451  -0.0406401336   0.0578440454
       -0.0035888863  -0.0031001560   0.0030361851   0.0009041971  -0.0002949038
        0.0001513834   0.0006956342   0.0001655646   0.0002724233
       -0.0000214932   0.0000217915   0.0000190668  -0.0000957343  -0.0000966985
        0.0000365333   0.0000534598  -0.0000039227   0.0001096843  -0.0000217548
        0.0008567557  -0.0007620679  -0.0053181131   0.0083902896  -0.0122369969
        0.0395345355  -0.1184207876   0.0986920709   0.0007333799  -0.0101324587
        0.0134767892   0.0000284304   0.0000220688  -0.0000118125  -0.0000169034
       -0.0000127780   0.0000237166  -0.0000163287  -0.0000013761  -0.0000103327
        0.0000335991   0.0000588881  -0.0000377221  -0.0000598700  -0.0000198510
       -0.0001258851   0.0002596568  -0.0001220370   0.0000428268  -0.0000001966
       -0.0000062806  -0.0000554563   0.0000710650   0.0000099530  -0.0000047630
       -0.0000644603  -0.0000641688   0.0000223994  -0.0020575383  -0.0009815326
       -0.0028490903  -0.0002092439   0.0006551822  -0.0001136766   0.0103662003
       -0.0170314582   0.0183719110  -0.0406401336   0.1371617603  -0.1156441546
       -0.0032311006  -0.0008589259   0.0015422806   0.0003816637   0.0007119332
       -0.0005606331   0.0002908805  -0.0001363469   0.0000753123
        0.0000334672  -0.0000354551   0.0000344809   0.0000221691   0.0000917849
       -0.0000255775  -0.0000480561  -0.0000514150  -0.0000988301   0.0006830382
        0.0006231587   0.0006327277  -0.0105534570   0.0103435098  -0.0223867634
       -0.0491223701   0.0990576735  -0.1788572505  -0.0007521107   0.0106121152
       -0.0122923643  -0.0000314156  -0.0000219715   0.0000164573  -0.0000137060
        0.0000363134   0.0000271070   0.0000425899  -0.0000204767  -0.0000006806
        0.0001120816   0.0000379391   0.0000504882  -0.0000321146  -0.0001436353
       -0.0000301453  -0.0001415518   0.0001526129   0.0002040071   0.0000468787
       -0.0000038902   0.0000466465   0.0003763324   0.0001978365   0.0002014368
       -0.0002522698  -0.0006337394   0.0005378236  -0.0022037311  -0.0029301790
       -0.0039597112   0.0002304334   0.0005660671   0.0002532260   0.0016490877
       -0.0034120590   0.0060860510   0.0578440454  -0.1156441546   0.2098331089
        0.0028097587   0.0016201860  -0.0008916687  -0.0004354410  -0.0001584950
       -0.0000277979  -0.0002636583  -0.0002837263   0.0006472285
        0.0000135999   0.0000277885  -0.0000113310  -0.0000503764  -0.0000596432
        0.0000156317  -0.0000269756   0.0000174326   0.0000434917  -0.0000888726
       -0.0000018654   0.0000267426   0.0008355392   0.0000191233   0.0009341508
        0.0050015538  -0.0152572676   0.0193955510  -0.0615687822   0.0388075956
       -0.0506553996   0.0000334294   0.0000055873  -0.0000145974   0.0000015134
       -0.0000083661   0.0000053814  -0.0000086429   0.0000015457  -0.0000069741
        0.0000127380   0.0000169239  -0.0000136157  -0.0000619568   0.0000244514
       -0.0000011152   0.0000475380  -0.0000451307  -0.0000193995   0.0000285158
        0.0000219431  -0.0000322285   0.0000199470   0.0000487084  -0.0000388379
       -0.0000063114   0.0000875584  -0.0000873663  -0.0002258650  -0.0000606205
       -0.0001914336  -0.0001098155   0.0001280349  -0.0001075448   0.0009363024
       -0.0003353656   0.0001633912  -0.0035888863  -0.0032311006   0.0028097587
        0.0712120711  -0.0427963157   0.0574429007  -0.0077673578   0.0147332426
       -0.0165914283  -0.0046389055   0.0078557397  -0.0130657279
        0.0000291029   0.0000127056  -0.0000163526  -0.0000433112  -0.0000417845
        0.0000369811   0.0000318778   0.0000428915   0.0000210455   0.0000542191
        0.0000794638  -0.0000493145   0.0006580956   0.0002350503   0.0006027436
        0.0007977593  -0.0105092128   0.0136204579   0.0389822321  -0.1235418653
        0.1047327446   0.0000254634  -0.0000060148  -0.0000088749   0.0000083171
       -0.0000084629  -0.0000005760  -0.0000085463   0.0000148388  -0.0000169004
       -0.0000166871  -0.0000128027  -0.0000363538  -0.0000542191   0.0000971868
       -0.0000113206   0.0000321458  -0.0000398541  -0.0000094125   0.0000516661
        0.0000019225  -0.0000230189   0.0000110846   0.0000085149  -0.0000795301
        0.0000790476   0.0001508065  -0.0001334137  -0.0007053439   0.0000533960
       -0.0004550784   0.0001499350  -0.0002831093   0.0000709198   0.0004065697
        0.0006594047  -0.0006177193  -0.0031001560  -0.0008589259   0.0016201860
       -0.0427963157   0.1411229093  -0.1242736670   0.0105621451  -0.0169124410
        0.0188110766  -0.0051550818   0.0097353825  -0.0137846224
       -0.0000165995  -0.0000133118   0.0000208105   0.0000663019   0.0000733160
       -0.0000587973  -0.0000234772   0.0000114401  -0.0000066664  -0.0001517132
       -0.0001534755  -0.0000062129  -0.0005769476  -0.0007124406   0.0007844615
       -0.0001637394   0.0106645817  -0.0129287281  -0.0511446052   0.1044780728
       -0.1856877704  -0.0000300331  -0.0000054642   0.0000040609   0.0000054100
        0.0000006604  -0.0000324550   0.0000220793  -0.0000218951   0.0000262775
       -0.0000205177  -0.0000238635   0.0000270382   0.0000507930  -0.0000543411
        0.0000734910  -0.0000368884   0.0000490883  -0.0000312562  -0.0000270685
       -0.0000218788   0.0000017960  -0.0000188247  -0.0000303606   0.0000749786
       -0.0000702367  -0.0001386561   0.0000164585   0.0002535561   0.0000398077
        0.0004855993   0.0000501870   0.0000739876  -0.0000617607  -0.0003840898
       -0.0001557534  -0.0000189328   0.0030361851   0.0015422806  -0.0008916687
        0.0574429007  -0.1242736670   0.2145738657   0.0017895556  -0.0043588079
        0.0065981696  -0.0100522275   0.0130306803  -0.0229627589
        0.0000151140  -0.0000085874   0.0000157883   0.0000334103   0.0000186144
       -0.0000121392  -0.0000135572   0.0000199669   0.0000320829   0.0002001237
        0.0001292516   0.0000436672   0.0004809704   0.0012569700   0.0005523339
       -0.0222169281   0.0157030311   0.0107225243  -0.1435488947   0.1078561602
        0.0480373841  -0.0000102772  -0.0000217406   0.0000066253   0.0000335137
       -0.0000252548  -0.0000298615   0.0000053599   0.0000035658  -0.0000149127
       -0.0000356841  -0.0000284208  -0.0000314323   0.0000164518  -0.0000228288
        0.0000956695   0.0000851041  -0.0000116953  -0.0001453569   0.0000219379
       -0.0000746190  -0.0000529044   0.0000659218   0.0000196869  -0.0000791557
        0.0000222300   0.0000352697   0.0000328522  -0.0000857560   0.0000776004
       -0.0000131309  -0.0000819597  -0.0010817767  -0.0004950888  -0.0047492411
       -0.0026600204   0.0028039481   0.0009041971   0.0003816637  -0.0004354410
       -0.0077673578   0.0105621451   0.0017895556   0.1683196079  -0.1238585319
       -0.0588160650   0.0083057133  -0.0082704500  -0.0040069429
       -0.0000248395   0.0000051648  -0.0000029548  -0.0000446985  -0.0000383601
       -0.0000033061  -0.0000720160  -0.0000643042  -0.0000148018  -0.0000601734
       -0.0000978289   0.0000658678  -0.0006278001   0.0008022705   0.0007977553
       -0.0070123488   0.0086329544   0.0029774354   0.1074498959  -0.1581259211
       -0.0519885571   0.0000217401   0.0000197644  -0.0000086907  -0.0000056717
       -0.0000058730   0.0000051816   0.0000010530  -0.0000101765   0.0000068435
        0.0000153562   0.0000218501   0.0000221183   0.0000094080  -0.0000145687
       -0.0000128720   0.0000191994  -0.0000186637   0.0000008774   0.0000027084
        0.0000206404  -0.0000245056   0.0000109720   0.0000355085   0.0000218843
       -0.0000286988   0.0000405397  -0.0000097456   0.0001507917  -0.0002006739
       -0.0000270326  -0.0000834580   0.0001146938   0.0000278065  -0.0027248365
        0.0001250551   0.0009481803  -0.0002949038   0.0007119332  -0.0001584950
        0.0147332426  -0.0169124410  -0.0043588079  -0.1238585319   0.1815385008
        0.0605696207   0.0124236098  -0.0165800646  -0.0088338017
       -0.0000150419  -0.0000007382  -0.0000006324  -0.0000200465   0.0000020833
        0.0000046984   0.0000315504   0.0000050012  -0.0000360472  -0.0000768400
       -0.0001388659  -0.0000730757  -0.0009525020  -0.0000242804   0.0005184925
        0.0113031987  -0.0079567289  -0.0050642497   0.0477619933  -0.0522732190
       -0.0690114099   0.0000065430   0.0000087884  -0.0000048876  -0.0000146843
        0.0000088054   0.0000041872   0.0000067889  -0.0000055651   0.0000111729
        0.0000074092   0.0000119467   0.0000166380   0.0000158818   0.0000271484
       -0.0000517313  -0.0000479787  -0.0000084148   0.0000541945   0.0000091201
        0.0000261523   0.0000114411  -0.0000466862  -0.0000188254   0.0000251054
        0.0000309171   0.0000156711  -0.0000515508  -0.0000353585   0.0001114411
       -0.0001049519  -0.0001084592   0.0000354254   0.0003042610   0.0028511428
        0.0012513663  -0.0007255157   0.0001513834  -0.0005606331  -0.0000277979
       -0.0165914283   0.0188110766   0.0065981696  -0.0588160650   0.0605696207
        0.0771668603   0.0145491619  -0.0198972559  -0.0095633710
       -0.0000231289   0.0000007341  -0.0000093109  -0.0000291494   0.0000095084
        0.0000287594   0.0000418575  -0.0000388167  -0.0001022251  -0.0005854666
       -0.0008621619  -0.0010177056  -0.0041899031  -0.0026494237   0.0024803331
       -0.0145772724  -0.0165609612  -0.0160886033  -0.0883661938  -0.0578437928
       -0.0740543784   0.0000052889  -0.0000009985   0.0000068755  -0.0000085173
        0.0000085437   0.0000221383  -0.0000075291   0.0000123812  -0.0000096342
        0.0000487925   0.0000164440   0.0000427209   0.0000266926  -0.0000645713
       -0.0000148822   0.0000014167  -0.0000048737  -0.0000033118  -0.0000002136
        0.0000226762   0.0000164696  -0.0003163080  -0.0002402860   0.0001312120
        0.0000287848   0.0000239718  -0.0000198964   0.0001853604   0.0000543833
        0.0002512293  -0.0000420867   0.0001634087   0.0002173043   0.0002292453
        0.0000205446  -0.0005661239   0.0006956342   0.0002908805  -0.0002636583
       -0.0046389055  -0.0051550818  -0.0100522275   0.0083057133   0.0124236098
        0.0145491619   0.1032158881   0.0703738809   0.0844557536
        0.0000045367   0.0000029063  -0.0000137148  -0.0000111528   0.0000085646
        0.0000240898  -0.0000195006  -0.0000445255  -0.0000554850  -0.0004825085
       -0.0003028745  -0.0006664089  -0.0030064310  -0.0011664519   0.0015699019
       -0.0092454415  -0.0097369235  -0.0093196148  -0.0577648062  -0.1215116871
       -0.0954286492  -0.0000034917  -0.0000098706   0.0000055250  -0.0000015908
        0.0000148293   0.0000217614  -0.0000121955   0.0000142500  -0.0000126021
        0.0000312272  -0.0000013754   0.0000204769  -0.0000092357  -0.0000332310
        0.0000009320  -0.0000084946   0.0000186326   0.0000186748  -0.0000249683
        0.0000128839   0.0000298386  -0.0001623762  -0.0001449876   0.0000900843
        0.0000392378   0.0000184231  -0.0000296646   0.0000697729  -0.0000349811
        0.0001353272  -0.0000124482   0.0003376125   0.0002852854   0.0004951317
        0.0005851293  -0.0000011363   0.0001655646  -0.0001363469  -0.0002837263
        0.0078557397   0.0097353825   0.0130306803  -0.0082704500  -0.0165800646
       -0.0198972559   0.0703738809   0.1389547056   0.1104756802
        0.0000070411  -0.0000102823  -0.0000108973   0.0000169678   0.0000072965
        0.0000147913  -0.0000211637  -0.0000340219  -0.0000264228   0.0003201639
        0.0002993768   0.0003071144   0.0013017064   0.0007598275   0.0001039753
        0.0044781515   0.0056443459   0.0071061877  -0.0738069557  -0.0952752758
       -0.1610143857  -0.0000152459  -0.0000072014   0.0000112601  -0.0000069950
        0.0000166996   0.0000266692  -0.0000096221   0.0000126092  -0.0000096599
        0.0000174955   0.0000105841  -0.0000005026   0.0000098872  -0.0000246900
       -0.0000319818  -0.0000259462   0.0000234294   0.0000526928  -0.0000386137
       -0.0000060572   0.0000356829   0.0001245802   0.0001045799  -0.0000098215
       -0.0000498995  -0.0000739737   0.0000693287   0.0002995353   0.0000025727
        0.0002051084  -0.0000561223   0.0003001375   0.0000569275  -0.0002004708
        0.0003174749   0.0003667941   0.0002724233   0.0000753123   0.0006472285
       -0.0130657279  -0.0137846224  -0.0229627589  -0.0040069429  -0.0088338017
       -0.0095633710   0.0844557536   0.1104756802   0.1846260403
