           1           2   1.01886206329012     
           2           3   1.00894148212458     
           3           4   1.00705211968510     
           4           5   1.00705621163078     
           5           6   1.00894792956285     
           6           7   1.01886378826373     
           1           8  0.987905265090761     
           1           9  0.988164109996001     
           1          10  0.987695098146285     
           2          11  0.978457185009897     
           2          12  0.976654259608717     
           3          13  0.975732306564833     
           3          14  0.976860373344711     
           4          15  0.977514487561397     
           4          16  0.977506317885221     
           5          17  0.975709670976459     
           5          18  0.976856792821666     
           6          19  0.976657674891542     
           6          20  0.978457808249302     
           7          21  0.988174097690295     
           7          22  0.987892229237687     
           7          23  0.987695438269925     
