$coord
         -1.133635281115          4.806344001063         -1.460704019481     c 
         -3.599062172097          5.214100220406         -0.037124420275     c 
         -5.819364724969          3.680235968945         -1.105128431067     c 
         -5.473621319442          0.804394129294         -0.955360456343     c 
         -5.219388012440         -0.213682902776          1.740383519881     c 
         -5.240453477536         -3.110609024469          1.896446688204     c 
         -3.377191915994         -4.412899371186          0.097982451665     c 
         -0.605844376041         -3.818464856559          0.674409364832     c 
          1.164362381142         -4.546083602119         -1.504828078780     c 
          3.933352529736         -3.856584942066         -1.023709683594     c 
          4.354078808866         -1.007372374618         -0.767412399202     c 
          7.097920031371         -0.292208490214         -0.224827382416     c 
          7.470797827367          2.554541839723          0.146327378656     c 
          6.102440326517          3.589393937487          2.456568020138     c 
         -0.483533436981          2.852145765485         -1.326312813593     h 
         -1.360616685607          5.222839775844         -3.469911155479     h 
          0.385987969324          6.019531903544         -0.754745047435     h 
         -4.091011961852          7.236773390262         -0.060035407417     h 
         -3.334935459623          4.760990693931          1.970313057859     h 
         -7.570329738659          4.196355297278         -0.113261609352     h 
         -6.128544233174          4.229069324521         -3.083751447105     h 
         -3.806861591520          0.257607464085         -2.057885165549     h 
         -7.073256636160         -0.145701306213         -1.879399347017     h 
         -6.752217736076          0.566095450511          2.904268205894     h 
         -3.486576814544          0.527884352400          2.600519720367     h 
         -7.164362774583         -3.795678249099          1.512154170230     h 
         -4.833853077322         -3.712129997423          3.843189946031     h 
         -3.808453740057         -3.842782692136         -1.846504556148     h 
         -3.654194187974         -6.470909378457          0.119377604775     h 
         -0.016178581256         -4.768576834537          2.429213473194     h 
         -0.411176768442         -1.791095003213          1.078801495741     h 
          0.516578627547         -3.607119316692         -3.243806722156     h 
          0.986532897124         -6.582493777227         -1.882507249839     h 
          4.597381567001         -4.819403115319          0.691570278549     h 
          5.132336450928         -4.585590328088         -2.556600531172     h 
          3.159164441609         -0.271715517405          0.754150579335     h 
          3.704492000847         -0.044141046802         -2.485592550972     h 
          7.747993400737         -1.295932582780          1.470096560650     h 
          8.307820913355         -0.990663574433         -1.759602867856     h 
          9.500268002257          2.978874962616          0.293874834304     h 
          6.832268216325          3.551535960937         -1.559358674823     h 
          6.655469185883          2.576887855876          4.168158242476     h 
          6.514268643176          5.589961373813          2.762052243326     h 
          4.054118543000          3.413499256185          2.279695390350     h 
$end
