   -0.07173096
   -0.05161170
   -0.05167229
   -0.05126133
   -0.05161222
   -0.05080565
   -0.05151972
   -0.05207011
   -0.05199769
   -0.05208158
   -0.05139992
   -0.05154379
   -0.05060776
   -0.07100793
    0.02491404
    0.02487166
    0.02349337
    0.02493303
    0.02490954
    0.02761002
    0.02657171
    0.02620483
    0.02432833
    0.02440456
    0.02435033
    0.02502922
    0.02654988
    0.02601230
    0.02646431
    0.02578535
    0.02445853
    0.02639166
    0.02635864
    0.02595042
    0.02719452
    0.02440757
    0.02705574
    0.02296466
    0.02645773
    0.02487257
    0.02333116
    0.02318472
    0.02549645
    0.02636581
