           1           2   1.01907848526770     
           2           3   1.00778713733298     
           3           4   1.00690985869540     
           4           5   1.00804707397751     
           5           6   1.00589292403335     
           6           7   1.00798425818469     
           7           8   1.00669474352736     
           8           9   1.00705288072509     
           9          10   1.00783000790520     
          10          11   1.01902125882477     
           1          12  0.988032782413323     
           1          13  0.987566123283746     
           1          14  0.988047417862324     
           2          15  0.978688567997505     
           2          16  0.978579010288043     
           3          17  0.977527136842190     
           3          18  0.977587945727971     
           4          19  0.975062995904922     
           4          20  0.977379458469375     
           5          21  0.977264427305405     
           5          22  0.977360910009609     
           6          23  0.977368431925897     
           6          24  0.977251677043185     
           7          25  0.977394830504060     
           7          26  0.975028058801660     
           8          27  0.977599679614380     
           8          28  0.977538275039668     
           9          29  0.977363734249437     
           9          30  0.977599244997279     
          10          31  0.978722169357269     
          10          32  0.978614055618366     
          11          33  0.987990451192230     
          11          34  0.987581692539740     
          11          35  0.988050945452061     
