           1           2   1.01883639787699     
           2           3   1.00893173111222     
           3           4   1.00698004675009     
           4           5   1.00674819072692     
           5           6   1.00792658938087     
           6           7   1.00782140216214     
           7           8   1.00700280256516     
           8           9   1.01992986391405     
           1          10  0.987698328044902     
           1          11  0.988125765856204     
           1          12  0.987963466856064     
           2          13  0.976628128938303     
           2          14  0.978478775310724     
           3          15  0.975793254833092     
           3          16  0.976858423814558     
           4          17  0.977574217935668     
           4          18  0.977542486391043     
           5          19  0.975859847177086     
           5          20  0.976733240993676     
           6          21  0.977210775357659     
           6          22  0.973462106317012     
           7          23  0.977509425096045     
           7          24  0.977272883929798     
           8          25  0.978380505547528     
           8          26  0.978751701225964     
           9          27  0.986322023143455     
           9          28  0.987688992262856     
           9          29  0.987663422983640     
