$hessian                                                                        
        0.4733423452  -0.0258998425  -0.0000498117  -0.1745055512  -0.0560404911
       -0.0000708450  -0.0282388033  -0.0054052337  -0.0000144017  -0.0035433865
        0.0032224168  -0.0000035938  -0.0452052217  -0.0122491170  -0.0190539567
       -0.0453011379  -0.0124656341   0.0194535774  -0.1622045426   0.1208848996
       -0.0002556929  -0.0073102283  -0.0051212939   0.0023206153  -0.0072767580
       -0.0051088769  -0.0023237720   0.0007549437  -0.0008547254  -0.0002194431
        0.0007528603  -0.0008478397   0.0002163924   0.0000238886   0.0001963230
        0.0002051872  -0.0013126923  -0.0005065342   0.0000011467   0.0000242839
        0.0001959490  -0.0002054020
       -0.0258998425   0.5126328191  -0.0000299707  -0.0554020573  -0.0927377440
       -0.0000359303   0.0158676512   0.0069042681   0.0000035505   0.0032225554
       -0.0020009311   0.0000002718  -0.0126904787  -0.1220425602  -0.1101010520
       -0.0129113567  -0.1216394061   0.1099318210   0.1211455022  -0.1635507996
        0.0002545875  -0.0181326001  -0.0096486137   0.0025181932  -0.0181207285
       -0.0096418043  -0.0025427605   0.0008522543   0.0006644858   0.0003905656
        0.0008433784   0.0006613315  -0.0003883728   0.0000512109   0.0000122711
        0.0000972339   0.0011234537   0.0003746863  -0.0000009355   0.0000510577
        0.0000119971  -0.0000972018
       -0.0000498117  -0.0000299707   0.5227735083  -0.0000758076  -0.0000356583
       -0.0681366983  -0.0000131588  -0.0000050612   0.0004366623   0.0000007953
       -0.0000004301   0.0003224810  -0.0193207473  -0.1101397645  -0.2037289991
        0.0197189678   0.1099634585  -0.2040483269  -0.0002520557   0.0002521401
       -0.0452779998   0.0226717301   0.0127726838  -0.0015824029  -0.0226871838
       -0.0127777608  -0.0016190948   0.0007441681   0.0001781184   0.0003069989
       -0.0007367786  -0.0001777433   0.0003052118   0.0001182271   0.0000351624
        0.0000206759   0.0000003512  -0.0000002328   0.0002062881  -0.0001186962
       -0.0000349417   0.0000216955
       -0.1745055512  -0.0554020573  -0.0000758076   0.4596267684   0.0110110712
       -0.0000371396  -0.1264918599   0.0660118996   0.0000041084  -0.0282443103
        0.0158667235   0.0000030305  -0.0065830593  -0.0053769639  -0.0031406768
       -0.0066335056  -0.0054001136   0.0031285279  -0.0255813159  -0.0082105637
       -0.0000200234  -0.0430256696  -0.0116054241   0.0162686781  -0.0429986183
       -0.0114924458  -0.0161373197  -0.0009213415   0.0023814620   0.0016821944
       -0.0009264615   0.0023911207  -0.0016783308   0.0009035028   0.0008061479
        0.0003494367  -0.0055200224  -0.0017852462   0.0000040859   0.0009014443
        0.0008043897  -0.0003507640
       -0.0560404911  -0.0927377440  -0.0000356583   0.0110110712   0.4976469750
        0.0000045722   0.0660137439  -0.1304600840   0.0000020317  -0.0054062713
        0.0069032920   0.0000018368  -0.0177441395  -0.0103464690  -0.0029812004
       -0.0177215881  -0.0103268782   0.0029528218   0.0183396364   0.0080198523
        0.0000169460  -0.0112112212  -0.1182847835   0.1042602736  -0.0111003751
       -0.1180929570  -0.1042193284   0.0146096018  -0.0167936072  -0.0038063327
        0.0146057159  -0.0167807691   0.0038010047  -0.0010453693   0.0006852391
        0.0002213531  -0.0032628301  -0.0001169688   0.0000022682  -0.0010474836
        0.0006849023  -0.0002205882
       -0.0000708450  -0.0000359303  -0.0681366983  -0.0000371396   0.0000045722
        0.5395540658  -0.0000000049   0.0000039177  -0.0697393215   0.0000091823
       -0.0000085900   0.0004369163  -0.0231216406  -0.0127358213  -0.0015804800
        0.0231385551   0.0127298443  -0.0015446492  -0.0000390712  -0.0000150540
        0.0003182421   0.0160711223   0.1041495944  -0.1979729283  -0.0159390642
       -0.1040946941  -0.1982048658   0.0176434179  -0.0197420673  -0.0020491584
       -0.0176576512   0.0197441442  -0.0020499117  -0.0008535127   0.0003671357
        0.0002137176   0.0000019555   0.0000016379   0.0005434910   0.0008546963
       -0.0003686895   0.0002115806
       -0.0282388033   0.0158676512  -0.0000131588  -0.1264918599   0.0660137439
       -0.0000000049   0.4596047871   0.0110115829   0.0000350643  -0.1744965233
       -0.0554110773   0.0000812197   0.0009045210   0.0008082893   0.0003521320
        0.0009011078   0.0008014955  -0.0003478556  -0.0055196173  -0.0017848559
       -0.0000004125  -0.0009191753   0.0023812539  -0.0016825128  -0.0009290263
        0.0023920021   0.0016782497  -0.0430232706  -0.0115924828  -0.0162605459
       -0.0429987947  -0.0114964361   0.0161334747  -0.0066118667  -0.0053929820
       -0.0031299176  -0.0255804950  -0.0082138935   0.0000154023  -0.0066009835
       -0.0053842913   0.0031388654
       -0.0054052337   0.0069042681  -0.0000050612   0.0660118996  -0.1304600840
        0.0000039177   0.0110115829   0.4976653657  -0.0000014873  -0.0560472448
       -0.0927467213   0.0000366327  -0.0010497898   0.0006872053   0.0002205913
       -0.0010420833   0.0006829554  -0.0002212563  -0.0032626302  -0.0001164724
       -0.0000040073   0.0146114141  -0.0167966568   0.0038069698   0.0146032912
       -0.0167810493  -0.0038013522  -0.0112021007  -0.1182783703  -0.1042659626
       -0.0111003687  -0.1181024514   0.1042166951  -0.0177543775  -0.0103515607
       -0.0029549736   0.0183360854   0.0080211411  -0.0000107660  -0.0177104445
       -0.0103275694   0.0029800601
       -0.0000144017   0.0000035505   0.0004366623   0.0000041084   0.0000020317
       -0.0697393215   0.0000350643  -0.0000014873   0.5395581326   0.0000745185
        0.0000345241  -0.0681366776  -0.0008565242   0.0003695696   0.0002132595
        0.0008510886  -0.0003662919   0.0002118305  -0.0000057750  -0.0000019668
        0.0005437328  -0.0176429774   0.0197437876  -0.0020491447   0.0176562263
       -0.0197454621  -0.0020503509  -0.0160620683  -0.1041493928  -0.1979841881
        0.0159352744   0.1040975898  -0.1981963914  -0.0231115430  -0.0127267587
       -0.0015414712  -0.0000090167  -0.0000046020   0.0003178585   0.0231460259
        0.0127449083  -0.0015839307
       -0.0035433865   0.0032225554   0.0000007953  -0.0282443103  -0.0054062713
        0.0000091823  -0.1744965233  -0.0560472448   0.0000745185   0.4733584389
       -0.0259110335   0.0000415560   0.0000246472   0.0001970483   0.0002054828
        0.0000234583   0.0001950518  -0.0002050639  -0.0013128623  -0.0005064423
       -0.0000005546   0.0007544426  -0.0008541318   0.0002189058   0.0007527385
       -0.0008491853  -0.0002172691  -0.0073018777  -0.0051233804  -0.0023158910
       -0.0072804195  -0.0051056570   0.0023277965  -0.0452579792  -0.0123946074
       -0.0192639868  -0.1622358489   0.1208840531  -0.0000907510  -0.0452405180
       -0.0123007550   0.0192152793
        0.0032224168  -0.0020009311  -0.0000004301   0.0158667235   0.0069032920
       -0.0000085900  -0.0554110773  -0.0927467213   0.0000345241  -0.0259110335
        0.5126225784   0.0000219866   0.0000504513   0.0000117330   0.0000974145
        0.0000519025   0.0000125668  -0.0000969559   0.0011233600   0.0003743927
        0.0000010972   0.0008493405   0.0006646952  -0.0003907550   0.0008476495
        0.0006611847   0.0003883465  -0.0181404037  -0.0096556973  -0.0025190720
       -0.0181120834  -0.0096370943   0.0025419502  -0.0128375558  -0.1220674206
       -0.1100977236   0.1211450942  -0.1635196607   0.0000860441  -0.0127447848
       -0.1216229174   0.1099421633
       -0.0000035938   0.0000002718   0.0003224810   0.0000030305   0.0000018368
        0.0004369163   0.0000812197   0.0000366327  -0.0681366776   0.0000415560
        0.0000219866   0.5227739285   0.0001182544   0.0000350593   0.0000212720
       -0.0001187781  -0.0000348197   0.0000210493  -0.0000007037   0.0000004475
        0.0002060844  -0.0007428252  -0.0001779346   0.0003078646   0.0007387329
        0.0001781124   0.0003042953  -0.0226666424  -0.0127699261  -0.0015826280
        0.0226906530   0.0127826663  -0.0016185577  -0.0195307983  -0.1101356194
       -0.2036594267  -0.0000900043   0.0000864272  -0.0452777232   0.0194798994
        0.1099748592  -0.2041188782
       -0.0452052217  -0.0126904787  -0.0193207473  -0.0065830593  -0.0177441395
       -0.0231216406   0.0009045210  -0.0010497898  -0.0008565242   0.0000246472
        0.0000504513   0.0001182544   0.0536236369   0.0174805107   0.0228483923
        0.0009980813   0.0015436848   0.0017542584   0.0011678644   0.0146896742
        0.0190465821   0.0008477916   0.0003827568  -0.0003810207  -0.0054557406
       -0.0032702975  -0.0006610655  -0.0005224105   0.0003686899   0.0004401956
       -0.0000242216   0.0000472447   0.0000151161   0.0001238423   0.0001162200
        0.0001287453   0.0000432842   0.0000835286   0.0000310297   0.0000569849
       -0.0000080554  -0.0000415756
       -0.0122491170  -0.1220425602  -0.1101397645  -0.0053769639  -0.0103464690
       -0.0127358213   0.0008082893   0.0006872053   0.0003695696   0.0001970483
        0.0000117330   0.0000350593   0.0174805107   0.1399376881   0.1297417207
        0.0015053531   0.0096384735   0.0147869282   0.0008017835  -0.0170038756
       -0.0218929198   0.0003419232  -0.0000626834  -0.0003322062  -0.0034815035
       -0.0011657274  -0.0001233018  -0.0001256286   0.0004074131   0.0001529211
       -0.0000464722  -0.0000701971   0.0000578416   0.0001163212  -0.0000084186
        0.0000462561   0.0000364564   0.0000680735   0.0000300257  -0.0000080004
       -0.0000506552   0.0000036914
       -0.0190539567  -0.1101010520  -0.2037289991  -0.0031406768  -0.0029812004
       -0.0015804800   0.0003521320   0.0002205913   0.0002132595   0.0002054828
        0.0000974145   0.0000212720   0.0228483923   0.1297417207   0.2335582490
       -0.0016875190  -0.0148537148  -0.0287108225   0.0009252292  -0.0025429488
       -0.0019874432   0.0003375134   0.0003775443   0.0007689466  -0.0005514793
       -0.0003043246   0.0012598392  -0.0003741384   0.0002890120   0.0004405329
       -0.0000201275  -0.0000463518  -0.0003226589   0.0001290765   0.0000463753
        0.0000255169  -0.0000117647   0.0000600488   0.0000116092   0.0000418362
       -0.0000031142   0.0000311783
       -0.0453011379  -0.0129113567   0.0197189678  -0.0066335056  -0.0177215881
        0.0231385551   0.0009011078  -0.0010420833   0.0008510886   0.0000234583
        0.0000519025  -0.0001187781   0.0009980813   0.0015053531  -0.0016875190
        0.0537200631   0.0177484169  -0.0232995301   0.0012138786   0.0146485556
       -0.0190673881  -0.0054564842  -0.0032689941   0.0006529452   0.0008528059
        0.0003841596   0.0003839201  -0.0000243236   0.0000467657  -0.0000144390
       -0.0005178560   0.0003667142  -0.0004396147   0.0000572379  -0.0000077629
        0.0000419309   0.0000426400   0.0000838513  -0.0000312036   0.0001240343
        0.0001160662  -0.0001289351
       -0.0124656341  -0.1216394061   0.1099634585  -0.0054001136  -0.0103268782
        0.0127298443   0.0008014955   0.0006829554  -0.0003662919   0.0001950518
        0.0000125668  -0.0000348197   0.0015436848   0.0096384735  -0.0148537148
        0.0177484169   0.1394725517  -0.1295295674   0.0007496591  -0.0169581742
        0.0219224964  -0.0034864754  -0.0011644032   0.0001231605   0.0003415453
       -0.0000615361   0.0003351773  -0.0000468178  -0.0000701704  -0.0000580973
       -0.0001249969   0.0004042759  -0.0001519199  -0.0000078306  -0.0000502551
       -0.0000029896   0.0000360865   0.0000682491  -0.0000302401   0.0001159286
       -0.0000082490  -0.0000464961
        0.0194535774   0.1099318210  -0.2040483269   0.0031285279   0.0029528218
       -0.0015446492  -0.0003478556  -0.0002212563   0.0002118305  -0.0002050639
       -0.0000969559   0.0000210493   0.0017542584   0.0147869282  -0.0287108225
       -0.0232995301  -0.1295295674   0.2339273434  -0.0009188756   0.0026051299
       -0.0020802980   0.0005405614   0.0002940734   0.0012624418  -0.0003396733
       -0.0003793374   0.0007750710   0.0000195348   0.0000465072  -0.0003221253
        0.0003729178  -0.0002873759   0.0004394568  -0.0000416297   0.0000036043
        0.0000313995   0.0000118455  -0.0000599829   0.0000120936  -0.0001285949
       -0.0000464099   0.0000255360
       -0.1622045426   0.1211455022  -0.0002520557  -0.0255813159   0.0183396364
       -0.0000390712  -0.0055196173  -0.0032626302  -0.0000057750  -0.0013128623
        0.0011233600  -0.0000007037   0.0011678644   0.0008017835   0.0009252292
        0.0012138786   0.0007496591  -0.0009188756   0.1910334223  -0.1390320028
        0.0002910767   0.0006004990   0.0004409616   0.0001541140   0.0005977691
        0.0004364854  -0.0001534718   0.0001851041  -0.0003189264  -0.0001757505
        0.0001849242  -0.0003166997   0.0001753452   0.0000430209   0.0000363175
       -0.0000120210  -0.0004510636  -0.0001797302   0.0000003558   0.0000429190
        0.0000362835   0.0000116036
        0.1208848996  -0.1635507996   0.0002521401  -0.0082105637   0.0080198523
       -0.0000150540  -0.0017848559  -0.0001164724  -0.0000019668  -0.0005064423
        0.0003743927   0.0000004475   0.0146896742  -0.0170038756  -0.0025429488
        0.0146485556  -0.0169581742   0.0026051299  -0.1390320028   0.1877812087
       -0.0002960402  -0.0001489871   0.0005557830  -0.0002698913  -0.0001459296
        0.0005498522   0.0002675306  -0.0001907332   0.0001216564   0.0002202146
       -0.0001912961   0.0001225137  -0.0002193363   0.0000836653   0.0000684238
        0.0000597773  -0.0001796966  -0.0000321297   0.0000002577   0.0000837126
        0.0000677687  -0.0000602603
       -0.0002556929   0.0002545875  -0.0452779998  -0.0000200234   0.0000169460
        0.0003182421  -0.0000004125  -0.0000040073   0.0005437328  -0.0000005546
        0.0000010972   0.0002060844   0.0190465821  -0.0218929198  -0.0019874432
       -0.0190673881   0.0219224964  -0.0020802980   0.0002910767  -0.0002960402
        0.0480921635   0.0004585271  -0.0002361704   0.0000437655  -0.0004533260
        0.0002351156   0.0000390691  -0.0001166384   0.0000811052   0.0000433719
        0.0001180104  -0.0000820220   0.0000437264   0.0000311774   0.0000301066
        0.0000115766  -0.0000002302  -0.0000001826  -0.0000078384  -0.0000311076
       -0.0000301122   0.0000118471
       -0.0073102283  -0.0181326001   0.0226717301  -0.0430256696  -0.0112112212
        0.0160711223  -0.0009191753   0.0146114141  -0.0176429774   0.0007544426
        0.0008493405  -0.0007428252   0.0008477916   0.0003419232   0.0003375134
       -0.0054564842  -0.0034864754   0.0005405614   0.0006004990  -0.0001489871
        0.0004585271   0.0560871396   0.0131231827  -0.0193240332   0.0014363789
        0.0012082397  -0.0021733135   0.0006014595  -0.0005663482  -0.0002438188
       -0.0032560344   0.0037729892  -0.0004236084  -0.0000245778  -0.0000468330
       -0.0000205852   0.0001853018  -0.0001906790   0.0001170014  -0.0005208433
       -0.0001239453   0.0003747060
       -0.0051212939  -0.0096486137   0.0127726838  -0.0116054241  -0.1182847835
        0.1041495944   0.0023812539  -0.0167966568   0.0197437876  -0.0008541318
        0.0006646952  -0.0001779346   0.0003827568  -0.0000626834   0.0003775443
       -0.0032689941  -0.0011644032   0.0002940734   0.0004409616   0.0005557830
       -0.0002361704   0.0131231827   0.1386478991  -0.1235346278   0.0012189436
        0.0091342715  -0.0140246296  -0.0005664887   0.0002534173   0.0004920219
        0.0037717643  -0.0037572478   0.0005606992   0.0000472906  -0.0000697635
       -0.0000460888  -0.0003189245   0.0001222383  -0.0000818939   0.0003691035
        0.0004058475  -0.0002890596
        0.0023206153   0.0025181932  -0.0015824029   0.0162686781   0.1042602736
       -0.1979729283  -0.0016825128   0.0038069698  -0.0020491447   0.0002189058
       -0.0003907550   0.0003078646  -0.0003810207  -0.0003322062   0.0007689466
        0.0006529452   0.0001231605   0.0012624418   0.0001541140  -0.0002698913
        0.0000437655  -0.0193240332  -0.1235346278   0.2262179483   0.0022019699
        0.0140603725  -0.0291544698   0.0002437734  -0.0004921290   0.0007760650
       -0.0004237815   0.0005652140   0.0012220149   0.0000137437   0.0000577763
       -0.0003238734   0.0001758714  -0.0002201139   0.0000433200  -0.0004392685
       -0.0001522365   0.0004404524
       -0.0072767580  -0.0181207285  -0.0226871838  -0.0429986183  -0.0111003751
       -0.0159390642  -0.0009290263   0.0146032912   0.0176562263   0.0007527385
        0.0008476495   0.0007387329  -0.0054557406  -0.0034815035  -0.0005514793
        0.0008528059   0.0003415453  -0.0003396733   0.0005977691  -0.0001459296
       -0.0004533260   0.0014363789   0.0012189436   0.0022019699   0.0560318013
        0.0129985636   0.0191759933  -0.0032564704   0.0037703428   0.0004236562
        0.0006045929  -0.0005672773   0.0002449889  -0.0005202485  -0.0001266241
       -0.0003724576   0.0001847219  -0.0001912890  -0.0001174779  -0.0000239466
       -0.0000466090   0.0000190946
       -0.0051088769  -0.0096418043  -0.0127777608  -0.0114924458  -0.1180929570
       -0.1040946941   0.0023920021  -0.0167810493  -0.0197454621  -0.0008491853
        0.0006611847   0.0001781124  -0.0032702975  -0.0011657274  -0.0003043246
        0.0003841596  -0.0000615361  -0.0003793374   0.0004364854   0.0005498522
        0.0002351156   0.0012082397   0.0091342715   0.0140603725   0.0129985636
        0.1384436902   0.1234723553   0.0037723473  -0.0037575925  -0.0005651455
       -0.0005673437   0.0002543593  -0.0004947293   0.0003664264   0.0004061122
        0.0002873840  -0.0003168955   0.0001218444   0.0000813538   0.0000468206
       -0.0000706480   0.0000467603
       -0.0023237720  -0.0025427605  -0.0016190948  -0.0161373197  -0.1042193284
       -0.1982048658   0.0016782497  -0.0038013522  -0.0020503509  -0.0002172691
        0.0003883465   0.0003042953  -0.0006610655  -0.0001233018   0.0012598392
        0.0003839201   0.0003351773   0.0007750710  -0.0001534718   0.0002675306
        0.0000390691  -0.0021733135  -0.0140246296  -0.0291544698   0.0191759933
        0.1234723553   0.2264857434   0.0004234982  -0.0005606346   0.0012214425
       -0.0002449913   0.0004945291   0.0007808770   0.0004406975   0.0001525922
        0.0004397982  -0.0001753147   0.0002195326   0.0000438012  -0.0000158412
       -0.0000580564  -0.0003211556
        0.0007549437   0.0008522543   0.0007441681  -0.0009213415   0.0146096018
        0.0176434179  -0.0430232706  -0.0112021007  -0.0160620683  -0.0073018777
       -0.0181404037  -0.0226666424  -0.0005224105  -0.0001256286  -0.0003741384
       -0.0000243236  -0.0000468178   0.0000195348   0.0001851041  -0.0001907332
       -0.0001166384   0.0006014595  -0.0005664887   0.0002437734  -0.0032564704
        0.0037723473   0.0004234982   0.0560783359   0.0131196537   0.0193085511
        0.0014363255   0.0012075246   0.0021725676  -0.0054559995  -0.0034838564
       -0.0005414107   0.0005982563  -0.0001469873  -0.0004553091   0.0008512688
        0.0003416347  -0.0003393038
       -0.0008547254   0.0006644858   0.0001781184   0.0023814620  -0.0167936072
       -0.0197420673  -0.0115924828  -0.1182783703  -0.1041493928  -0.0051233804
       -0.0096556973  -0.0127699261   0.0003686899   0.0004074131   0.0002890120
        0.0000467657  -0.0000701704   0.0000465072  -0.0003189264   0.0001216564
        0.0000811052  -0.0005663482   0.0002534173  -0.0004921290   0.0037703428
       -0.0037575925  -0.0005606346   0.0131196537   0.1386498697   0.1235350670
        0.0012187429   0.0091342063   0.0140254895  -0.0032712676  -0.0011657910
       -0.0002974205   0.0004379343   0.0005520392   0.0002348902   0.0003835394
       -0.0000618591  -0.0003786193
       -0.0002194431   0.0003905656   0.0003069989   0.0016821944  -0.0038063327
       -0.0020491584  -0.0162605459  -0.1042659626  -0.1979841881  -0.0023158910
       -0.0025190720  -0.0015826280   0.0004401956   0.0001529211   0.0004405329
       -0.0000144390  -0.0000580973  -0.0003221253  -0.0001757505   0.0002202146
        0.0000433719  -0.0002438188   0.0004920219   0.0007760650   0.0004236562
       -0.0005651455   0.0012214425   0.0193085511   0.1235350670   0.2262284950
       -0.0022011618  -0.0140594731  -0.0291548029  -0.0006521181  -0.0001196482
        0.0012618812  -0.0001542651   0.0002682100   0.0000407043   0.0003828360
        0.0003347314   0.0007734111
        0.0007528603   0.0008433784  -0.0007367786  -0.0009264615   0.0146057159
       -0.0176576512  -0.0429987947  -0.0111003687   0.0159352744  -0.0072804195
       -0.0181120834   0.0226906530  -0.0000242216  -0.0000464722  -0.0000201275
       -0.0005178560  -0.0001249969   0.0003729178   0.0001849242  -0.0001912961
        0.0001180104  -0.0032560344   0.0037717643  -0.0004237815   0.0006045929
       -0.0005673437  -0.0002449913   0.0014363255   0.0012187429  -0.0022011618
        0.0560308571   0.0129936929  -0.0191771719   0.0008493326   0.0003421321
        0.0003377749   0.0006000753  -0.0001477033   0.0004564174  -0.0054551799
       -0.0034851623   0.0005506160
       -0.0008478397   0.0006613315  -0.0001777433   0.0023911207  -0.0167807691
        0.0197441442  -0.0114964361  -0.1181024514   0.1040975898  -0.0051056570
       -0.0096370943   0.0127826663   0.0000472447  -0.0000701971  -0.0000463518
        0.0003667142   0.0004042759  -0.0002873759  -0.0003166997   0.0001225137
       -0.0000820220   0.0037729892  -0.0037572478   0.0005652140  -0.0005672773
        0.0002543593   0.0004945291   0.0012075246   0.0091342063  -0.0140594731
        0.0129936929   0.1384456316  -0.1234744483   0.0003834454  -0.0000622145
        0.0003783270   0.0004393055   0.0005534187  -0.0002362310  -0.0032681274
       -0.0011657630   0.0003011751
        0.0002163924  -0.0003883728   0.0003052118  -0.0016783308   0.0038010047
       -0.0020499117   0.0161334747   0.1042166951  -0.1981963914   0.0023277965
        0.0025419502  -0.0016185577   0.0000151161   0.0000578416  -0.0003226589
       -0.0004396147  -0.0001519199   0.0004394568   0.0001753452  -0.0002193363
        0.0000437264  -0.0004236084   0.0005606992   0.0012220149   0.0002449889
       -0.0004947293   0.0007808770   0.0021725676   0.0140254895  -0.0291548029
       -0.0191771719  -0.1234744483   0.2264780557  -0.0003820382  -0.0003327248
        0.0007705656   0.0001533289  -0.0002691324   0.0000421256   0.0006617538
        0.0001269835   0.0012602887
        0.0000238886   0.0000512109   0.0001182271   0.0009035028  -0.0010453693
       -0.0008535127  -0.0066118667  -0.0177543775  -0.0231115430  -0.0452579792
       -0.0128375558  -0.0195307983   0.0001238423   0.0001163212   0.0001290765
        0.0000572379  -0.0000078306  -0.0000416297   0.0000430209   0.0000836653
        0.0000311774  -0.0000245778   0.0000472906   0.0000137437  -0.0005202485
        0.0003664264   0.0004406975  -0.0054559995  -0.0032712676  -0.0006521181
        0.0008493326   0.0003834454  -0.0003820382   0.0536781248   0.0176569977
        0.0230842518   0.0011939493   0.0146894297   0.0190439641   0.0009977724
        0.0015216135   0.0017105020
        0.0001963230   0.0000122711   0.0000351624   0.0008061479   0.0006852391
        0.0003671357  -0.0053929820  -0.0103515607  -0.0127267587  -0.0123946074
       -0.1220674206  -0.1101356194   0.0001162200  -0.0000084186   0.0000463753
       -0.0000077629  -0.0000502551   0.0000036043   0.0000363175   0.0000684238
        0.0000301066  -0.0000468330  -0.0000697635   0.0000577763  -0.0001266241
        0.0004061122   0.0001525922  -0.0034838564  -0.0011657910  -0.0001196482
        0.0003421321  -0.0000622145  -0.0003327248   0.0176569977   0.1399676228
        0.1297302530   0.0007732633  -0.0170032040  -0.0218904033   0.0015252640
        0.0096389590   0.0147821487
        0.0002051872   0.0000972339   0.0000206759   0.0003494367   0.0002213531
        0.0002137176  -0.0031299176  -0.0029549736  -0.0015414712  -0.0192639868
       -0.1100977236  -0.2036594267   0.0001287453   0.0000462561   0.0000255169
        0.0000419309  -0.0000029896   0.0000313995  -0.0000120210   0.0000597773
        0.0000115766  -0.0000205852  -0.0000460888  -0.0003238734  -0.0003724576
        0.0002873840   0.0004397982  -0.0005414107  -0.0002974205   0.0012618812
        0.0003377749   0.0003783270   0.0007705656   0.0230842518   0.1297302530
        0.2334748269   0.0009208310  -0.0025623514  -0.0020140953  -0.0017277789
       -0.0148590370  -0.0287110917
       -0.0013126923   0.0011234537   0.0000003512  -0.0055200224  -0.0032628301
        0.0000019555  -0.0255804950   0.0183360854  -0.0000090167  -0.1622358489
        0.1211450942  -0.0000900043   0.0000432842   0.0000364564  -0.0000117647
        0.0000426400   0.0000360865   0.0000118455  -0.0004510636  -0.0001796966
       -0.0000002302   0.0001853018  -0.0003189245   0.0001758714   0.0001847219
       -0.0003168955  -0.0001753147   0.0005982563   0.0004379343  -0.0001542651
        0.0006000753   0.0004393055   0.0001533289   0.0011939493   0.0007732633
        0.0009208310   0.1910679231  -0.1390320378   0.0001004859   0.0011839703
        0.0007827051  -0.0009240737
       -0.0005065342   0.0003746863  -0.0000002328  -0.0017852462  -0.0001169688
        0.0000016379  -0.0082138935   0.0080211411  -0.0000046020   0.1208840531
       -0.1635196607   0.0000864272   0.0000835286   0.0000680735   0.0000600488
        0.0000838513   0.0000682491  -0.0000599829  -0.0001797302  -0.0000321297
       -0.0000001826  -0.0001906790   0.0001222383  -0.0002201139  -0.0001912890
        0.0001218444   0.0002195326  -0.0001469873   0.0005520392   0.0002682100
       -0.0001477033   0.0005534187  -0.0002691324   0.0146894297  -0.0170032040
       -0.0025623514  -0.1390320378   0.1877454578  -0.0001046654   0.0146532377
       -0.0169551853   0.0025854072
        0.0000011467  -0.0000009355   0.0002062881   0.0000040859   0.0000022682
        0.0005434910   0.0000154023  -0.0000107660   0.0003178585  -0.0000907510
        0.0000860441  -0.0452777232   0.0000310297   0.0000300257   0.0000116092
       -0.0000312036  -0.0000302401   0.0000120936   0.0000003558   0.0000002577
       -0.0000078384   0.0001170014  -0.0000818939   0.0000433200  -0.0001174779
        0.0000813538   0.0000438012  -0.0004553091   0.0002348902   0.0000407043
        0.0004564174  -0.0002362310   0.0000421256   0.0190439641  -0.0218904033
       -0.0020140953   0.0001004859  -0.0001046654   0.0480918031  -0.0190751476
        0.0219202955  -0.0020534377
        0.0000242839   0.0000510577  -0.0001186962   0.0009014443  -0.0010474836
        0.0008546963  -0.0066009835  -0.0177104445   0.0231460259  -0.0452405180
       -0.0127447848   0.0194798994   0.0000569849  -0.0000080004   0.0000418362
        0.0001240343   0.0001159286  -0.0001285949   0.0000429190   0.0000837126
       -0.0000311076  -0.0005208433   0.0003691035  -0.0004392685  -0.0000239466
        0.0000468206  -0.0000158412   0.0008512688   0.0003835394   0.0003828360
       -0.0054551799  -0.0032681274   0.0006617538   0.0009977724   0.0015252640
       -0.0017277789   0.0011839703   0.0146532377  -0.0190751476   0.0536587933
        0.0175501766  -0.0230306128
        0.0001959490   0.0000119971  -0.0000349417   0.0008043897   0.0006849023
       -0.0003686895  -0.0053842913  -0.0103275694   0.0127449083  -0.0123007550
       -0.1216229174   0.1099748592  -0.0000080554  -0.0000506552  -0.0000031142
        0.0001160662  -0.0000082490  -0.0000464099   0.0000362835   0.0000677687
       -0.0000301122  -0.0001239453   0.0004058475  -0.0001522365  -0.0000466090
       -0.0000706480  -0.0000580564   0.0003416347  -0.0000618591   0.0003347314
       -0.0034851623  -0.0011657630   0.0001269835   0.0015216135   0.0096389590
       -0.0148590370   0.0007827051  -0.0169551853   0.0219202955   0.0175501766
        0.1394533718  -0.1295491805
       -0.0002054020  -0.0000972018   0.0000216955  -0.0003507640  -0.0002205882
        0.0002115806   0.0031388654   0.0029800601  -0.0015839307   0.0192152793
        0.1099421633  -0.2041188782  -0.0000415756   0.0000036914   0.0000311783
       -0.0001289351  -0.0000464961   0.0000255360   0.0000116036  -0.0000602603
        0.0000118471   0.0003747060  -0.0002890596   0.0004404524   0.0000190946
        0.0000467603  -0.0003211556  -0.0003393038  -0.0003786193   0.0007734111
        0.0005506160   0.0003011751   0.0012602887   0.0017105020   0.0147821487
       -0.0287110917  -0.0009240737   0.0025854072  -0.0020534377  -0.0230306128
       -0.1295491805   0.2340125041
