           1           2   1.01944595749404     
           2           3   1.00869964654182     
           3           4   1.01944600676672     
           1           5  0.988010519088039     
           1           6  0.988025949257732     
           1           7  0.987620898595884     
           2           8  0.978622801956949     
           2           9  0.978629848258937     
           3          10  0.978620540722097     
           3          11  0.978633485728317     
           4          12  0.988017497310101     
           4          13  0.987621000493142     
           4          14  0.988018059423071     
