   -0.09984529
   -0.05200065
   -0.05712120
   -0.05695560
   -0.05693325
   -0.05682824
   -0.05755427
   -0.05636702
   -0.05744931
   -0.05854050
   -0.05885918
   -0.05765861
   -0.05648214
   -0.05716710
   -0.05686968
   -0.05707155
   -0.05271935
   -0.10207425
    0.03701876
    0.03054802
    0.03164374
    0.02509211
    0.03041919
    0.02629412
    0.02809280
    0.03166747
    0.02588388
    0.02747749
    0.03210301
    0.02549895
    0.02537769
    0.03477008
    0.02704548
    0.02876831
    0.02598059
    0.02721461
    0.02745981
    0.03661657
    0.02480998
    0.02491948
    0.03766581
    0.02743631
    0.02769361
    0.02917643
    0.02610016
    0.03356080
    0.02732606
    0.02620754
    0.02623134
    0.02800482
    0.02869251
    0.02734290
    0.02991536
    0.03129912
    0.03216086
    0.03498141
