           1           2   1.01997826377793     
           2           3   1.00764278796085     
           3           4   1.00689025024463     
           4           5   1.00781356669859     
           5           6   1.00658467904526     
           6           7   1.00659252198297     
           7           8   1.00806856303280     
           8           9   1.00644390020006     
           9          10   1.00680545280581     
          10          11   1.00930247878671     
          11          12   1.00680466027407     
          12          13   1.00667376440952     
          13          14   1.00804614298563     
          14          15   1.00659686744469     
          15          16   1.00705345880420     
          16          17   1.00766132478649     
          17          18   1.01911576600448     
           1          19  0.984557100965160     
           1          20  0.987764528676384     
           1          21  0.986895709870487     
           2          22  0.978615988247774     
           2          23  0.976831831553489     
           3          24  0.977738051038050     
           3          25  0.977422002039530     
           4          26  0.975979553860699     
           4          27  0.976851475889385     
           5          28  0.977369094806497     
           5          29  0.975709210852747     
           6          30  0.977685275016218     
           6          31  0.977438076146001     
           7          32  0.972645394145942     
           7          33  0.977584183507754     
           8          34  0.974037611116152     
           8          35  0.976983384160879     
           9          36  0.977599470653391     
           9          37  0.977859836124762     
          10          38  0.969570066238151     
          10          39  0.977770914367389     
          11          40  0.977969734519938     
          11          41  0.969337287446941     
          12          42  0.977436896755654     
          12          43  0.977636023513990     
          13          44  0.973646785473582     
          13          45  0.976926273510787     
          14          46  0.972829192280537     
          14          47  0.977297404317893     
          15          48  0.977214901081194     
          15          49  0.977830291627485     
          16          50  0.977529713899536     
          16          51  0.977321677846461     
          17          52  0.978394436741849     
          17          53  0.978128394050383     
          18          54  0.987540405479070     
          18          55  0.987996817932292     
          18          56  0.986676229338367     
