   -0.10203608
   -0.05281191
   -0.05892380
   -0.05824126
   -0.05821410
   -0.05877527
   -0.05807892
   -0.05812985
   -0.05870143
   -0.05836542
   -0.05810582
   -0.05810205
   -0.05833202
   -0.05896317
   -0.05281637
   -0.10205934
    0.03317655
    0.03315524
    0.03251690
    0.02843546
    0.02839357
    0.02955120
    0.02963746
    0.02842722
    0.02836190
    0.02854362
    0.02807792
    0.02929343
    0.03144689
    0.02842901
    0.02961500
    0.02957708
    0.02858447
    0.03126821
    0.02952991
    0.02857816
    0.02821280
    0.02879758
    0.02895093
    0.02893067
    0.02892779
    0.02847926
    0.02852000
    0.02972755
    0.02967767
    0.02846947
    0.02842922
    0.03254883
    0.03318271
    0.03320315
