           1           2   1.01916012437711     
           2           3   1.00769446437122     
           3           4   1.00708269268929     
           4           5   1.00686508554521     
           5           6   1.00664681245806     
           6           7   1.00795405001343     
           7           8   1.00599119246115     
           8           9   1.00789692920348     
           9          10   1.00665185305378     
          10          11   1.00680084111162     
          11          12   1.00679430728753     
          12          13   1.00678957713259     
          13          14   1.00708580577363     
          14          15   1.00772287347063     
          15          16   1.01914421995660     
           1          17  0.987998585706217     
           1          18  0.988010115245049     
           1          19  0.987536152933348     
           2          20  0.978595784224120     
           2          21  0.978633074086650     
           3          22  0.977564345709113     
           3          23  0.977533719048453     
           4          24  0.977548803720870     
           4          25  0.977427245868938     
           5          26  0.977549498062948     
           5          27  0.977542838373644     
           6          28  0.977385699452120     
           6          29  0.975212655534471     
           7          30  0.977236009704006     
           7          31  0.977239513524887     
           8          32  0.977401347065503     
           8          33  0.977140595213344     
           9          34  0.975320220804399     
           9          35  0.977273585799611     
          10          36  0.977604465652349     
          10          37  0.977430439988400     
          11          38  0.977475842805650     
          11          39  0.977487359666678     
          12          40  0.977554715477289     
          12          41  0.977522991274626     
          13          42  0.977532781451596     
          13          43  0.977493466109986     
          14          44  0.977490662381322     
          14          45  0.977520350280217     
          15          46  0.978605478412428     
          15          47  0.978646864294407     
          16          48  0.987541008558821     
          16          49  0.987997885575933     
          16          50  0.987994512089501     
