$coord
         -6.547624329700         -1.517243149299         -0.205273601515     c 
         -4.666948077285          0.584778028255          0.344031540206     c 
         -1.941342551076         -0.158675907578         -0.291103046265     c 
         -0.047025768643          1.941044673197          0.315011111211     c 
          2.643205971663          1.405532470726         -0.613999090210     c 
          3.895736297134         -0.886445428324          0.630821436280     c 
          6.652635244190         -1.186193178445         -0.149230513798     c 
         -6.132248528971         -3.200288582317          0.912385137827     h 
         -8.490568755165         -0.965248444727          0.226524939110     h 
         -6.488414134613         -2.069171853492         -2.193332355022     h 
         -5.172244368173          2.297954871492         -0.724066850681     h 
         -4.782767834733          1.151503417021          2.342519858469     h 
         -1.441684449366         -1.891628831141          0.738833565524     h 
         -1.802858780251         -0.660353156899         -2.299975121947     h 
         -0.030469457815          2.290518874337          2.364340393236     h 
         -0.732230442404          3.716057477035         -0.531657796482     h 
          3.833667140761          3.075710025975         -0.290475964897     h 
          2.635812353501          1.151551107279         -2.671552378120     h 
          3.752751640537         -0.705633797454          2.691930547431     h 
          2.830039227309         -2.605484013618          0.164990469545     h 
          7.597125042183         -2.703174560449          0.875772920779     h 
          7.721929413596          0.540215411562          0.194278934435     h 
          6.837575726516         -1.600899682840         -2.161094597867     h 
$end
