   27
         10          1         10
          8         11         18
          7         19         25
          2         26         27
          5         28         32
          1         33         33
          1         34         34
          6         35         40
          6         41         46
          6         47         52
          5         53         57
          1         58         58
          4         59         62
          3         63         65
          3         66         68
          1         69         69
          1         70         70
          4         71         74
          1         75         75
          8         76         83
          2         84         85
          1         86         86
          3         87         89
          1         90         90
          1         91         91
          1         92         92
          1         93         93
