           1           2   1.01908491558720     
           2           3   1.00773453477216     
           3           4   1.00693267474564     
           4           5   1.00791422338571     
           5           6   1.00599723341106     
           6           7   1.00817812169889     
           7           8   1.00765013099799     
           8           9   1.01907515051876     
           1          10  0.987561726438319     
           1          11  0.988056491608756     
           1          12  0.988010776687819     
           2          13  0.978734619379011     
           2          14  0.978595772090659     
           3          15  0.977577473381596     
           3          16  0.977556960069996     
           4          17  0.977404852377884     
           4          18  0.975497195946156     
           5          19  0.977460224756678     
           5          20  0.977240063468313     
           6          21  0.977232515895143     
           6          22  0.977413296375445     
           7          23  0.975465114374917     
           7          24  0.977383636524416     
           8          25  0.978705930029740     
           8          26  0.978640666810278     
           9          27  0.987597792187427     
           9          28  0.987985901779951     
           9          29  0.988066716466900     
