$coord
         10.030064402994          2.768039462051          1.035908370666     c 
          7.203322985005          2.248923170281          1.032837376081     c 
          6.499609544257         -0.128531247734         -0.452202523971     c 
          3.655105116006         -0.633774892179         -0.447572055156     c 
          2.917829117411         -3.100195126865         -1.767710084141     c 
          0.059985648665         -3.567137503414         -1.761613197438     c 
         -1.005780109863         -4.057603707499          0.879108130988     c 
         -3.890774780836         -4.227175903779          0.964496352508     c 
         -5.232783770414         -1.749073856651          0.278206113392     c 
         -4.380717926163          0.498526004122          1.889235965657     c 
         -6.079842123601          2.830830787967          1.650855822111     c 
         -6.349456072999          3.840670938884         -1.051846971467     c 
         -3.864740243751          4.734492884672         -2.182631662404     c 
         10.507818005067          4.429269413996          2.160865936492     h 
         10.739063165904          3.084730122946         -0.875514480346     h 
         11.078216688676          1.173531126224          1.815958679895     h 
          6.508203771455          2.068390609604          2.980411643350     h 
          6.179099617773          3.875184712208          0.248961411532     h 
          7.500400700514         -1.761520719541          0.345437077549     h 
          7.186487272337          0.022828910864         -2.403337005260     h 
          2.654365154693          0.960040792191         -1.327038909231     h 
          2.989022084774         -0.659335274535          1.515946256459     h 
          3.885228748870         -4.695462115851         -0.851970437278     h 
          3.637756839173         -3.068023883906         -3.719769618974     h 
         -0.412612709964         -5.170574617473         -2.986425266460     h 
         -0.892961295427         -1.938903018811         -2.611773720965     h 
         -0.383170286456         -2.565941154199          2.166435506318     h 
         -0.159660057955         -5.791773138740          1.638680252625     h 
         -4.526091410277         -5.749577043806         -0.294953881427     h 
         -4.493202352837         -4.806375494480          2.864850636817     h 
         -7.286882983785         -1.987455279163          0.464523412249     h 
         -4.933849479851         -1.320465958798         -1.728593091472     h 
         -4.288350334064         -0.095447632614          3.876537588747     h 
         -2.431766408292          1.009222797858          1.398177155043     h 
         -5.341025110376          4.346652687419          2.866685368906     h 
         -7.956788333459          2.387111282711          2.427245138992     h 
         -7.720333729949          5.403337954658         -1.064338975186     h 
         -7.195817743189          2.382768119325         -2.261631715240     h 
         -2.510933642727          3.193166524767         -2.393527259278     h 
         -4.130063853273          5.565965135199         -4.058550483254     h 
         -2.980445282739          6.167698676432         -0.992574313189     h 
$end
