           1           2   1.02630243222279     
           2           3   1.01281603405650     
           3           4   1.01154185972184     
           4           5   1.01266747500212     
           5           6   1.01212997593281     
           6           7   1.01255063993126     
           7           8   1.01083781373531     
           8           9   1.01283786854294     
           9          10   1.01078361356878     
          10          11   1.01285720106728     
          11          12   1.01107098439053     
          12          13   1.02649888480387     
           1          14  0.982476165005624     
           1          15  0.981101342263154     
           1          16  0.980816853802512     
           2          17  0.975842849043479     
           2          18  0.973740685554404     
           3          19  0.975622223174117     
           3          20  0.974547601002251     
           4          21  0.974628174975722     
           4          22  0.975668227181923     
           5          23  0.974229057010576     
           5          24  0.972556024367329     
           6          25  0.972188630274087     
           6          26  0.974205207378768     
           7          27  0.975667165714431     
           7          28  0.974728525595379     
           8          29  0.972322998325905     
           8          30  0.974374928381442     
           9          31  0.974536432098143     
           9          32  0.973222499053903     
          10          33  0.974476053108185     
          10          34  0.973239450906359     
          11          35  0.972719671211478     
          11          36  0.974509594170510     
          12          37  0.975849050749170     
          12          38  0.977341619672965     
          13          39  0.978323960097228     
          13          40  0.981078753140616     
          13          41  0.982105977460425     
