$hessian                                                                        
        0.4808903996  -0.0101229024  -0.0281027272  -0.1569649147  -0.0203944544
       -0.0601596753  -0.0173763080  -0.0093441833  -0.0072052188  -0.0010636828
       -0.0023015244   0.0012841081   0.0000107602  -0.0001084992  -0.0001094120
        0.0000649455  -0.0000582505  -0.0000157358   0.0000174788  -0.0000017604
        0.0000168894  -0.0590225919   0.0126412973   0.0588448055  -0.0921827920
       -0.0861679511   0.0439653620  -0.1364381260   0.1161386963   0.0046897059
        0.0034361515   0.0000932653   0.0004845420  -0.0219762298  -0.0014613893
       -0.0128287320   0.0002499426   0.0003801649  -0.0004711040   0.0010720935
        0.0010657868  -0.0002291645  -0.0001118989  -0.0000082018   0.0001620610
       -0.0006382934  -0.0003162060  -0.0005015505   0.0000694791  -0.0000402909
        0.0001245901   0.0000250841  -0.0000162425   0.0001142627  -0.0000553291
        0.0000044300  -0.0000571710  -0.0000103700   0.0000352693  -0.0000217704
        0.0000164711   0.0000157254   0.0000234396  -0.0000234871   0.0000002794
       -0.0000087446   0.0000112179  -0.0000330584   0.0000012397
       -0.0101229024   0.5218918529  -0.0083223132  -0.0206864402  -0.0704275535
       -0.0160803371  -0.0217563618  -0.0091430921  -0.0105148306  -0.0024809569
       -0.0036963769   0.0018347768   0.0002205052  -0.0000854787   0.0001067939
       -0.0000165961   0.0000275151  -0.0000371203  -0.0000104007   0.0000173530
        0.0000110514   0.0126920021  -0.0543879439  -0.0432286914  -0.0863307823
       -0.1980890448   0.0749810515   0.1166348153  -0.1891657055  -0.0037864301
       -0.0058154544  -0.0010169368  -0.0052970300   0.0198635099   0.0033913619
        0.0121804323   0.0001795025   0.0004046137  -0.0004912558  -0.0012131438
        0.0006834681  -0.0007134905   0.0000373722   0.0000148819   0.0001307467
       -0.0011533112  -0.0006308504  -0.0006243662  -0.0000908063   0.0000120057
       -0.0001553429   0.0000199738   0.0001629740  -0.0000294908  -0.0000205075
       -0.0000314392   0.0000840922   0.0000687235   0.0000264505  -0.0000381446
        0.0000139789   0.0000042774   0.0000008362  -0.0000037015   0.0000096719
       -0.0000004028  -0.0000290180   0.0000279957  -0.0000105347
       -0.0281027272  -0.0083223132   0.5047611017  -0.0595128123  -0.0156026618
       -0.1065130509   0.0057661162   0.0009046549   0.0048516304   0.0011237225
        0.0014951369  -0.0002950132   0.0000205128   0.0001118482  -0.0000649211
        0.0000523549  -0.0000144152   0.0000545955   0.0000100814  -0.0000018239
        0.0000099049   0.0583116127  -0.0434530736  -0.2574315968   0.0441591634
        0.0751289711  -0.0805578639   0.0045878678  -0.0040462984  -0.0451181121
       -0.0250304308  -0.0074122119  -0.0208980215  -0.0029431071   0.0003232611
       -0.0003832301   0.0007887897   0.0006287571   0.0007495222   0.0004776817
        0.0000415291   0.0003167179   0.0000025433   0.0001087010   0.0001392996
        0.0003378936   0.0003097729   0.0003295301  -0.0000101460  -0.0001494157
       -0.0000132903   0.0000244684  -0.0000476985   0.0000407427  -0.0000170109
       -0.0000037357   0.0000064522  -0.0000416415   0.0000182040   0.0000257961
       -0.0000108301   0.0000003426  -0.0000015742   0.0000078550  -0.0000044674
       -0.0000174292  -0.0000019573  -0.0000130635   0.0000088100
       -0.1569649147  -0.0206864402  -0.0595128123   0.4832112011  -0.0376059307
       -0.0133451428  -0.0903546462  -0.0441295647   0.0263751470  -0.0148276689
       -0.0203971659   0.0054638249   0.0005508952   0.0000398743   0.0000189321
        0.0000564170  -0.0001253985  -0.0001442266   0.0000682490  -0.0000321174
        0.0000444493   0.0045055784   0.0003300571  -0.0000519862  -0.0154570942
       -0.0061571380  -0.0081188653  -0.0218691004  -0.0006466462  -0.0125428187
       -0.0592180569   0.0144333456   0.0575178184  -0.1267348425   0.1129198243
        0.0053939768  -0.0061129428  -0.0098435569   0.0074459768   0.0070459875
        0.0139431978  -0.0071573463   0.0007259926   0.0006467117   0.0008500110
       -0.0035012546  -0.0022413972  -0.0023309652  -0.0010475877  -0.0005486241
       -0.0003467399   0.0001121730  -0.0001432343   0.0001685818  -0.0001872610
        0.0000409168   0.0002630508   0.0000394827   0.0000897801   0.0000208517
        0.0000342212   0.0000290130   0.0000359427  -0.0000284683   0.0000179954
       -0.0000100281  -0.0000463596   0.0000664979  -0.0000376320
       -0.0203944544  -0.0704275535  -0.0156026618  -0.0376059307   0.4994802866
        0.0136472460  -0.0428100778  -0.1485156499   0.0411827679  -0.0096219525
       -0.0093540939   0.0004977230  -0.0000131161   0.0004686296  -0.0001604213
        0.0001825810  -0.0001790198   0.0001102876   0.0000409111   0.0000234839
       -0.0000328508  -0.0056596912  -0.0013540724  -0.0051438328  -0.0218375136
       -0.0071730523  -0.0123252567   0.0197721598   0.0035977921   0.0124738582
        0.0145605216  -0.0540181464  -0.0417318245   0.1128009438  -0.1881451654
       -0.0053621960   0.0001466527   0.0025862268   0.0006527046  -0.0090087880
       -0.0271992733   0.0117028617   0.0004073687   0.0003263828   0.0004920638
       -0.0014775246   0.0000535109  -0.0008116610   0.0003409993   0.0000417735
        0.0005588079   0.0001691864  -0.0001725106   0.0000187823   0.0000789790
        0.0002199258  -0.0002542753  -0.0001117128  -0.0001339534   0.0000424719
       -0.0000232449  -0.0000295947  -0.0000143922   0.0000042206  -0.0000038925
        0.0000000099   0.0000594825  -0.0000920339   0.0000597876
       -0.0601596753  -0.0160803371  -0.1065130509  -0.0133451428   0.0136472460
        0.5138449235   0.0252554940   0.0405065294  -0.0874992294  -0.0059863188
       -0.0113480257   0.0056060082   0.0000083401  -0.0000158888   0.0000531856
       -0.0000074269  -0.0000571193  -0.0002154923   0.0000370613  -0.0000132880
        0.0000604690  -0.0246881664  -0.0074210023  -0.0215934393   0.0077167096
        0.0019477947   0.0054150486  -0.0025406141   0.0015335031  -0.0003632463
        0.0579191983  -0.0414096830  -0.2458265579   0.0051707443  -0.0048702304
       -0.0461970439   0.0148720434   0.0231727265  -0.0160839249   0.0003286320
        0.0035121493  -0.0003911735  -0.0010143534  -0.0010149764   0.0006855034
       -0.0032261096  -0.0018832007  -0.0012289002  -0.0003036677  -0.0001111686
        0.0001477718  -0.0001351701  -0.0001284809   0.0000712639   0.0001494501
        0.0000283991   0.0000065478  -0.0000378386  -0.0000144219   0.0000104942
        0.0000027391  -0.0000194969  -0.0000039461  -0.0000284853   0.0000163586
        0.0000263002   0.0000125571   0.0000226133  -0.0000115114
       -0.0173763080  -0.0217563618   0.0057661162  -0.0903546462  -0.0428100778
        0.0252554940   0.4825768184  -0.0311543375  -0.0198198640  -0.1369716833
       -0.0303689949  -0.0540684463  -0.0215740830  -0.0018038757  -0.0130386384
        0.0005501149  -0.0000208275   0.0000278625   0.0000062838  -0.0001538788
       -0.0001697683   0.0008680931   0.0003170367   0.0008260482  -0.0043818312
       -0.0020335579  -0.0024392659   0.0004989723  -0.0009486271   0.0005874472
       -0.0057327541  -0.0087409606   0.0071535539   0.0077228806   0.0132298132
       -0.0062524964  -0.0664107089   0.0176562511   0.0682536701  -0.1372366857
        0.1127447336  -0.0049562221   0.0049620139   0.0017228417   0.0017664564
       -0.0135976506  -0.0083546537  -0.0083951928   0.0007496204  -0.0006879778
        0.0003737945  -0.0031681520   0.0028324616  -0.0008253774  -0.0009932326
        0.0003483461  -0.0001042834  -0.0001404353  -0.0000627617   0.0000222116
       -0.0000122893   0.0000762471   0.0000029349   0.0000442066   0.0000061573
        0.0000252325  -0.0000285436  -0.0000369957   0.0000087330
       -0.0093441833  -0.0091430921   0.0009046549  -0.0441295647  -0.1485156499
        0.0405065294  -0.0311543375   0.4930168119   0.0136253673  -0.0263321527
       -0.0769003770  -0.0214992490   0.0134871774   0.0068591785   0.0102333788
       -0.0000696940   0.0001357940   0.0001102015   0.0001638572   0.0000305333
        0.0000114125   0.0004065103   0.0002727280   0.0004554662  -0.0012104977
        0.0000854163  -0.0007233877   0.0013794363   0.0010300943   0.0002340396
       -0.0002112678   0.0023364709   0.0009764048  -0.0098625286  -0.0261874136
        0.0110312387   0.0172710761  -0.0546042548  -0.0450210828   0.1125699514
       -0.1728208897   0.0079051080  -0.0061629760  -0.0024202230  -0.0065251704
       -0.0212209904  -0.0112582323  -0.0136081672  -0.0001197553   0.0004450815
        0.0003106655   0.0038950627  -0.0021851080   0.0011185887   0.0006157538
       -0.0000943659  -0.0000161344   0.0000396691  -0.0000417022  -0.0000253753
       -0.0000045867  -0.0000574619  -0.0000033691  -0.0000105668  -0.0000056459
       -0.0000249596   0.0000046073   0.0000223076   0.0000238396
       -0.0072052188  -0.0105148306   0.0048516304   0.0263751470   0.0411827679
       -0.0874992294  -0.0198198640   0.0136253673   0.5110015156  -0.0535847689
       -0.0235347144  -0.1088130092  -0.0060762048   0.0017767619  -0.0018018963
       -0.0000014991   0.0002541015   0.0003831701   0.0000037345   0.0000226508
       -0.0001830952  -0.0008752830  -0.0008203532   0.0007347118  -0.0033876063
       -0.0014976198  -0.0009548212   0.0000194986  -0.0005255903   0.0002575108
        0.0154203597   0.0234087606  -0.0163297827  -0.0000520492   0.0018616979
        0.0001207024   0.0685313107  -0.0448189287  -0.2389883691  -0.0047071267
        0.0076411836  -0.0460372545  -0.0218820383  -0.0113924339  -0.0228355233
        0.0067960486   0.0035896650   0.0055832089   0.0000913732  -0.0000115866
       -0.0000171670  -0.0003600531   0.0003749629   0.0006162197   0.0005089384
       -0.0007182432   0.0000661994   0.0001828782   0.0001325500  -0.0000597632
       -0.0000395333  -0.0000242970  -0.0000438596   0.0001065708  -0.0000477949
       -0.0000668844  -0.0000446142   0.0000359232   0.0000157861
       -0.0010636828  -0.0024809569   0.0011237225  -0.0148276689  -0.0096219525
       -0.0059863188  -0.1369716833  -0.0263321527  -0.0535847689   0.4707823680
        0.0136651294  -0.0274377979  -0.1296210875   0.0592121499  -0.0103231134
       -0.0127787497   0.0106890473   0.0040412776  -0.0008251296   0.0007026218
        0.0024499127  -0.0000853245  -0.0000129680   0.0001703458  -0.0006360179
       -0.0002823238  -0.0005026256   0.0002005748  -0.0000988446   0.0000424689
        0.0002734332   0.0003023973  -0.0006331826   0.0003353753   0.0005265409
       -0.0001299090   0.0056970846   0.0009799862   0.0022495061  -0.0216847754
       -0.0037296599  -0.0149774697  -0.0683328847   0.0155924244   0.0718821028
       -0.0752194249  -0.0719083409   0.0377893783   0.0065344014  -0.0039266811
        0.0007844849  -0.0218484922   0.0161726237  -0.0060327270   0.0002843794
       -0.0002597697  -0.0004725436   0.0002178704   0.0003290882  -0.0005805830
        0.0001978626   0.0000134561   0.0000855761  -0.0005374542   0.0005732824
       -0.0000663921  -0.0000909742  -0.0001050974   0.0001086559
       -0.0023015244  -0.0036963769   0.0014951369  -0.0203971659  -0.0093540939
       -0.0113480257  -0.0303689949  -0.0769003770  -0.0235347144   0.0136651294
        0.4901536766  -0.0140216088   0.0622271357  -0.1261655595   0.0106992773
        0.0090175561  -0.0069311880  -0.0030731721   0.0004607713  -0.0000927223
       -0.0013263609   0.0000161154  -0.0000165488   0.0001441977  -0.0012142382
       -0.0002837717  -0.0005676126   0.0001225854  -0.0001226734   0.0001107719
        0.0003462917   0.0007370490  -0.0005436674   0.0002075104   0.0001421595
       -0.0003906907  -0.0058130364  -0.0021409738  -0.0063390014   0.0172857077
        0.0044086380   0.0120259999   0.0156599879  -0.0557197911  -0.0446930293
       -0.0716557702  -0.1973444576   0.0763380254   0.0190388140  -0.0228906940
        0.0053423467  -0.0054187174   0.0053098381  -0.0011761419  -0.0001354378
       -0.0000005880   0.0001754169  -0.0010076399   0.0008962869   0.0007762672
       -0.0001100790  -0.0000592663  -0.0001373899   0.0003566851  -0.0000765717
        0.0001285867   0.0000183139   0.0001480061  -0.0000846113
        0.0012841081   0.0018347768  -0.0002950132   0.0054638249   0.0004977230
        0.0056060082  -0.0540684463  -0.0214992490  -0.1088130092  -0.0274377979
       -0.0140216088   0.5159293197  -0.0076403686   0.0085714207  -0.0668327779
        0.0187862981  -0.0159714998   0.0011213648   0.0023827784  -0.0016787236
       -0.0041405322  -0.0000235786   0.0000456869   0.0000854125   0.0005746995
        0.0003500984   0.0003369049   0.0000094596  -0.0000897800  -0.0000480198
        0.0011014401   0.0007780076   0.0007189324  -0.0000121105   0.0000042809
        0.0001770219  -0.0219959145  -0.0098805513  -0.0215826287  -0.0047668172
       -0.0006037081  -0.0023861828   0.0714799604  -0.0453110968  -0.2322455381
        0.0375289147   0.0770008067  -0.0836817246  -0.0089534970   0.0103133097
       -0.0016427066  -0.0150827918   0.0113597880  -0.0031381685  -0.0001851432
       -0.0002370952   0.0003513661   0.0004007247  -0.0006715665   0.0006270581
       -0.0001001326   0.0000705781  -0.0001082446   0.0012738228  -0.0008831367
        0.0000323237  -0.0000194330   0.0000215390  -0.0000711660
        0.0000107602   0.0002205052   0.0000205128   0.0005508952  -0.0000131161
        0.0000083401  -0.0215740830   0.0134871774  -0.0060762048  -0.1296210875
        0.0622271357  -0.0076403686   0.4880453589   0.0368146846   0.0112597832
       -0.0860561891   0.0076402261   0.0449767035  -0.0152837894   0.0097930370
        0.0201962534  -0.0000251099   0.0000211142   0.0000360270   0.0000391596
       -0.0000296933   0.0000117178  -0.0000155326  -0.0000520409  -0.0000599900
       -0.0001455212   0.0000355393   0.0000703086  -0.0010680788  -0.0000849040
       -0.0003269003   0.0007917115   0.0001260658   0.0007586899  -0.0035608157
       -0.0009158667  -0.0027592078  -0.0115634878   0.0115687644   0.0015618682
        0.0057736404  -0.0040605232  -0.0001058190  -0.0731658848  -0.0703325207
        0.0341851002  -0.1522697070  -0.0651595786  -0.0937564013   0.0075290013
       -0.0045062542  -0.0162044561  -0.0056594377   0.0005343141   0.0122979459
        0.0004628263   0.0001731613   0.0011443686  -0.0040011567   0.0033533032
        0.0001984788   0.0008065278  -0.0008405307   0.0002032500
       -0.0001084992  -0.0000854787   0.0001118482   0.0000398743   0.0004686296
       -0.0000158888  -0.0018038757   0.0068591785   0.0017767619   0.0592121499
       -0.1261655595   0.0085714207   0.0368146846   0.5123988421  -0.0080581240
        0.0076511560  -0.0728147284  -0.0244861920   0.0116187997  -0.0066991216
       -0.0152144339   0.0000373653   0.0000442753   0.0000130060  -0.0000827058
       -0.0000731339   0.0000118419   0.0000299240  -0.0000623621  -0.0000168841
       -0.0001496480   0.0000040551   0.0000996708  -0.0007559213  -0.0003033719
       -0.0004552208  -0.0000240644   0.0003065777   0.0000437104  -0.0019637852
        0.0004465253  -0.0013372548   0.0084202690  -0.0073024577  -0.0010391910
        0.0191112876  -0.0246454135   0.0050479942  -0.0702964522  -0.2007400417
        0.0813252848  -0.0652568145  -0.0800294811  -0.0522290006   0.0049933204
       -0.0041731142  -0.0154086222  -0.0104492120   0.0037403898   0.0224704550
       -0.0009017090   0.0004763983  -0.0000753599   0.0035155080  -0.0020376236
       -0.0002310234   0.0003483483   0.0003870161  -0.0009047986
       -0.0001094120   0.0001067939  -0.0000649211   0.0000189321  -0.0001604213
        0.0000531856  -0.0130386384   0.0102333788  -0.0018018963  -0.0103231134
        0.0106992773  -0.0668327779   0.0112597832  -0.0080581240   0.4859877596
        0.0466788885  -0.0252739052  -0.1674273854   0.0031322252  -0.0026345831
        0.0003307607  -0.0000312514   0.0000052368  -0.0000127820   0.0000733377
        0.0000269393   0.0000065200  -0.0000222663   0.0000056520  -0.0000356653
        0.0000752122  -0.0000601753  -0.0001002962  -0.0000863072   0.0002041089
        0.0003407080   0.0001576560   0.0004093734   0.0000873702  -0.0032536371
       -0.0005932871  -0.0016207449   0.0199349890  -0.0196006545  -0.0003999916
       -0.0084725016   0.0112227818  -0.0014482331   0.0346422327   0.0810730984
       -0.0860955595  -0.0934495340  -0.0519650462  -0.1237799625   0.0061538999
       -0.0072672112  -0.0216928877   0.0095082063  -0.0002292761  -0.0178055418
       -0.0010149238   0.0007953976   0.0008765101  -0.0009995550   0.0006165828
        0.0007915705  -0.0008342227   0.0004440631   0.0006442605
        0.0000649455  -0.0000165961   0.0000523549   0.0000564170   0.0001825810
       -0.0000074269   0.0005501149  -0.0000696940  -0.0000014991  -0.0127787497
        0.0090175561   0.0187862981  -0.0860561891   0.0076511560   0.0466788885
        0.4889611165   0.0359605665   0.0205712493  -0.1508775993   0.0623036889
       -0.0177478178  -0.0000542466  -0.0000075650  -0.0000807528  -0.0000292566
       -0.0000008631  -0.0000194226   0.0000325170  -0.0000505308  -0.0000016685
        0.0000409969  -0.0000808519  -0.0000659254  -0.0002062538  -0.0002181774
        0.0001659815  -0.0010083493   0.0007208885   0.0002151309   0.0001087159
       -0.0000532116   0.0002055206  -0.0030704731   0.0033196054   0.0003956227
        0.0006504274  -0.0010702326  -0.0000289857  -0.0060203071   0.0010541236
        0.0134277729   0.0067619676  -0.0041726940  -0.0173673327  -0.1420784590
       -0.0760446652  -0.0877525506  -0.0642700099  -0.0595652256   0.0294122204
       -0.0225139484   0.0122415771  -0.0069224590  -0.0137012464   0.0102949150
        0.0002136715   0.0054378695  -0.0013963508  -0.0001288700
       -0.0000582505   0.0000275151  -0.0000144152  -0.0001253985  -0.0001790198
       -0.0000571193  -0.0000208275   0.0001357940   0.0002541015   0.0106890473
       -0.0069311880  -0.0159714998   0.0076402261  -0.0728147284  -0.0252739052
        0.0359605665   0.5171994758  -0.0067243259   0.0626220760  -0.1150997180
        0.0133122348  -0.0000459334  -0.0000003717  -0.0000424762   0.0000223063
        0.0000210917  -0.0000026391   0.0000087734  -0.0000288449  -0.0000196989
        0.0000905308  -0.0000329547  -0.0000940649  -0.0001460442   0.0000067210
        0.0002219112   0.0001060207   0.0002814776  -0.0003552037  -0.0000206794
       -0.0000778494  -0.0002230832   0.0034879956  -0.0024794578  -0.0003213213
        0.0004715495   0.0003138529  -0.0010013378  -0.0102653404   0.0036864105
        0.0223544427   0.0042091665  -0.0036828236  -0.0147552902  -0.0757683337
       -0.0986634472  -0.0624131302  -0.0599341103  -0.2028934933   0.0861183260
       -0.0086528021   0.0079379953  -0.0013422785   0.0082349352  -0.0057022240
       -0.0003664700   0.0214945259  -0.0210242132   0.0067172431
       -0.0000157358  -0.0000371203   0.0000545955  -0.0001442266   0.0001102876
       -0.0002154923   0.0000278625   0.0001102015   0.0003831701   0.0040412776
       -0.0030731721   0.0011213648   0.0449767035  -0.0244861920  -0.1674273854
        0.0205712493  -0.0067243259   0.4903004407  -0.0183347903   0.0138349657
       -0.0679230929  -0.0000409955  -0.0000060485  -0.0000923628  -0.0000208235
       -0.0000178224   0.0000002849   0.0000193654  -0.0000142636  -0.0000037024
        0.0000553713  -0.0000422491  -0.0000888486   0.0000398461  -0.0000478632
        0.0002383707  -0.0004070322   0.0003336651  -0.0001178380  -0.0002238045
       -0.0000418902  -0.0000220733  -0.0006905422   0.0008305037   0.0008848900
       -0.0009157428   0.0006292117   0.0007518307   0.0088883701  -0.0003320650
       -0.0172432040   0.0056444540  -0.0077642303  -0.0236355432  -0.0878527645
       -0.0628977616  -0.1203523982   0.0295290005   0.0857288326  -0.0918833307
       -0.0158906276   0.0095389345  -0.0040733440   0.0214753821  -0.0159904830
        0.0021764330  -0.0107317968   0.0103588848  -0.0028327647
        0.0000174788  -0.0000104007   0.0000100814   0.0000682490   0.0000409111
        0.0000370613   0.0000062838   0.0001638572   0.0000037345  -0.0008251296
        0.0004607713   0.0023827784  -0.0152837894   0.0116187997   0.0031322252
       -0.1508775993   0.0626220760  -0.0183347903   0.4837218959   0.0295859128
       -0.0080841826   0.0000158645   0.0000185321   0.0000278782  -0.0000226815
        0.0000076987  -0.0000040452   0.0000140010  -0.0000295992   0.0000022997
       -0.0000146664  -0.0000045473  -0.0000382653  -0.0000510462   0.0000488146
       -0.0000424723   0.0000693606  -0.0000861322   0.0001128574   0.0000199253
       -0.0000747506   0.0000912589  -0.0005323893   0.0005776129  -0.0000582681
       -0.0001167859  -0.0001006441   0.0001052908   0.0002047430   0.0001227933
       -0.0005452548   0.0010810167  -0.0005754297  -0.0009617362  -0.0226135815
        0.0129991987  -0.0064856224   0.0043843335  -0.0015337763   0.0004628040
       -0.1508292680  -0.0758105767  -0.0911628275  -0.0843888850   0.0203080062
        0.0879666055  -0.0640473302  -0.0603491278   0.0313825896
       -0.0000017604   0.0000173530  -0.0000018239  -0.0000321174   0.0000234839
       -0.0000132880  -0.0001538788   0.0000305333   0.0000226508   0.0007026218
       -0.0000927223  -0.0016787236   0.0097930370  -0.0066991216  -0.0026345831
        0.0623036889  -0.1150997180   0.0138349657   0.0295859128   0.5000425869
        0.0061989223   0.0000203589   0.0000021848   0.0000027181  -0.0000027523
       -0.0000094068   0.0000101168  -0.0000012464   0.0000037859   0.0000024938
       -0.0000086110   0.0000172654   0.0000288361   0.0000299608   0.0000260988
       -0.0000515313   0.0000491964  -0.0001528108  -0.0000246477  -0.0000288866
        0.0000585009   0.0000385378   0.0004841897  -0.0002758447  -0.0000462149
       -0.0000066937   0.0002171970  -0.0000496104  -0.0006604228   0.0007038383
        0.0004550225   0.0003658521   0.0001424257   0.0005433920  -0.0085440061
        0.0070743117  -0.0020562456   0.0218753456  -0.0205210909   0.0065969760
       -0.0760659537  -0.0963261131  -0.0637014389   0.0202813341  -0.0556734865
       -0.0470492381  -0.0599851691  -0.2135092509   0.0895727138
        0.0000168894   0.0000110514   0.0000099049   0.0000444493  -0.0000328508
        0.0000604690  -0.0001697683   0.0000114125  -0.0001830952   0.0024499127
       -0.0013263609  -0.0041405322   0.0201962534  -0.0152144339   0.0003307607
       -0.0177478178   0.0133122348  -0.0679230929  -0.0080841826   0.0061989223
        0.5238797272   0.0000226523   0.0000063473   0.0000296156   0.0000091485
        0.0000140980   0.0000008520  -0.0000180647   0.0000060952   0.0000029344
       -0.0000805082  -0.0000237245   0.0000414723   0.0000075464   0.0000300403
       -0.0000566566   0.0000636534  -0.0000220127   0.0001469942   0.0000076598
        0.0000643187   0.0001502899   0.0010564318  -0.0010613614  -0.0001306016
       -0.0000285619  -0.0000213278  -0.0000523588   0.0003073462  -0.0007210596
        0.0004757308   0.0012453136  -0.0003390212   0.0008600954  -0.0160704524
        0.0096573813  -0.0034324733  -0.0109024967   0.0101980337  -0.0023539161
       -0.0915711597  -0.0634062058  -0.1235738860   0.0882218544  -0.0472020174
       -0.2308042383   0.0310239011   0.0898604405  -0.0933379954
       -0.0590225919   0.0126920021   0.0583116127   0.0045055784  -0.0056596912
       -0.0246881664   0.0008680931   0.0004065103  -0.0008752830  -0.0000853245
        0.0000161154  -0.0000235786  -0.0000251099   0.0000373653  -0.0000312514
       -0.0000542466  -0.0000459334  -0.0000409955   0.0000158645   0.0000203589
        0.0000226523   0.0684086741  -0.0133657198  -0.0654635068  -0.0045263548
        0.0016686170   0.0157871016  -0.0069306380   0.0060883720   0.0206125049
       -0.0037985250  -0.0015890433  -0.0039280564   0.0009257690  -0.0002472250
       -0.0002663972  -0.0002590635  -0.0001362801   0.0001671824  -0.0000992128
        0.0000659352   0.0001474922  -0.0000001574   0.0000439355   0.0001238051
        0.0000229222   0.0000262177   0.0000584303   0.0000467362  -0.0000515879
       -0.0000026560   0.0000312723   0.0000046889   0.0000387051  -0.0000633784
        0.0000267434   0.0000147782   0.0000124276   0.0000078748   0.0000205142
        0.0000346758  -0.0000023615   0.0000155337  -0.0000085236  -0.0000011302
        0.0000074847   0.0000011133  -0.0000057638  -0.0000079060
        0.0126412973  -0.0543879439  -0.0434530736   0.0003300571  -0.0013540724
       -0.0074210023   0.0003170367   0.0002727280  -0.0008203532  -0.0000129680
       -0.0000165488   0.0000456869   0.0000211142   0.0000442753   0.0000052368
       -0.0000075650  -0.0000003717  -0.0000060485   0.0000185321   0.0000021848
        0.0000063473  -0.0133657198   0.0588031410   0.0515022995  -0.0083671545
        0.0035502790   0.0260475718   0.0099279271  -0.0073736407  -0.0260461621
       -0.0013831375   0.0004583115  -0.0008889167   0.0001869170   0.0002279734
        0.0007348131  -0.0005197223  -0.0000057194   0.0002109541   0.0001509772
       -0.0001953912  -0.0001381615   0.0000440488   0.0000177105   0.0001303944
        0.0000016152  -0.0000222105   0.0000318866   0.0000113326  -0.0000209284
        0.0000132003   0.0000334632  -0.0000173071   0.0000125275  -0.0000223214
        0.0000679015   0.0000080521  -0.0000253968  -0.0000288251   0.0000094457
        0.0000082924  -0.0000103630   0.0000013490   0.0000017499   0.0000017190
        0.0000047526   0.0000096245  -0.0000129019   0.0000092004
        0.0588448055  -0.0432286914  -0.2574315968  -0.0000519862  -0.0051438328
       -0.0215934393   0.0008260482   0.0004554662   0.0007347118   0.0001703458
        0.0001441977   0.0000854125   0.0000360270   0.0000130060  -0.0000127820
       -0.0000807528  -0.0000424762  -0.0000923628   0.0000278782   0.0000027181
        0.0000296156  -0.0654635068   0.0515022995   0.2997678271   0.0066478406
       -0.0006468336  -0.0168917062   0.0029424423  -0.0022873306  -0.0037795564
       -0.0040786885  -0.0007803327  -0.0020060035   0.0005182350   0.0002633288
        0.0003908150  -0.0005330942  -0.0002661626   0.0005780783   0.0000148708
       -0.0001390398  -0.0001614211   0.0001046803   0.0001368657   0.0001431904
        0.0000234135  -0.0000170926   0.0001047421   0.0000429108  -0.0000460983
       -0.0000499100   0.0000463759   0.0000113262   0.0000177207  -0.0000645598
        0.0000533912   0.0001048045   0.0000120571  -0.0000029132   0.0000424825
        0.0000375913  -0.0000024547   0.0000071194  -0.0000218165   0.0000110227
        0.0000398122  -0.0000011175   0.0000096364  -0.0000275541
       -0.0921827920  -0.0863307823   0.0441591634  -0.0154570942  -0.0218375136
        0.0077167096  -0.0043818312  -0.0012104977  -0.0033876063  -0.0006360179
       -0.0012142382   0.0005746995   0.0000391596  -0.0000827058   0.0000733377
       -0.0000292566   0.0000223063  -0.0000208235  -0.0000226815  -0.0000027523
        0.0000091485  -0.0045263548  -0.0083671545   0.0066478406   0.1079142537
        0.1023946696  -0.0485560456   0.0084144573   0.0164503675  -0.0075050413
        0.0006991536   0.0001195836   0.0003524171   0.0002511055  -0.0002237367
        0.0005310426   0.0001901705   0.0001521474  -0.0002144388  -0.0000354786
        0.0002561846  -0.0001273699   0.0000311500   0.0000125716   0.0000292964
       -0.0003312854  -0.0001525847  -0.0002206701   0.0000004539  -0.0000055864
        0.0000001618  -0.0000003660   0.0000281379  -0.0000056611   0.0000237540
       -0.0000666725  -0.0000148992   0.0000504317   0.0000315030  -0.0000328974
        0.0000052050   0.0000015237  -0.0000068449  -0.0000073839   0.0000072185
        0.0000148030  -0.0000087526   0.0000180110  -0.0000163221
       -0.0861679511  -0.1980890448   0.0751289711  -0.0061571380  -0.0071730523
        0.0019477947  -0.0020335579   0.0000854163  -0.0014976198  -0.0002823238
       -0.0002837717   0.0003500984  -0.0000296933  -0.0000731339   0.0000269393
       -0.0000008631   0.0000210917  -0.0000178224   0.0000076987  -0.0000094068
        0.0000140980   0.0016686170   0.0035502790  -0.0006468336   0.1023946696
        0.2275027196  -0.0870580501  -0.0100632878  -0.0266983208   0.0121684674
        0.0002399272  -0.0000901342  -0.0000786700   0.0003845843   0.0006759977
        0.0001253614   0.0001855927   0.0000521441  -0.0002022798  -0.0000153062
        0.0005063470  -0.0000646214   0.0000124414  -0.0000126425  -0.0000109864
       -0.0000859482  -0.0000365821  -0.0000972628  -0.0000183555   0.0000420791
       -0.0000242634  -0.0000391649   0.0000267884  -0.0000337730  -0.0000064668
       -0.0000403774  -0.0000051502   0.0000345278   0.0000086287  -0.0000146275
       -0.0000102494  -0.0000070524  -0.0000133053  -0.0000142910   0.0000098219
        0.0000216836  -0.0000034616   0.0000322054  -0.0000181482
        0.0439653620   0.0749810515  -0.0805578639  -0.0081188653  -0.0123252567
        0.0054150486  -0.0024392659  -0.0007233877  -0.0009548212  -0.0005026256
       -0.0005676126   0.0003369049   0.0000117178   0.0000118419   0.0000065200
       -0.0000194226  -0.0000026391   0.0000002849  -0.0000040452   0.0000101168
        0.0000008520   0.0157871016   0.0260475718  -0.0168917062  -0.0485560456
       -0.0870580501   0.0913395442  -0.0000613394   0.0004831576   0.0004353170
       -0.0001805798  -0.0004058144   0.0005687702   0.0003898446  -0.0001880292
        0.0002799127  -0.0002422712  -0.0000609068   0.0001129221   0.0000414776
       -0.0000875626  -0.0001157312   0.0000646740   0.0000319117   0.0001006101
       -0.0001831437  -0.0001124368  -0.0001029021   0.0000186509  -0.0000308458
        0.0000297451   0.0000248063  -0.0000001761   0.0000222853  -0.0000137364
        0.0000213315  -0.0000231030  -0.0000035216  -0.0000045791  -0.0000124012
        0.0000123267  -0.0000019162   0.0000069391   0.0000030737  -0.0000031466
       -0.0000061279   0.0000058269  -0.0000146230   0.0000090004
       -0.1364381260   0.1166348153   0.0045878678  -0.0218691004   0.0197721598
       -0.0025406141   0.0004989723   0.0013794363   0.0000194986   0.0002005748
        0.0001225854   0.0000094596  -0.0000155326   0.0000299240  -0.0000222663
        0.0000325170   0.0000087734   0.0000193654   0.0000140010  -0.0000012464
       -0.0000180647  -0.0069306380   0.0099279271   0.0029424423   0.0084144573
       -0.0100632878  -0.0000613394   0.1600928639  -0.1356136539  -0.0020492643
        0.0009171648   0.0001506402   0.0005632231  -0.0049209285  -0.0010252537
       -0.0036215483  -0.0000763920   0.0000618769   0.0000419306  -0.0001206011
       -0.0011726698  -0.0000128189   0.0000220983   0.0000467801  -0.0000140051
        0.0000665260  -0.0000173391   0.0000787571   0.0000855146  -0.0000768215
        0.0001240645   0.0000189122  -0.0000904822   0.0000164430   0.0000160517
        0.0000187750  -0.0000959221  -0.0000356887  -0.0000367048   0.0000167164
       -0.0000101773  -0.0000159763  -0.0000141475   0.0000055010  -0.0000035109
        0.0000149809   0.0000320295  -0.0000367473   0.0000152412
        0.1161386963  -0.1891657055  -0.0040462984  -0.0006466462   0.0035977921
        0.0015335031  -0.0009486271   0.0010300943  -0.0005255903  -0.0000988446
       -0.0001226734  -0.0000897800  -0.0000520409  -0.0000623621   0.0000056520
       -0.0000505308  -0.0000288449  -0.0000142636  -0.0000295992   0.0000037859
        0.0000060952   0.0060883720  -0.0073736407  -0.0022873306   0.0164503675
       -0.0266983208   0.0004831576  -0.1356136539   0.2174489485   0.0047685291
       -0.0002195012   0.0003066062   0.0003004701  -0.0010507509   0.0008986587
       -0.0000860504   0.0001167182  -0.0001569216   0.0000036807  -0.0001081575
        0.0002162299  -0.0000869839  -0.0000114044   0.0000243506   0.0000476223
       -0.0000120605   0.0000350354  -0.0000191426  -0.0000063110  -0.0000052714
       -0.0000344673   0.0000070039   0.0000219852   0.0000275893   0.0000143884
       -0.0000165301   0.0000328543   0.0000187114   0.0000343833  -0.0000142198
        0.0000232575   0.0000144595   0.0000180790   0.0000028327  -0.0000054299
       -0.0000158366  -0.0000122198   0.0000033708  -0.0000072690
        0.0046897059  -0.0037864301  -0.0451181121  -0.0125428187   0.0124738582
       -0.0003632463   0.0005874472   0.0002340396   0.0002575108   0.0000424689
        0.0001107719  -0.0000480198  -0.0000599900  -0.0000168841  -0.0000356653
       -0.0000016685  -0.0000196989  -0.0000037024   0.0000022997   0.0000024938
        0.0000029344   0.0206125049  -0.0260461621  -0.0037795564  -0.0075050413
        0.0121684674   0.0004353170  -0.0020492643   0.0047685291   0.0495015071
       -0.0002545683   0.0007284465   0.0003888593  -0.0037222113  -0.0003799713
       -0.0013215228   0.0000898336  -0.0001375237  -0.0001581996   0.0000661933
       -0.0000779794   0.0002412039  -0.0000397283   0.0000222373  -0.0000361508
        0.0000464375   0.0000219843   0.0000245790   0.0000501962  -0.0000220169
        0.0000411770  -0.0000085736  -0.0000206738   0.0000127431  -0.0000123201
       -0.0000099977  -0.0000486650   0.0000005522  -0.0000025482   0.0000040389
        0.0000038365   0.0000012989  -0.0000003238  -0.0000057477  -0.0000022847
        0.0000069801   0.0000104558  -0.0000099561  -0.0000036861
        0.0034361515  -0.0058154544  -0.0250304308  -0.0592180569   0.0145605216
        0.0579191983  -0.0057327541  -0.0002112678   0.0154203597   0.0002734332
        0.0003462917   0.0011014401  -0.0001455212  -0.0001496480   0.0000752122
        0.0000409969   0.0000905308   0.0000553713  -0.0000146664  -0.0000086110
       -0.0000805082  -0.0037985250  -0.0013831375  -0.0040786885   0.0006991536
        0.0002399272  -0.0001805798   0.0009171648  -0.0002195012  -0.0002545683
        0.0709489431  -0.0117759172  -0.0652783932  -0.0066796344   0.0071727722
        0.0202252433  -0.0010277714  -0.0031552566   0.0015668735   0.0003917545
        0.0004384574  -0.0005354761  -0.0001516828  -0.0005718196  -0.0005113876
        0.0001877601   0.0001659615  -0.0001889775  -0.0002928779   0.0003402146
        0.0001105590  -0.0000121173   0.0000115358  -0.0000544802   0.0000864132
       -0.0000679477  -0.0001498876   0.0000670424   0.0000172932  -0.0001135781
       -0.0000350966  -0.0000087628  -0.0000122288   0.0000465661  -0.0000220189
       -0.0000290949   0.0000133246   0.0000058367   0.0000240222
        0.0000932653  -0.0010169368  -0.0074122119   0.0144333456  -0.0540181464
       -0.0414096830  -0.0087409606   0.0023364709   0.0234087606   0.0003023973
        0.0007370490   0.0007780076   0.0000355393   0.0000040551  -0.0000601753
       -0.0000808519  -0.0000329547  -0.0000422491  -0.0000045473   0.0000172654
       -0.0000237245  -0.0015890433   0.0004583115  -0.0007803327   0.0001195836
       -0.0000901342  -0.0004058144   0.0001506402   0.0003066062   0.0007284465
       -0.0117759172   0.0618431273   0.0476820452   0.0097393819  -0.0075992593
       -0.0253910534  -0.0028559522  -0.0035613209   0.0029329170  -0.0000737646
        0.0007502816   0.0003747482  -0.0001737577  -0.0001610510  -0.0003465112
        0.0002207501   0.0001053018  -0.0000304471   0.0001795248  -0.0000064973
       -0.0001415654   0.0000210599  -0.0000194112   0.0000252481  -0.0000731374
       -0.0001217055   0.0000855843   0.0000784210   0.0000545780   0.0000433408
        0.0000139609   0.0000077656   0.0000079682   0.0000018808  -0.0000119001
        0.0000047835  -0.0000218182   0.0000185051  -0.0000280820
        0.0004845420  -0.0052970300  -0.0208980215   0.0575178184  -0.0417318245
       -0.2458265579   0.0071535539   0.0009764048  -0.0163297827  -0.0006331826
       -0.0005436674   0.0007189324   0.0000703086   0.0000996708  -0.0001002962
       -0.0000659254  -0.0000940649  -0.0000888486  -0.0000382653   0.0000288361
        0.0000414723  -0.0039280564  -0.0008889167  -0.0020060035   0.0003524171
       -0.0000786700   0.0005687702   0.0005632231   0.0003004701   0.0003888593
       -0.0652783932   0.0476820452   0.2877685913   0.0028892420  -0.0029883170
       -0.0042410292   0.0012120576   0.0030236248  -0.0012151148  -0.0003140234
       -0.0003250587   0.0001646863   0.0002217256   0.0002864007   0.0006675362
       -0.0003183471  -0.0002286002   0.0000970715   0.0002344926  -0.0002543608
        0.0000595887  -0.0000432225  -0.0000255937   0.0000599923   0.0000064524
        0.0000986150   0.0000781554  -0.0000874863  -0.0000321816   0.0000539768
        0.0000423470   0.0000171246   0.0000300412  -0.0000449912   0.0000159330
        0.0000122286   0.0000037130  -0.0000408397  -0.0000042480
       -0.0219762298   0.0198635099  -0.0029431071  -0.1267348425   0.1128009438
        0.0051707443   0.0077228806  -0.0098625286  -0.0000520492   0.0003353753
        0.0002075104  -0.0000121105  -0.0010680788  -0.0007559213  -0.0000863072
       -0.0002062538  -0.0001460442   0.0000398461  -0.0000510462   0.0000299608
        0.0000075464   0.0009257690   0.0001869170   0.0005182350   0.0002511055
        0.0003845843   0.0003898446  -0.0049209285  -0.0010507509  -0.0037222113
       -0.0066796344   0.0097393819   0.0028892420   0.1536199264  -0.1281748807
       -0.0020743107   0.0005575816  -0.0000933581  -0.0003269639  -0.0004689161
       -0.0028466213   0.0008887504  -0.0000660779   0.0000299394  -0.0000202775
       -0.0000910883   0.0001129641   0.0000467927  -0.0013079451  -0.0005841261
       -0.0009013614   0.0000640157   0.0000629819  -0.0000783738   0.0000092602
       -0.0000253895   0.0002641566   0.0000997242   0.0000377431   0.0000469562
        0.0000164357  -0.0000030377  -0.0000176075   0.0000295411   0.0000106622
       -0.0000066207  -0.0000605739   0.0000755594  -0.0000208135
       -0.0014613893   0.0033913619   0.0003232611   0.1129198243  -0.1881451654
       -0.0048702304   0.0132298132  -0.0261874136   0.0018616979   0.0005265409
        0.0001421595   0.0000042809  -0.0000849040  -0.0003033719   0.0002041089
       -0.0002181774   0.0000067210  -0.0000478632   0.0000488146   0.0000260988
        0.0000300403  -0.0002472250   0.0002279734   0.0002633288  -0.0002237367
        0.0006759977  -0.0001880292  -0.0010252537   0.0008986587  -0.0003799713
        0.0071727722  -0.0075992593  -0.0029883170  -0.1281748807   0.2192193156
        0.0040479917   0.0005359191   0.0010053323  -0.0004150940  -0.0026792091
       -0.0049264904   0.0026563634   0.0001153264  -0.0001082932   0.0000577051
        0.0001677687   0.0003198543  -0.0000888574  -0.0008799053   0.0008231774
       -0.0008296164   0.0001943427   0.0002441996  -0.0000234782  -0.0001632392
        0.0001516768   0.0004934322   0.0001539662   0.0000759521  -0.0000946089
        0.0000600437  -0.0000292099   0.0000378510   0.0000499751  -0.0000253227
       -0.0000223110  -0.0000171869   0.0001160473  -0.0000316842
       -0.0128287320   0.0121804323  -0.0003832301   0.0053939768  -0.0053621960
       -0.0461970439  -0.0062524964   0.0110312387   0.0001207024  -0.0001299090
       -0.0003906907   0.0001770219  -0.0003269003  -0.0004552208   0.0003407080
        0.0001659815   0.0002219112   0.0002383707  -0.0000424723  -0.0000515313
       -0.0000566566  -0.0002663972   0.0007348131   0.0003908150   0.0005310426
        0.0001253614   0.0002799127  -0.0036215483  -0.0000860504  -0.0013215228
        0.0202252433  -0.0253910534  -0.0042410292  -0.0020743107   0.0040479917
        0.0515746430  -0.0006009350   0.0005617129   0.0003236347   0.0006511195
        0.0029274169  -0.0004259942   0.0001405548  -0.0000416117  -0.0001041613
       -0.0000503518   0.0000173216  -0.0000434014  -0.0010426365  -0.0001387188
       -0.0000661875   0.0000480775   0.0001058897  -0.0001517060   0.0001788420
        0.0000228011  -0.0002974160  -0.0000541343  -0.0000717543  -0.0001312159
       -0.0000779990   0.0000010018  -0.0000376192   0.0000401022   0.0000036709
       -0.0000423365  -0.0000061175   0.0000072642   0.0000537120
        0.0002499426   0.0001795025   0.0007887897  -0.0061129428   0.0001466527
        0.0148720434  -0.0664107089   0.0172710761   0.0685313107   0.0056970846
       -0.0058130364  -0.0219959145   0.0007917115  -0.0000240644   0.0001576560
       -0.0010083493   0.0001060207  -0.0004070322   0.0000693606   0.0000491964
        0.0000636534  -0.0002590635  -0.0005197223  -0.0005330942   0.0001901705
        0.0001855927  -0.0002422712  -0.0000763920   0.0001167182   0.0000898336
       -0.0010277714  -0.0028559522   0.0012120576   0.0005575816   0.0005359191
       -0.0006009350   0.0799318018  -0.0172907638  -0.0793557629  -0.0089072167
        0.0083692327   0.0210330675  -0.0030395945  -0.0017238175  -0.0039522258
        0.0006109030   0.0002710058  -0.0001275385  -0.0000114659  -0.0000199404
        0.0000279170   0.0001050396  -0.0000522206   0.0002436826  -0.0011380894
        0.0014541817   0.0000885166  -0.0003470009  -0.0002932703   0.0000252456
        0.0000847116  -0.0000408378   0.0000332585   0.0000019897  -0.0000030551
        0.0000278929   0.0000482981  -0.0000484177   0.0000198493
        0.0003801649   0.0004046137   0.0006287571  -0.0098435569   0.0025862268
        0.0231727265   0.0176562511  -0.0546042548  -0.0448189287   0.0009799862
       -0.0021409738  -0.0098805513   0.0001260658   0.0003065777   0.0004093734
        0.0007208885   0.0002814776   0.0003336651  -0.0000861322  -0.0001528108
       -0.0000220127  -0.0001362801  -0.0000057194  -0.0002661626   0.0001521474
        0.0000521441  -0.0000609068   0.0000618769  -0.0001569216  -0.0001375237
       -0.0031552566  -0.0035613209   0.0030236248  -0.0000933581   0.0010053323
        0.0005617129  -0.0172907638   0.0648461559   0.0525543357   0.0113970715
       -0.0079378522  -0.0237654846  -0.0019144454  -0.0000703739  -0.0013647158
        0.0001500733  -0.0000914182  -0.0004028037  -0.0000125953  -0.0001294371
        0.0001010760   0.0000866033  -0.0001002348  -0.0000159232   0.0011356143
       -0.0003649657  -0.0000475841  -0.0002909785  -0.0001213693  -0.0000055142
       -0.0000556640   0.0000005418  -0.0000362809   0.0000022560   0.0000082381
        0.0000021536   0.0000300318  -0.0000536557   0.0000369671
       -0.0004711040  -0.0004912558   0.0007495222   0.0074459768   0.0006527046
       -0.0160839249   0.0682536701  -0.0450210828  -0.2389883691   0.0022495061
       -0.0063390014  -0.0215826287   0.0007586899   0.0000437104   0.0000873702
        0.0002151309  -0.0003552037  -0.0001178380   0.0001128574  -0.0000246477
        0.0001469942   0.0001671824   0.0002109541   0.0005780783  -0.0002144388
       -0.0002022798   0.0001129221   0.0000419306   0.0000036807  -0.0001581996
        0.0015668735   0.0029329170  -0.0012151148  -0.0003269639  -0.0004150940
        0.0003236347  -0.0793557629   0.0525543357   0.2786816995   0.0024532529
       -0.0023666247  -0.0018800654  -0.0035849174  -0.0016803580  -0.0024803157
        0.0003261012   0.0000511362   0.0005475442   0.0000231442  -0.0000785616
       -0.0001504433   0.0003499399   0.0000455208   0.0001908048   0.0000020321
        0.0006430502   0.0009387306  -0.0001895158  -0.0001103550   0.0002226618
        0.0001345132  -0.0000298312   0.0000341456   0.0000064349  -0.0000035699
        0.0000611666   0.0000354667  -0.0000201439  -0.0000183752
        0.0010720935  -0.0012131438   0.0004776817   0.0070459875  -0.0090087880
        0.0003286320  -0.1372366857   0.1125699514  -0.0047071267  -0.0216847754
        0.0172857077  -0.0047668172  -0.0035608157  -0.0019637852  -0.0032536371
        0.0001087159  -0.0000206794  -0.0002238045   0.0000199253  -0.0000288866
        0.0000076598  -0.0000992128   0.0001509772   0.0000148708  -0.0000354786
       -0.0000153062   0.0000414776  -0.0001206011  -0.0001081575   0.0000661933
        0.0003917545  -0.0000737646  -0.0003140234  -0.0004689161  -0.0026792091
        0.0006511195  -0.0089072167   0.0113970715   0.0024532529   0.1637242843
       -0.1272118445   0.0088101476   0.0007521969   0.0002679374   0.0002939239
       -0.0001068180   0.0003435672   0.0003915789   0.0000807647  -0.0003266697
        0.0001365198  -0.0010613097   0.0008150659  -0.0002917770   0.0000465225
       -0.0001522463  -0.0001112995  -0.0000111793   0.0000215541  -0.0000415986
        0.0000245293   0.0000013093  -0.0000088138  -0.0000000750   0.0000068227
        0.0000451130   0.0000263099  -0.0000574836   0.0000007270
        0.0010657868   0.0006834681   0.0000415291   0.0139431978  -0.0271992733
        0.0035121493   0.1127447336  -0.1728208897   0.0076411836  -0.0037296599
        0.0044086380  -0.0006037081  -0.0009158667   0.0004465253  -0.0005932871
       -0.0000532116  -0.0000778494  -0.0000418902  -0.0000747506   0.0000585009
        0.0000643187   0.0000659352  -0.0001953912  -0.0001390398   0.0002561846
        0.0005063470  -0.0000875626  -0.0011726698   0.0002162299  -0.0000779794
        0.0004384574   0.0007502816  -0.0003250587  -0.0028466213  -0.0049264904
        0.0029274169   0.0083692327  -0.0079378522  -0.0023666247  -0.1272118445
        0.2046425410  -0.0098734184  -0.0002019806   0.0002488735   0.0002967508
       -0.0003681133   0.0007947429  -0.0002662909  -0.0001614964   0.0001256539
       -0.0001754838  -0.0002071500   0.0001492691  -0.0000613525   0.0000255602
        0.0000566031   0.0001450601   0.0000369409   0.0000232569  -0.0000130244
        0.0000448671   0.0000166864   0.0000292009  -0.0000135419   0.0000080856
       -0.0000204201  -0.0000339899   0.0000220431  -0.0000124686
       -0.0002291645  -0.0007134905   0.0003167179  -0.0071573463   0.0117028617
       -0.0003911735  -0.0049562221   0.0079051080  -0.0460372545  -0.0149774697
        0.0120259999  -0.0023861828  -0.0027592078  -0.0013372548  -0.0016207449
        0.0002055206  -0.0002230832  -0.0000220733   0.0000912589   0.0000385378
        0.0001502899   0.0001474922  -0.0001381615  -0.0001614211  -0.0001273699
       -0.0000646214  -0.0001157312  -0.0000128189  -0.0000869839   0.0002412039
       -0.0005354761   0.0003747482   0.0001646863   0.0008887504   0.0026563634
       -0.0004259942   0.0210330675  -0.0237654846  -0.0018800654   0.0088101476
       -0.0098734184   0.0516929755  -0.0002914418   0.0006514714   0.0001799177
        0.0004946897   0.0001784305   0.0004198754   0.0001829067  -0.0001093814
       -0.0000101317  -0.0007542175   0.0005864704  -0.0002202340  -0.0000779198
        0.0002791670   0.0000522718  -0.0000492037  -0.0000652203   0.0000154878
        0.0000784642  -0.0000240781   0.0000121137  -0.0000234721   0.0000161555
        0.0000413750   0.0000190324  -0.0000141356  -0.0000159084
       -0.0001118989   0.0000373722   0.0000025433   0.0007259926   0.0004073687
       -0.0010143534   0.0049620139  -0.0061629760  -0.0218820383  -0.0683328847
        0.0156599879   0.0714799604  -0.0115634878   0.0084202690   0.0199349890
       -0.0030704731   0.0034879956  -0.0006905422  -0.0005323893   0.0004841897
        0.0010564318  -0.0000001574   0.0000440488   0.0001046803   0.0000311500
        0.0000124414   0.0000646740   0.0000220983  -0.0000114044  -0.0000397283
       -0.0001516828  -0.0001737577   0.0002217256  -0.0000660779   0.0001153264
        0.0001405548  -0.0030395945  -0.0019144454  -0.0035849174   0.0007521969
       -0.0002019806  -0.0002914418   0.0847874430  -0.0207812768  -0.0798901992
       -0.0047099194   0.0008580525   0.0142268364   0.0005780430  -0.0003823761
        0.0000434570  -0.0001274266  -0.0000993466   0.0006134128  -0.0001093038
       -0.0000442889  -0.0001396143   0.0001753761   0.0000905122  -0.0003667787
        0.0000652198  -0.0000315075   0.0000364629  -0.0003019356   0.0002027187
       -0.0000362089   0.0000176982  -0.0000169232   0.0000100941
       -0.0000082018   0.0000148819   0.0001087010   0.0006467117   0.0003263828
       -0.0010149764   0.0017228417  -0.0024202230  -0.0113924339   0.0155924244
       -0.0557197911  -0.0453110968   0.0115687644  -0.0073024577  -0.0196006545
        0.0033196054  -0.0024794578   0.0008305037   0.0005776129  -0.0002758447
       -0.0010613614   0.0000439355   0.0000177105   0.0001368657   0.0000125716
       -0.0000126425   0.0000319117   0.0000467801   0.0000243506   0.0000222373
       -0.0005718196  -0.0001610510   0.0002864007   0.0000299394  -0.0001082932
       -0.0000416117  -0.0017238175  -0.0000703739  -0.0016803580   0.0002679374
        0.0002488735   0.0006514714  -0.0207812768   0.0634700846   0.0532845725
       -0.0102547120   0.0037951011   0.0252138402  -0.0001201837   0.0001545750
       -0.0005825645  -0.0004749131   0.0005638094  -0.0000681633  -0.0000907783
        0.0000757764   0.0001263935   0.0000314902  -0.0000333413   0.0000984374
       -0.0000533890   0.0000354674  -0.0000161105   0.0002779388  -0.0002097946
        0.0000126644  -0.0000594615   0.0000662576  -0.0000346683
        0.0001620610   0.0001307467   0.0001392996   0.0008500110   0.0004920638
        0.0006855034   0.0017664564  -0.0065251704  -0.0228355233   0.0718821028
       -0.0446930293  -0.2322455381   0.0015618682  -0.0010391910  -0.0003999916
        0.0003956227  -0.0003213213   0.0008848900  -0.0000582681  -0.0000462149
       -0.0001306016   0.0001238051   0.0001303944   0.0001431904   0.0000292964
       -0.0000109864   0.0001006101  -0.0000140051   0.0000476223  -0.0000361508
       -0.0005113876  -0.0003465112   0.0006675362  -0.0000202775   0.0000577051
       -0.0001041613  -0.0039522258  -0.0013647158  -0.0024803157   0.0002939239
        0.0002967508   0.0001799177  -0.0798901992   0.0532845725   0.2712128654
        0.0078764814  -0.0004578645  -0.0173437123  -0.0003082656  -0.0000860357
        0.0003449809   0.0000341044   0.0003964721   0.0006607678  -0.0000320539
        0.0002282332   0.0002162796  -0.0002537337  -0.0001107384   0.0002515529
        0.0000624419   0.0000243047   0.0000261447  -0.0000095988  -0.0000013706
        0.0000424868   0.0000118399  -0.0000857160   0.0000199693
       -0.0006382934  -0.0011533112   0.0003378936  -0.0035012546  -0.0014775246
       -0.0032261096  -0.0135976506  -0.0212209904   0.0067960486  -0.0752194249
       -0.0716557702   0.0375289147   0.0057736404   0.0191112876  -0.0084725016
        0.0006504274   0.0004715495  -0.0009157428  -0.0001167859  -0.0000066937
       -0.0000285619   0.0000229222   0.0000016152   0.0000234135  -0.0003312854
       -0.0000859482  -0.0001831437   0.0000665260  -0.0000120605   0.0000464375
        0.0001877601   0.0002207501  -0.0003183471  -0.0000910883   0.0001677687
       -0.0000503518   0.0006109030   0.0001500733   0.0003261012  -0.0001068180
       -0.0003681133   0.0004946897  -0.0047099194  -0.0102547120   0.0078764814
        0.0929312963   0.0820957562  -0.0398523266  -0.0025534697   0.0039828187
       -0.0005954111   0.0007523574   0.0003685919  -0.0000652737  -0.0000795306
       -0.0001847033   0.0000020543  -0.0000871626  -0.0000399879   0.0002370715
        0.0000216052   0.0000390378  -0.0000144399   0.0000266737  -0.0000556778
        0.0000260090  -0.0000114285  -0.0000937560   0.0000270946
       -0.0003162060  -0.0006308504   0.0003097729  -0.0022413972   0.0000535109
       -0.0018832007  -0.0083546537  -0.0112582323   0.0035896650  -0.0719083409
       -0.1973444576   0.0770008067  -0.0040605232  -0.0246454135   0.0112227818
       -0.0010702326   0.0003138529   0.0006292117  -0.0001006441   0.0002171970
       -0.0000213278   0.0000262177  -0.0000222105  -0.0000170926  -0.0001525847
       -0.0000365821  -0.0001124368  -0.0000173391   0.0000350354   0.0000219843
        0.0001659615   0.0001053018  -0.0002286002   0.0001129641   0.0003198543
        0.0000173216   0.0002710058  -0.0000914182   0.0000511362   0.0003435672
        0.0007947429   0.0001784305   0.0008580525   0.0037951011  -0.0004578645
        0.0820957562   0.2307640772  -0.0904079072   0.0041563599  -0.0035586910
        0.0009211617  -0.0004064001   0.0006819500  -0.0000302986  -0.0000019750
       -0.0000810344   0.0000524707   0.0007572373   0.0002611593  -0.0007792823
       -0.0000160966   0.0000192378   0.0000525824  -0.0000301874   0.0000712722
       -0.0000751959  -0.0001105418   0.0002365972  -0.0000341188
       -0.0005015505  -0.0006243662   0.0003295301  -0.0023309652  -0.0008116610
       -0.0012289002  -0.0083951928  -0.0136081672   0.0055832089   0.0377893783
        0.0763380254  -0.0836817246  -0.0001058190   0.0050479942  -0.0014482331
       -0.0000289857  -0.0010013378   0.0007518307   0.0001052908  -0.0000496104
       -0.0000523588   0.0000584303   0.0000318866   0.0001047421  -0.0002206701
       -0.0000972628  -0.0001029021   0.0000787571  -0.0000191426   0.0000245790
       -0.0001889775  -0.0000304471   0.0000970715   0.0000467927  -0.0000888574
       -0.0000434014  -0.0001275385  -0.0004028037   0.0005475442   0.0003915789
       -0.0002662909   0.0004198754   0.0142268364   0.0252138402  -0.0173437123
       -0.0398523266  -0.0904079072   0.0957715634  -0.0009949836   0.0006514531
        0.0005229483  -0.0000390212   0.0003007204  -0.0002377668  -0.0000401662
       -0.0000401399  -0.0001148524   0.0001296834  -0.0001024220   0.0001800851
       -0.0000458150   0.0000258053  -0.0000318240   0.0000063635  -0.0000295544
        0.0000185249   0.0000389004  -0.0000297547  -0.0000658279
        0.0000694791  -0.0000908063  -0.0000101460  -0.0010475877   0.0003409993
       -0.0003036677   0.0007496204  -0.0001197553   0.0000913732   0.0065344014
        0.0190388140  -0.0089534970  -0.0731658848  -0.0702964522   0.0346422327
       -0.0060203071  -0.0102653404   0.0088883701   0.0002047430  -0.0006604228
        0.0003073462   0.0000467362   0.0000113326   0.0000429108   0.0000004539
       -0.0000183555   0.0000186509   0.0000855146  -0.0000063110   0.0000501962
       -0.0002928779   0.0001795248   0.0002344926  -0.0013079451  -0.0008799053
       -0.0010426365  -0.0000114659  -0.0000125953   0.0000231442   0.0000807647
       -0.0001614964   0.0001829067   0.0005780430  -0.0001201837  -0.0003082656
       -0.0025534697   0.0041563599  -0.0009949836   0.0872984533   0.0796876476
       -0.0422657668  -0.0109982793  -0.0225421539   0.0076838747   0.0005630461
        0.0001650527  -0.0008015743  -0.0007036288   0.0009438905   0.0027662216
       -0.0000938651  -0.0001585624  -0.0000296141   0.0001797486   0.0000603541
       -0.0003024569  -0.0001956929   0.0007483650   0.0000808887
       -0.0000402909   0.0000120057  -0.0001494157  -0.0005486241   0.0000417735
       -0.0001111686  -0.0006879778   0.0004450815  -0.0000115866  -0.0039266811
       -0.0228906940   0.0103133097  -0.0703325207  -0.2007400417   0.0810730984
        0.0010541236   0.0036864105  -0.0003320650   0.0001227933   0.0007038383
       -0.0007210596  -0.0000515879  -0.0000209284  -0.0000460983  -0.0000055864
        0.0000420791  -0.0000308458  -0.0000768215  -0.0000052714  -0.0000220169
        0.0003402146  -0.0000064973  -0.0002543608  -0.0005841261   0.0008231774
       -0.0001387188  -0.0000199404  -0.0001294371  -0.0000785616  -0.0003266697
        0.0001256539  -0.0001093814  -0.0003823761   0.0001545750  -0.0000860357
        0.0039828187  -0.0035586910   0.0006514531   0.0796876476   0.2349937739
       -0.0938291563  -0.0093271135  -0.0149964334   0.0048939683   0.0003165302
        0.0006463715  -0.0001068272   0.0008495775   0.0006595860  -0.0008065904
       -0.0000774358  -0.0002091994   0.0000619499   0.0000498491  -0.0000477486
       -0.0001088488  -0.0000158025   0.0002706159  -0.0000510420
        0.0001245901  -0.0001553429  -0.0000132903  -0.0003467399   0.0005588079
        0.0001477718   0.0003737945   0.0003106655  -0.0000171670   0.0007844849
        0.0053423467  -0.0016427066   0.0341851002   0.0813252848  -0.0860955595
        0.0134277729   0.0223544427  -0.0172432040  -0.0005452548   0.0004550225
        0.0004757308  -0.0000026560   0.0000132003  -0.0000499100   0.0000001618
       -0.0000242634   0.0000297451   0.0001240645  -0.0000344673   0.0000411770
        0.0001105590  -0.0001415654   0.0000595887  -0.0009013614  -0.0008296164
       -0.0000661875   0.0000279170   0.0001010760  -0.0001504433   0.0001365198
       -0.0001754838  -0.0000101317   0.0000434570  -0.0005825645   0.0003449809
       -0.0005954111   0.0009211617   0.0005229483  -0.0422657668  -0.0938291563
        0.1010832681  -0.0077647411  -0.0150979173   0.0072701963  -0.0000736772
        0.0008442691   0.0006967904   0.0032396052  -0.0007375071  -0.0057556212
       -0.0000228941  -0.0000760574  -0.0000888302  -0.0002464869   0.0000199111
        0.0002231990   0.0001869624  -0.0005622465   0.0002376548
        0.0000250841   0.0000199738   0.0000244684   0.0001121730   0.0001691864
       -0.0001351701  -0.0031681520   0.0038950627  -0.0003600531  -0.0218484922
       -0.0054187174  -0.0150827918  -0.1522697070  -0.0652568145  -0.0934495340
        0.0067619676   0.0042091665   0.0056444540   0.0010810167   0.0003658521
        0.0012453136   0.0000312723   0.0000334632   0.0000463759  -0.0000003660
       -0.0000391649   0.0000248063   0.0000189122   0.0000070039  -0.0000085736
       -0.0000121173   0.0000210599  -0.0000432225   0.0000640157   0.0001943427
        0.0000480775   0.0001050396   0.0000866033   0.0003499399  -0.0010613097
       -0.0002071500  -0.0007542175  -0.0001274266  -0.0004749131   0.0000341044
        0.0007523574  -0.0004064001  -0.0000390212  -0.0109982793  -0.0093271135
       -0.0077647411   0.1805136919   0.0707489300   0.1080514899  -0.0001553157
        0.0011830082   0.0021664141   0.0003837677   0.0002851506  -0.0000980238
       -0.0000412776   0.0000355596   0.0001383790  -0.0000473869  -0.0000038144
        0.0000726085  -0.0001194680  -0.0001202749  -0.0001110830
       -0.0000162425   0.0001629740  -0.0000476985  -0.0001432343  -0.0001725106
       -0.0001284809   0.0028324616  -0.0021851080   0.0003749629   0.0161726237
        0.0053098381   0.0113597880  -0.0651595786  -0.0800294811  -0.0519650462
       -0.0041726940  -0.0036828236  -0.0077642303  -0.0005754297   0.0001424257
       -0.0003390212   0.0000046889  -0.0000173071   0.0000113262   0.0000281379
        0.0000267884  -0.0000001761  -0.0000904822   0.0000219852  -0.0000206738
        0.0000115358  -0.0000194112  -0.0000255937   0.0000629819   0.0002441996
        0.0001058897  -0.0000522206  -0.0001002348   0.0000455208   0.0008150659
        0.0001492691   0.0005864704  -0.0000993466   0.0005638094   0.0003964721
        0.0003685919   0.0006819500   0.0003007204  -0.0225421539  -0.0149964334
       -0.0150979173   0.0707489300   0.0932769434   0.0633426231   0.0010899993
        0.0003668207  -0.0019658564   0.0001578374   0.0003858748   0.0006345228
        0.0007710614   0.0001010624  -0.0000693900  -0.0000456761   0.0000594868
        0.0002988002  -0.0001668574  -0.0002901178  -0.0000330121
        0.0001142627  -0.0000294908   0.0000407427   0.0001685818   0.0000187823
        0.0000712639  -0.0008253774   0.0011185887   0.0006162197  -0.0060327270
       -0.0011761419  -0.0031381685  -0.0937564013  -0.0522290006  -0.1237799625
       -0.0173673327  -0.0147552902  -0.0236355432  -0.0009617362   0.0005433920
        0.0008600954   0.0000387051   0.0000125275   0.0000177207  -0.0000056611
       -0.0000337730   0.0000222853   0.0000164430   0.0000275893   0.0000127431
       -0.0000544802   0.0000252481   0.0000599923  -0.0000783738  -0.0000234782
       -0.0001517060   0.0002436826  -0.0000159232   0.0001908048  -0.0002917770
       -0.0000613525  -0.0002202340   0.0006134128  -0.0000681633   0.0006607678
       -0.0000652737  -0.0000302986  -0.0002377668   0.0076838747   0.0048939683
        0.0072701963   0.1080514899   0.0633426231   0.1462946789   0.0024683218
       -0.0016964641  -0.0060376765  -0.0006693191  -0.0000264655   0.0005124345
        0.0009215181  -0.0000877229   0.0002777120  -0.0002532422   0.0002930040
        0.0003384269   0.0000414089  -0.0000421587  -0.0000450269
       -0.0000553291  -0.0000205075  -0.0000170109  -0.0001872610   0.0000789790
        0.0001494501  -0.0009932326   0.0006157538   0.0005089384   0.0002843794
       -0.0001354378  -0.0001851432   0.0075290013   0.0049933204   0.0061538999
       -0.1420784590  -0.0757683337  -0.0878527645  -0.0226135815  -0.0085440061
       -0.0160704524  -0.0000633784  -0.0000223214  -0.0000645598   0.0000237540
       -0.0000064668  -0.0000137364   0.0000160517   0.0000143884  -0.0000123201
        0.0000864132  -0.0000731374   0.0000064524   0.0000092602  -0.0001632392
        0.0001788420  -0.0011380894   0.0011356143   0.0000020321   0.0000465225
        0.0000255602  -0.0000779198  -0.0001093038  -0.0000907783  -0.0000320539
       -0.0000795306  -0.0000019750  -0.0000401662   0.0005630461   0.0003165302
       -0.0000736772  -0.0001553157   0.0010899993   0.0024683218   0.1707655571
        0.0826542967   0.1022292933  -0.0084274565  -0.0088395412  -0.0061234928
       -0.0045743113   0.0038056289  -0.0012748174   0.0002102322  -0.0005228832
       -0.0000179965   0.0009410317  -0.0005414437   0.0001588809
        0.0000044300  -0.0000314392  -0.0000037357   0.0000409168   0.0002199258
        0.0000283991   0.0003483461  -0.0000943659  -0.0007182432  -0.0002597697
       -0.0000005880  -0.0002370952  -0.0045062542  -0.0041731142  -0.0072672112
       -0.0760446652  -0.0986634472  -0.0628977616   0.0129991987   0.0070743117
        0.0096573813   0.0000267434   0.0000679015   0.0000533912  -0.0000666725
       -0.0000403774   0.0000213315   0.0000187750  -0.0000165301  -0.0000099977
       -0.0000679477  -0.0001217055   0.0000986150  -0.0000253895   0.0001516768
        0.0000228011   0.0014541817  -0.0003649657   0.0006430502  -0.0001522463
        0.0000566031   0.0002791670  -0.0000442889   0.0000757764   0.0002282332
       -0.0001847033  -0.0000810344  -0.0000401399   0.0001650527   0.0006463715
        0.0008442691   0.0011830082   0.0003668207  -0.0016964641   0.0826542967
        0.1124205363   0.0738641639  -0.0214093631  -0.0176682140  -0.0146068327
        0.0037396614  -0.0011086065   0.0011499598  -0.0002525713   0.0004392228
        0.0003449729   0.0003792612   0.0008452416   0.0002417463
       -0.0000571710   0.0000840922   0.0000064522   0.0002630508  -0.0002542753
        0.0000065478  -0.0001042834  -0.0000161344   0.0000661994  -0.0004725436
        0.0001754169   0.0003513661  -0.0162044561  -0.0154086222  -0.0216928877
       -0.0877525506  -0.0624131302  -0.1203523982  -0.0064856224  -0.0020562456
       -0.0034324733   0.0000147782   0.0000080521   0.0001048045  -0.0000148992
       -0.0000051502  -0.0000231030  -0.0000959221   0.0000328543  -0.0000486650
       -0.0001498876   0.0000855843   0.0000781554   0.0002641566   0.0004934322
       -0.0002974160   0.0000885166  -0.0000475841   0.0009387306  -0.0001112995
        0.0001450601   0.0000522718  -0.0001396143   0.0001263935   0.0002162796
        0.0000020543   0.0000524707  -0.0001148524  -0.0008015743  -0.0001068272
        0.0006967904   0.0021664141  -0.0019658564  -0.0060376765   0.1022292933
        0.0738641639   0.1412488323   0.0081704044   0.0065441566   0.0075839181
       -0.0012810827   0.0008432700   0.0003299578   0.0005019546   0.0000200485
        0.0005127292  -0.0000297158  -0.0002011696  -0.0001935631
       -0.0000103700   0.0000687235  -0.0000416415   0.0000394827  -0.0001117128
       -0.0000378386  -0.0001404353   0.0000396691   0.0001828782   0.0002178704
       -0.0010076399   0.0004007247  -0.0056594377  -0.0104492120   0.0095082063
       -0.0642700099  -0.0599341103   0.0295290005   0.0043843335   0.0218753456
       -0.0109024967   0.0000124276  -0.0000253968   0.0000120571   0.0000504317
        0.0000345278  -0.0000035216  -0.0000356887   0.0000187114   0.0000005522
        0.0000670424   0.0000784210  -0.0000874863   0.0000997242   0.0001539662
       -0.0000541343  -0.0003470009  -0.0002909785  -0.0001895158  -0.0000111793
        0.0000369409  -0.0000492037   0.0001753761   0.0000314902  -0.0002537337
       -0.0000871626   0.0007572373   0.0001296834  -0.0007036288   0.0008495775
        0.0032396052   0.0003837677   0.0001578374  -0.0006693191  -0.0084274565
       -0.0214093631   0.0081704044   0.0760644934   0.0646955041  -0.0372136581
        0.0008948579   0.0003295466  -0.0000291906   0.0006865576  -0.0000561872
       -0.0003305349  -0.0033839957   0.0041571020  -0.0013108371
        0.0000352693   0.0000264505   0.0000182040   0.0000897801  -0.0001339534
       -0.0000144219  -0.0000627617  -0.0000417022   0.0001325500   0.0003290882
        0.0008962869  -0.0006715665   0.0005343141   0.0037403898  -0.0002292761
       -0.0595652256  -0.2028934933   0.0857288326  -0.0015337763  -0.0205210909
        0.0101980337   0.0000078748  -0.0000288251  -0.0000029132   0.0000315030
        0.0000086287  -0.0000045791  -0.0000367048   0.0000343833  -0.0000025482
        0.0000172932   0.0000545780  -0.0000321816   0.0000377431   0.0000759521
       -0.0000717543  -0.0002932703  -0.0001213693  -0.0001103550   0.0000215541
        0.0000232569  -0.0000652203   0.0000905122  -0.0000333413  -0.0001107384
       -0.0000399879   0.0002611593  -0.0001024220   0.0009438905   0.0006595860
       -0.0007375071   0.0002851506   0.0003858748  -0.0000264655  -0.0088395412
       -0.0176682140   0.0065441566   0.0646955041   0.2366605009  -0.1010823613
       -0.0005323509   0.0008528670  -0.0001281784  -0.0003986314   0.0001041212
       -0.0001743617   0.0041827726  -0.0023420460   0.0009450734
       -0.0000217704  -0.0000381446   0.0000257961   0.0000208517   0.0000424719
        0.0000104942   0.0000222116  -0.0000253753  -0.0000597632  -0.0005805830
        0.0007762672   0.0006270581   0.0122979459   0.0224704550  -0.0178055418
        0.0294122204   0.0861183260  -0.0918833307   0.0004628040   0.0065969760
       -0.0023539161   0.0000205142   0.0000094457   0.0000424825  -0.0000328974
       -0.0000146275  -0.0000124012   0.0000167164  -0.0000142198   0.0000040389
       -0.0001135781   0.0000433408   0.0000539768   0.0000469562  -0.0000946089
       -0.0001312159   0.0000252456  -0.0000055142   0.0002226618  -0.0000415986
       -0.0000130244   0.0000154878  -0.0003667787   0.0000984374   0.0002515529
        0.0002370715  -0.0007792823   0.0001800851   0.0027662216  -0.0008065904
       -0.0057556212  -0.0000980238   0.0006345228   0.0005124345  -0.0061234928
       -0.0146068327   0.0075839181  -0.0372136581  -0.1010823613   0.1078250323
        0.0002176655   0.0002474529  -0.0001733453   0.0000949832  -0.0005591164
        0.0004303243  -0.0010490270   0.0010020022   0.0003897921
        0.0000164711   0.0000139789  -0.0000108301   0.0000342212  -0.0000232449
        0.0000027391  -0.0000122893  -0.0000045867  -0.0000395333   0.0001978626
       -0.0001100790  -0.0001001326   0.0004628263  -0.0009017090  -0.0010149238
       -0.0225139484  -0.0086528021  -0.0158906276  -0.1508292680  -0.0760659537
       -0.0915711597   0.0000346758   0.0000082924   0.0000375913   0.0000052050
       -0.0000102494   0.0000123267  -0.0000101773   0.0000232575   0.0000038365
       -0.0000350966   0.0000139609   0.0000423470   0.0000164357   0.0000600437
       -0.0000779990   0.0000847116  -0.0000556640   0.0001345132   0.0000245293
        0.0000448671   0.0000784642   0.0000652198  -0.0000533890   0.0000624419
        0.0000216052  -0.0000160966  -0.0000458150  -0.0000938651  -0.0000774358
       -0.0000228941  -0.0000412776   0.0007710614   0.0009215181  -0.0045743113
        0.0037396614  -0.0012810827   0.0008948579  -0.0005323509   0.0002176655
        0.1767148541   0.0856524465   0.1084070233   0.0081269908   0.0050993708
        0.0065382312  -0.0085902327  -0.0089233791  -0.0064037001
        0.0000157254   0.0000042774   0.0000003426   0.0000290130  -0.0000295947
       -0.0000194969   0.0000762471  -0.0000574619  -0.0000242970   0.0000134561
       -0.0000592663   0.0000705781   0.0001731613   0.0004763983   0.0007953976
        0.0122415771   0.0079379953   0.0095389345  -0.0758105767  -0.0963261131
       -0.0634062058  -0.0000023615  -0.0000103630  -0.0000024547   0.0000015237
       -0.0000070524  -0.0000019162  -0.0000159763   0.0000144595   0.0000012989
       -0.0000087628   0.0000077656   0.0000171246  -0.0000030377  -0.0000292099
        0.0000010018  -0.0000408378   0.0000005418  -0.0000298312   0.0000013093
        0.0000166864  -0.0000240781  -0.0000315075   0.0000354674   0.0000243047
        0.0000390378   0.0000192378   0.0000258053  -0.0001585624  -0.0002091994
       -0.0000760574   0.0000355596   0.0001010624  -0.0000877229   0.0038056289
       -0.0011086065   0.0008432700   0.0003295466   0.0008528670   0.0002474529
        0.0856524465   0.1097155617   0.0741506276  -0.0053563044  -0.0040586880
       -0.0063097975  -0.0209863052  -0.0172867656  -0.0157342807
        0.0000234396   0.0000008362  -0.0000015742   0.0000359427  -0.0000143922
       -0.0000039461   0.0000029349  -0.0000033691  -0.0000438596   0.0000855761
       -0.0001373899  -0.0001082446   0.0011443686  -0.0000753599   0.0008765101
       -0.0069224590  -0.0013422785  -0.0040733440  -0.0911628275  -0.0637014389
       -0.1235738860   0.0000155337   0.0000013490   0.0000071194  -0.0000068449
       -0.0000133053   0.0000069391  -0.0000141475   0.0000180790  -0.0000003238
       -0.0000122288   0.0000079682   0.0000300412  -0.0000176075   0.0000378510
       -0.0000376192   0.0000332585  -0.0000362809   0.0000341456  -0.0000088138
        0.0000292009   0.0000121137   0.0000364629  -0.0000161105   0.0000261447
       -0.0000144399   0.0000525824  -0.0000318240  -0.0000296141   0.0000619499
       -0.0000888302   0.0001383790  -0.0000693900   0.0002777120  -0.0012748174
        0.0011499598   0.0003299578  -0.0000291906  -0.0001281784  -0.0001733453
        0.1084070233   0.0741506276   0.1406496296  -0.0194581482  -0.0167805857
       -0.0219092264   0.0090282200   0.0068076757   0.0077957102
       -0.0000234871  -0.0000037015   0.0000078550  -0.0000284683   0.0000042206
       -0.0000284853   0.0000442066  -0.0000105668   0.0001065708  -0.0005374542
        0.0003566851   0.0012738228  -0.0040011567   0.0035155080  -0.0009995550
       -0.0137012464   0.0082349352   0.0214753821  -0.0843888850   0.0202813341
        0.0882218544  -0.0000085236   0.0000017499  -0.0000218165  -0.0000073839
       -0.0000142910   0.0000030737   0.0000055010   0.0000028327  -0.0000057477
        0.0000465661   0.0000018808  -0.0000449912   0.0000295411   0.0000499751
        0.0000401022   0.0000019897   0.0000022560   0.0000064349  -0.0000000750
       -0.0000135419  -0.0000234721  -0.0003019356   0.0002779388  -0.0000095988
        0.0000266737  -0.0000301874   0.0000063635   0.0001797486   0.0000498491
       -0.0002464869  -0.0000473869  -0.0000456761  -0.0002532422   0.0002102322
       -0.0002525713   0.0005019546   0.0006865576  -0.0003986314   0.0000949832
        0.0081269908  -0.0053563044  -0.0194581482   0.0983714827  -0.0271881559
       -0.1025011501  -0.0046834874   0.0005344620   0.0118542967
        0.0000002794   0.0000096719  -0.0000044674   0.0000179954  -0.0000038925
        0.0000163586   0.0000061573  -0.0000056459  -0.0000477949   0.0005732824
       -0.0000765717  -0.0008831367   0.0033533032  -0.0020376236   0.0006165828
        0.0102949150  -0.0057022240  -0.0159904830   0.0203080062  -0.0556734865
       -0.0472020174  -0.0000011302   0.0000017190   0.0000110227   0.0000072185
        0.0000098219  -0.0000031466  -0.0000035109  -0.0000054299  -0.0000022847
       -0.0000220189  -0.0000119001   0.0000159330   0.0000106622  -0.0000253227
        0.0000036709  -0.0000030551   0.0000082381  -0.0000035699   0.0000068227
        0.0000080856   0.0000161555   0.0002027187  -0.0002097946  -0.0000013706
       -0.0000556778   0.0000712722  -0.0000295544   0.0000603541  -0.0000477486
        0.0000199111  -0.0000038144   0.0000594868   0.0002930040  -0.0005228832
        0.0004392228   0.0000200485  -0.0000561872   0.0001041212  -0.0005591164
        0.0050993708  -0.0040586880  -0.0167805857  -0.0271881559   0.0628954162
        0.0547088783  -0.0120846522   0.0042512723   0.0257859623
       -0.0000087446  -0.0000004028  -0.0000174292  -0.0000100281   0.0000000099
        0.0000263002   0.0000252325  -0.0000249596  -0.0000668844  -0.0000663921
        0.0001285867   0.0000323237   0.0001984788  -0.0002310234   0.0007915705
        0.0002136715  -0.0003664700   0.0021764330   0.0879666055  -0.0470492381
       -0.2308042383   0.0000074847   0.0000047526   0.0000398122   0.0000148030
        0.0000216836  -0.0000061279   0.0000149809  -0.0000158366   0.0000069801
       -0.0000290949   0.0000047835   0.0000122286  -0.0000066207  -0.0000223110
       -0.0000423365   0.0000278929   0.0000021536   0.0000611666   0.0000451130
       -0.0000204201   0.0000413750  -0.0000362089   0.0000126644   0.0000424868
        0.0000260090  -0.0000751959   0.0000185249  -0.0003024569  -0.0001088488
        0.0002231990   0.0000726085   0.0002988002   0.0003384269  -0.0000179965
        0.0003449729   0.0005127292  -0.0003305349  -0.0001743617   0.0004303243
        0.0065382312  -0.0063097975  -0.0219092264  -0.1025011501   0.0547088783
        0.2655327268   0.0081581162  -0.0011284203  -0.0174403652
        0.0000112179  -0.0000290180  -0.0000019573  -0.0000463596   0.0000594825
        0.0000125571  -0.0000285436   0.0000046073  -0.0000446142  -0.0000909742
        0.0000183139  -0.0000194330   0.0008065278   0.0003483483  -0.0008342227
        0.0054378695   0.0214945259  -0.0107317968  -0.0640473302  -0.0599851691
        0.0310239011   0.0000011133   0.0000096245  -0.0000011175  -0.0000087526
       -0.0000034616   0.0000058269   0.0000320295  -0.0000122198   0.0000104558
        0.0000133246  -0.0000218182   0.0000037130  -0.0000605739  -0.0000171869
       -0.0000061175   0.0000482981   0.0000300318   0.0000354667   0.0000263099
       -0.0000339899   0.0000190324   0.0000176982  -0.0000594615   0.0000118399
       -0.0000114285  -0.0001105418   0.0000389004  -0.0001956929  -0.0000158025
        0.0001869624  -0.0001194680  -0.0001668574   0.0000414089   0.0009410317
        0.0003792612  -0.0000297158  -0.0033839957   0.0041827726  -0.0010490270
       -0.0085902327  -0.0209863052   0.0090282200  -0.0046834874  -0.0120846522
        0.0081581162   0.0739314187   0.0669995161  -0.0358583990
       -0.0000330584   0.0000279957  -0.0000130635   0.0000664979  -0.0000920339
        0.0000226133  -0.0000369957   0.0000223076   0.0000359232  -0.0001050974
        0.0001480061   0.0000215390  -0.0008405307   0.0003870161   0.0004440631
       -0.0013963508  -0.0210242132   0.0103588848  -0.0603491278  -0.2135092509
        0.0898604405  -0.0000057638  -0.0000129019   0.0000096364   0.0000180110
        0.0000322054  -0.0000146230  -0.0000367473   0.0000033708  -0.0000099561
        0.0000058367   0.0000185051  -0.0000408397   0.0000755594   0.0001160473
        0.0000072642  -0.0000484177  -0.0000536557  -0.0000201439  -0.0000574836
        0.0000220431  -0.0000141356  -0.0000169232   0.0000662576  -0.0000857160
       -0.0000937560   0.0002365972  -0.0000297547   0.0007483650   0.0002706159
       -0.0005622465  -0.0001202749  -0.0002901178  -0.0000421587  -0.0005414437
        0.0008452416  -0.0002011696   0.0041571020  -0.0023420460   0.0010020022
       -0.0089233791  -0.0172867656   0.0068076757   0.0005344620   0.0042512723
       -0.0011284203   0.0669995161   0.2481635032  -0.1064078148
        0.0000012397  -0.0000105347   0.0000088100  -0.0000376320   0.0000597876
       -0.0000115114   0.0000087330   0.0000238396   0.0000157861   0.0001086559
       -0.0000846113  -0.0000711660   0.0002032500  -0.0009047986   0.0006442605
       -0.0001288700   0.0067172431  -0.0028327647   0.0313825896   0.0895727138
       -0.0933379954  -0.0000079060   0.0000092004  -0.0000275541  -0.0000163221
       -0.0000181482   0.0000090004   0.0000152412  -0.0000072690  -0.0000036861
        0.0000240222  -0.0000280820  -0.0000042480  -0.0000208135  -0.0000316842
        0.0000537120   0.0000198493   0.0000369671  -0.0000183752   0.0000007270
       -0.0000124686  -0.0000159084   0.0000100941  -0.0000346683   0.0000199693
        0.0000270946  -0.0000341188  -0.0000658279   0.0000808887  -0.0000510420
        0.0002376548  -0.0001110830  -0.0000330121  -0.0000450269   0.0001588809
        0.0002417463  -0.0001935631  -0.0013108371   0.0009450734   0.0003897921
       -0.0064037001  -0.0157342807   0.0077957102   0.0118542967   0.0257859623
       -0.0174403652  -0.0358583990  -0.1064078148   0.1048932969
