           1           2   1.01886594934098     
           2           3   1.00895981600863     
           3           4   1.00706000457402     
           4           5   1.00705368506621     
           5           6   1.00894161258685     
           6           7   1.01886562390834     
           1           8  0.988145142856815     
           1           9  0.987696171678093     
           1          10  0.987923743625611     
           2          11  0.978462345233402     
           2          12  0.976634001651157     
           3          13  0.975682254534711     
           3          14  0.976873502416285     
           4          15  0.977500893051692     
           4          16  0.977506052521803     
           5          17  0.975728459951511     
           5          18  0.976840477733877     
           6          19  0.976661503746762     
           6          20  0.978448571472827     
           7          21  0.987873074620535     
           7          22  0.987693649746419     
           7          23  0.988190757767813     
