   -0.10138820
   -0.05219813
   -0.05738252
   -0.05729786
   -0.05731964
   -0.05795092
   -0.05733950
   -0.05715645
   -0.05703247
   -0.05623900
   -0.05230850
   -0.10095994
    0.03279355
    0.03279118
    0.03172259
    0.02668207
    0.02668700
    0.02836966
    0.03232689
    0.02569921
    0.02999873
    0.02716767
    0.02697219
    0.02566130
    0.03519511
    0.02477696
    0.03779071
    0.02851347
    0.02579325
    0.02589167
    0.02895552
    0.03305639
    0.02554517
    0.03159793
    0.02669734
    0.03109349
    0.03200267
    0.03079138
