           1           2   1.01910217346613     
           2           3   1.00753674062243     
           3           4   1.00832344881126     
           4           5   1.00659234196828     
           5           6   1.00672098143840     
           6           7   1.00931860972494     
           7           8   1.00697050725477     
           8           9   1.00678457064280     
           9          10   1.00724494098584     
          10          11   1.00889640185927     
          11          12   1.01885525921896     
           1          13  0.988008647118663     
           1          14  0.988011403801897     
           1          15  0.987601996980222     
           2          16  0.978628859042950     
           2          17  0.978662783801737     
           3          18  0.977487196405292     
           3          19  0.972265664493722     
           4          20  0.977015600476935     
           4          21  0.975128055168665     
           5          22  0.977746210546721     
           5          23  0.977415183826772     
           6          24  0.977017871278666     
           6          25  0.972699143701866     
           7          26  0.977045855807901     
           7          27  0.971487402912712     
           8          28  0.976541845285155     
           8          29  0.977389579755750     
           9          30  0.977585736263373     
           9          31  0.976251940730913     
          10          32  0.972015614896573     
          10          33  0.977042697780467     
          11          34  0.976455248342025     
          11          35  0.978612869613034     
          12          36  0.988039876322938     
          12          37  0.987996009481213     
          12          38  0.987749205657522     
