$coord
         -3.674166170897          0.249535715310         -0.035392742689     c 
         -1.073121629981         -0.970618789817          0.035451724437     c 
          1.074110231041          0.969201806782          0.037854883258     c 
          3.673686486831         -0.247811497418         -0.033359746789     c 
         -5.183897695642         -1.138472181136          0.190698018467     h 
         -3.895428909020          1.626595543807          1.480770579031     h 
         -3.993690663881          1.237212460717         -1.819773719302     h 
         -0.892990624918         -2.173345162262          1.721264975370     h 
         -0.847433547126         -2.260734964688         -1.579160179521     h 
          0.897082364802          2.189713684220          1.708398052290     h 
          0.842952061281          2.251339388998         -1.579000614463     h 
          5.189031921364          1.163675932711         -0.012130816241     h 
          3.963322909794         -1.510383904819          1.579124567446     h 
          3.914987490959         -1.389262070899         -1.744461637486     h 
$end
