   -0.10089349
   -0.05298045
   -0.05666653
   -0.05847194
   -0.05896800
   -0.05855805
   -0.05751172
   -0.05684865
   -0.06051228
   -0.05732645
   -0.05807712
   -0.05848691
   -0.05287808
   -0.10144414
    0.03138705
    0.03160697
    0.03425912
    0.02741330
    0.02732620
    0.02862850
    0.03018029
    0.02779533
    0.02701055
    0.02591061
    0.03692849
    0.03501511
    0.02558794
    0.02747486
    0.02709958
    0.02562983
    0.02823981
    0.04092508
    0.02768411
    0.02755869
    0.02596774
    0.02835618
    0.02722047
    0.03292497
    0.02914318
    0.02694623
    0.02766052
    0.03401515
    0.03207618
    0.03165177
