           1           2   1.01898331710487     
           2           3   1.00770735723482     
           3           4   1.00809583259013     
           4           5   1.00576655802783     
           5           6   1.00881139369194     
           6           7   1.00670480481118     
           7           8   1.00584074053170     
           8           9   1.00797943199920     
           9          10   1.00771851610124     
          10          11   1.00593718439894     
          11          12   1.00800254388379     
          12          13   1.00762697996145     
          13          14   1.01902635616155     
           1          15  0.988065617717629     
           1          16  0.987635307862164     
           1          17  0.987589976812364     
           2          18  0.978830528959553     
           2          19  0.978521625177354     
           3          20  0.974246515022577     
           3          21  0.976489114198591     
           4          22  0.977816448214241     
           4          23  0.977526145595593     
           5          24  0.978638531512993     
           5          25  0.972391071192238     
           6          26  0.971193249574499     
           6          27  0.977827576198851     
           7          28  0.978380172459722     
           7          29  0.978150700180080     
           8          30  0.977188679219082     
           8          31  0.975108724830058     
           9          32  0.970158882066485     
           9          33  0.977802289159736     
          10          34  0.977066300260481     
          10          35  0.977605562913718     
          11          36  0.977859873722465     
          11          37  0.977181112912775     
          12          38  0.974646351912369     
          12          39  0.977287547902824     
          13          40  0.978645746042984     
          13          41  0.978757943611965     
          14          42  0.987587332554819     
          14          43  0.988051917263876     
          14          44  0.987625071287993     
