   -0.10048102
   -0.05256696
   -0.05751812
   -0.05606043
   -0.05782539
   -0.05598684
   -0.05764024
   -0.05903719
   -0.05835615
   -0.05718818
   -0.05622274
   -0.05860788
   -0.05686068
   -0.05737911
   -0.05807199
   -0.05311222
   -0.10068912
    0.02961849
    0.03693528
    0.03223599
    0.02809506
    0.02681748
    0.02578185
    0.03133982
    0.02875663
    0.02585705
    0.03458000
    0.02561539
    0.02557343
    0.02875158
    0.02750594
    0.02720333
    0.03844851
    0.02460525
    0.03658052
    0.02443992
    0.02697029
    0.02676696
    0.02750201
    0.02524998
    0.02750148
    0.03830970
    0.02618323
    0.02482592
    0.03338916
    0.02829128
    0.02858312
    0.02893453
    0.03018703
    0.02643163
    0.03267360
    0.03051610
    0.03254672
