           1           2   1.02006169429462     
           2           3   1.00681065186397     
           3           4   1.00801492747898     
           4           5   1.00645332026803     
           5           6   1.00818597194477     
           6           7   1.00659227295432     
           7           8   1.00673799116170     
           8           9   1.00904633365007     
           9          10   1.00668995545855     
          10          11   1.00620918726581     
          11          12   1.00798408878900     
          12          13   1.00760101804079     
          13          14   1.00567273357335     
          14          15   1.00923980175459     
          15          16   1.00679458842751     
          16          17   1.01998585070416     
           1          18  0.987589573154593     
           1          19  0.985164836021185     
           1          20  0.985961839148901     
           2          21  0.978204946532348     
           2          22  0.978762815964760     
           3          23  0.977658788333124     
           3          24  0.976033123050134     
           4          25  0.975218879087400     
           4          26  0.977510431430066     
           5          27  0.970944508996969     
           5          28  0.977596543775158     
           6          29  0.977247401910422     
           6          30  0.972773542662009     
           7          31  0.977739614113201     
           7          32  0.977589698160739     
           8          33  0.968581158232765     
           8          34  0.978249084492097     
           9          35  0.969218275312189     
           9          36  0.977973039672112     
          10          37  0.978105209947237     
          10          38  0.977866068124524     
          11          39  0.973615466380537     
          11          40  0.977283760815958     
          12          41  0.975966381970584     
          12          42  0.970756369846452     
          13          43  0.977743195488368     
          13          44  0.977133326990663     
          14          45  0.973859511155204     
          14          46  0.975722626933143     
          15          47  0.977378732984061     
          15          48  0.975419808561493     
          16          49  0.977389308656439     
          16          50  0.978820353311335     
          17          51  0.987788701724253     
          17          52  0.987578881842555     
          17          53  0.985476023685695     
