$coord
        -11.861809914697         -1.125561008990         -0.601327007325     c 
         -9.674886701859          0.662653587760         -0.033872503138     c 
         -7.132741843820         -0.708934310027         -0.012791223871     c 
         -4.863706851840          1.063176555621          0.275915442398     c 
         -2.387187823604         -0.399414605798          0.530670480814     c 
         -0.004766186476          1.191558987625          0.125154835452     c 
          2.385203727386         -0.371566480767          0.484550167367     c 
          4.827095062437          1.012372724973         -0.202172043636     c 
          7.157210484441         -0.657100518076          0.199547956766     c 
          9.628606065574          0.590749644080         -0.607588427364     c 
         11.920295155162         -1.075674337556         -0.102475071775     c 
        -13.692684617060         -0.184513059953         -0.530554415169     h 
        -11.919607578942         -2.685367417338          0.743659380979     h 
        -11.661863570252         -1.963794063071         -2.470821626198     h 
         -9.615391380763          2.201334823987         -1.438596942733     h 
         -9.975150919372          1.617964356027          1.797307248237     h 
         -6.924450826742         -1.801607339665         -1.766408830002     h 
         -7.118282319803         -2.124541434377          1.504104012141     h 
         -5.126865212235          2.323284936885          1.903349346871     h 
         -4.755187097987          2.322998553264         -1.371036987871     h 
         -2.387184095174         -1.979357358062         -0.805168982507     h 
         -2.316651105907         -1.296389434043          2.394074884850     h 
          0.002026087440          2.810052352212          1.410920338111     h 
         -0.016177789839          2.008034482623         -1.779067337663     h 
          2.239024286493         -2.086467040931         -0.664032087282     h 
          2.486932181855         -1.038641224115          2.440098846462     h 
          4.748779236092          1.646963306776         -2.178119155952     h 
          4.994847814700          2.756831601381          0.913211598510     h 
          7.281253292139         -1.198097728727          2.194297208463     h 
          6.918565417758         -2.441055229395         -0.827380987422     h 
          9.531206319221          1.083319195160         -2.622269309532     h 
          9.825250703706          2.409931053727          0.378565185133     h 
         13.684013507119         -0.136431022187         -0.608424137500     h 
         11.822561157484         -2.834035475750         -1.173664843232     h 
         12.054746306181         -1.582386001810          1.893230137667     h 
$end
