   112
          2          1          2
          2          3          4
          1          5          5
          1          6          6
          1          7          7
          2          8          9
          1         10         10
          1         11         11
          1         12         12
          2         13         14
          1         15         15
          1         16         16
          1         17         17
          1         18         18
          1         19         19
          2         20         21
          1         22         22
          2         23         24
          1         25         25
          1         26         26
          1         27         27
          1         28         28
          1         29         29
          1         30         30
          1         31         31
          1         32         32
          1         33         33
          1         34         34
          1         35         35
          1         36         36
          1         37         37
          1         38         38
          1         39         39
          1         40         40
          1         41         41
          1         42         42
          1         43         43
          1         44         44
          1         45         45
          1         46         46
          1         47         47
          1         48         48
          1         49         49
          1         50         50
          1         51         51
          1         52         52
          1         53         53
          2         54         55
          1         56         56
          1         57         57
          1         58         58
          1         59         59
          1         60         60
          1         61         61
          1         62         62
          1         63         63
          1         64         64
          1         65         65
          1         66         66
          2         67         68
          1         69         69
          1         70         70
          1         71         71
          1         72         72
          1         73         73
          1         74         74
          1         75         75
          1         76         76
          1         77         77
          1         78         78
          1         79         79
          1         80         80
          1         81         81
          1         82         82
          1         83         83
          1         84         84
          1         85         85
          2         86         87
          1         88         88
          2         89         90
          2         91         92
          2         93         94
          1         95         95
          1         96         96
          1         97         97
          1         98         98
          1         99         99
          1        100        100
          1        101        101
          1        102        102
          1        103        103
          1        104        104
          1        105        105
          1        106        106
          1        107        107
          1        108        108
          1        109        109
          1        110        110
          2        111        112
          1        113        113
          1        114        114
          1        115        115
          1        116        116
          1        117        117
          1        118        118
          1        119        119
          2        120        121
          1        122        122
          1        123        123
          1        124        124
          1        125        125
          1        126        126
