   -0.07181663
   -0.05105444
   -0.05184107
   -0.05152615
   -0.05161510
   -0.05159353
   -0.05076884
   -0.05162005
   -0.05102393
   -0.05104522
   -0.07183165
    0.02342957
    0.02491672
    0.02485098
    0.02540221
    0.02540639
    0.02468819
    0.02608086
    0.02629020
    0.02502135
    0.02634227
    0.02509586
    0.02594087
    0.02645056
    0.02490719
    0.02658056
    0.02428480
    0.02434166
    0.02453345
    0.02627229
    0.02632013
    0.02545616
    0.02486754
    0.02483268
    0.02342411
