$coord
          9.047028696018          1.478610045148         -1.612237843705     c 
          8.188836905993          0.769001305914          1.041107891144     c 
          5.859836189295         -0.949744286631          1.073005056000     c 
          3.427238197272          0.310209467807          0.157424077331     c 
          1.170854897091         -1.492866775870          0.257753223939     c 
         -1.331639050590         -0.280453884016         -0.527962915678     c 
         -3.547969516113         -2.129249005144         -0.360604533347     c 
         -6.102340734369         -0.954582615474         -1.056707817717     c 
         -7.066387996529          0.933500248480          0.909798399878     c 
         -9.611062272971          2.079731161917          0.212339005081     c 
          7.789095092068          2.858957145853         -2.500478325165     h 
         10.960278852496          2.292301626680         -1.618242694707     h 
          9.099825126083         -0.202245509000         -2.828393931931     h 
          9.750426088604         -0.192932745069          2.028346109770     h 
          7.816384380916          2.480749082075          2.160722376090     h 
          6.235602279282         -2.632144845566         -0.081903083099     h 
          5.545666905074         -1.684027755274          2.990292626331     h 
          3.034712240091          1.993625496303          1.301120281321     h 
          3.674006861708          1.022723120604         -1.772925842278     h 
          0.988487712038         -2.262263866365          2.176774908657     h 
          1.546670233146         -3.141487419168         -0.944281550949     h 
         -1.174548371372          0.461152588454         -2.459401766055     h 
         -1.695237904025          1.378701258251          0.659741783500     h 
         -3.156946285825         -3.767098304073         -1.577334276231     h 
         -3.650068873519         -2.903684709354          1.563954342823     h 
         -7.527238246594         -2.442160421822         -1.311259384804     h 
         -5.956979879861         -0.021617475399         -2.901916505067     h 
         -7.185333727303         -0.001637852314          2.761524830451     h 
         -5.663555381613          2.444240940172          1.166365641071     h 
         -9.498157491499          3.119078113258         -1.569328277447     h 
        -11.049018885657          0.618560155249         -0.023351037987     h 
        -10.293954768200          3.391734586819          1.660807613502     h 
$end
