   123
          1          1          1
          1          2          2
          1          3          3
          1          4          4
          1          5          5
          2          6          7
          1          8          8
          1          9          9
          1         10         10
          1         11         11
          3         12         14
          1         15         15
          1         16         16
          1         17         17
          1         18         18
          1         19         19
          2         20         21
          1         22         22
          2         23         24
          2         25         26
          1         27         27
          2         28         29
          1         30         30
          1         31         31
          1         32         32
          1         33         33
          1         34         34
          1         35         35
          2         36         37
          4         38         41
          1         42         42
          1         43         43
          1         44         44
          1         45         45
          1         46         46
          1         47         47
          2         48         49
          1         50         50
          1         51         51
          1         52         52
          3         53         55
          2         56         57
          1         58         58
          1         59         59
          1         60         60
          1         61         61
          1         62         62
          1         63         63
          1         64         64
          2         65         66
          1         67         67
          1         68         68
          1         69         69
          1         70         70
          2         71         72
          1         73         73
          1         74         74
          1         75         75
          1         76         76
          1         77         77
          1         78         78
          1         79         79
          1         80         80
          1         81         81
          1         82         82
          2         83         84
          3         85         87
          1         88         88
          1         89         89
          1         90         90
          1         91         91
          2         92         93
          1         94         94
          1         95         95
          1         96         96
          1         97         97
          1         98         98
          1         99         99
          1        100        100
          1        101        101
          1        102        102
          1        103        103
          1        104        104
          1        105        105
          1        106        106
          1        107        107
          1        108        108
          2        109        110
          1        111        111
          2        112        113
          1        114        114
          1        115        115
          1        116        116
          1        117        117
          1        118        118
          2        119        120
          1        121        121
          2        122        123
          2        124        125
          1        126        126
          1        127        127
          4        128        131
          1        132        132
          1        133        133
          1        134        134
          1        135        135
          1        136        136
          1        137        137
          1        138        138
          1        139        139
          1        140        140
          2        141        142
          1        143        143
          1        144        144
          1        145        145
          1        146        146
          1        147        147
          1        148        148
          1        149        149
          1        150        150
          1        151        151
          1        152        152
          1        153        153
