           1           2   1.02655647514072     
           2           3   1.01137172099400     
           3           4   1.01250599640608     
           4           5   1.01111024921416     
           5           6   1.01235341936200     
           6           7   1.01110791366338     
           7           8   1.01284160029437     
           8           9   1.01120690363212     
           9          10   1.02648702489692     
           1          11  0.982195200715125     
           1          12  0.979070358473087     
           1          13  0.981165618731701     
           2          14  0.975580034874950     
           2          15  0.977274298716546     
           3          16  0.976134476581835     
           3          17  0.973446895015268     
           4          18  0.972677858336095     
           4          19  0.975684573227986     
           5          20  0.972069599828744     
           5          21  0.975720610099335     
           6          22  0.975868955545744     
           6          23  0.973469966912589     
           7          24  0.973291034696395     
           7          25  0.974129426334175     
           8          26  0.974632390627886     
           8          27  0.973521358990332     
           9          28  0.975823211274949     
           9          29  0.977346932433850     
          10          30  0.978415788573043     
          10          31  0.982117711871791     
          10          32  0.981068666682764     
