$coord
         13.568561770776          3.481189405040         -0.565242739834     c 
         12.043260369125          1.327313968669          0.587047596679     c 
          9.273564302442          1.340414999125         -0.244495757433     c 
          7.732621615676         -0.797365597494          0.942226062775     c 
          5.042242948610         -0.962981064228         -0.095889368527     c 
          3.533454214945         -3.162231187523          1.021445990139     c 
          0.956632243797         -3.536796626333         -0.244138326163     c 
         -0.966697020579         -1.470460006539          0.382890445444     c 
         -3.355872879912         -1.651104253800         -1.233963102269     c 
         -5.430475824868          0.185300812246         -0.416438080125     c 
         -7.750186038228          0.083602310878         -2.138169554565     c 
         -9.951258743620          1.729465401820         -1.227387645682     c 
        -11.223074053484          0.722619226495          1.166548767610     c 
        -13.478945826206          2.305906902727          1.977442924324     c 
         15.598195208350          3.269834739308         -0.213001197368     h 
         13.298045859529          3.568628996265         -2.612107849268     h 
         12.995836877042          5.314309088792          0.211310579748     h 
         12.141681376293          1.407759611023          2.664245532017     h 
         12.892494702626         -0.504715328848          0.082113459297     h 
          8.407492591046          3.168966706544          0.209238217455     h 
          9.174985118975          1.199410554603         -2.311736701422     h 
          7.680677474123         -0.568371556820          3.002356882456     h 
          8.702826013537         -2.602673876047          0.627277490344     h 
          5.115851333067         -1.160008619607         -2.159197322084     h 
          4.055566333104          0.828180429182          0.236792311144     h 
          3.281932211713         -2.878831104723          3.060009880999     h 
          4.659430736876         -4.897688421267          0.850780931894     h 
          0.159656482593         -5.380576083712          0.279696606767     h 
          1.217966563416         -3.630513573467         -2.299086826218     h 
         -0.113157454083          0.401578692932          0.137852464409     h 
         -1.466195496949         -1.570294201229          2.393690394595     h 
         -4.089578583743         -3.589934779132         -1.174828083316     h 
         -2.874636969661         -1.321460195587         -3.224189493895     h 
         -5.975320199889         -0.230030750754          1.538673111728     h 
         -4.680711623171          2.117426041134         -0.364882548052     h 
         -8.392007988968         -1.880122731275         -2.313215872504     h 
         -7.186125346921          0.641077815967         -4.056784065891     h 
         -9.285100661355          3.665201085738         -0.900958576527     h 
        -11.379306992141          1.893873982605         -2.724258251951     h 
        -11.810547657887         -1.242334000331          0.851385218254     h 
         -9.840265464544          0.625443126940          2.707095856689     h 
        -12.922126138224          4.251441213668          2.374495289159     h 
        -14.913933363841          2.373298759852          0.498682635758     h 
        -14.380063122138          1.558949449566          3.678696566818     h 
$end
