           1           2   1.02655700910853     
           2           3   1.01251729923194     
           3           4   1.01311072911163     
           4           5   1.01105426782744     
           5           6   1.01104642444714     
           6           7   1.01285266646481     
           7           8   1.01079507835320     
           8           9   1.01262231121372     
           9          10   1.01174089969003     
          10          11   1.01371634099983     
          11          12   1.00777921378280     
          12          13   1.01211241202636     
          13          14   1.02593900531083     
           1          15  0.981035687921445     
           1          16  0.981011958446491     
           1          17  0.982365086719109     
           2          18  0.975775722521188     
           2          19  0.975596440100717     
           3          20  0.972427515934022     
           3          21  0.974679618576870     
           4          22  0.972036312233278     
           4          23  0.975364167341857     
           5          24  0.976039556851129     
           5          25  0.976105576079698     
           6          26  0.972523933642471     
           6          27  0.972284980590100     
           7          28  0.973442545390811     
           7          29  0.974446025447620     
           8          30  0.974669466875036     
           8          31  0.975711539892161     
           9          32  0.974077946458957     
           9          33  0.971715914632312     
          10          34  0.973550139573224     
          10          35  0.970420169229441     
          11          36  0.976612294425880     
          11          37  0.974126337377655     
          12          38  0.978306350546812     
          12          39  0.974373299240829     
          13          40  0.975662847628306     
          13          41  0.976833728508546     
          14          42  0.980991451382582     
          14          43  0.981547569349128     
          14          44  0.977941560155297     
