$coord
          6.036859518113          0.423656436786         -0.170013834306     c 
          3.564998181517         -1.018140261545          0.115379425601     c 
          1.250063525783          0.707140031490          0.090456232568     c 
         -1.258178795514         -0.739182667827          0.049345897819     c 
         -3.550023805823          1.014921849061          0.100503870291     c 
         -6.044660360689         -0.390182855363         -0.152412961396     c 
          7.677991397060         -0.832031889466         -0.048656328505     h 
          6.248528936788          1.869641189797          1.294766963342     h 
          6.122381895624          1.386045562313         -2.001217707087     h 
          3.385758050525         -2.430922664175         -1.399283801424     h 
          3.566897558674         -2.127436884193          1.874112545388     h 
          1.344843530691          1.952788288559         -1.565928433130     h 
          1.297462822760          1.978564263325          1.728656200193     h 
         -1.332313083899         -2.073430703164          1.639663383117     h 
         -1.333633058609         -1.923953561799         -1.659421706065     h 
         -3.521291716692          2.132746243858          1.848720762113     h 
         -3.359795151628          2.407076723403         -1.431713553035     h 
         -7.676736612794          0.881512060817         -0.063447789877     h 
         -6.152593016752         -1.395964617414         -1.954427904177     h 
         -6.256279009797         -1.803333020962          1.341839028759     h 
$end
