   -0.10199218
   -0.05265778
   -0.05906500
   -0.05862495
   -0.05798850
   -0.05794079
   -0.05872526
   -0.05869438
   -0.05777232
   -0.05812467
   -0.05940692
   -0.05293232
   -0.10182184
    0.03239491
    0.03307202
    0.03303999
    0.02833277
    0.02820574
    0.02877193
    0.02917451
    0.03046934
    0.02888324
    0.02835109
    0.02949433
    0.02951048
    0.02811553
    0.02875656
    0.03036768
    0.03022236
    0.02903110
    0.02928009
    0.02819708
    0.02888709
    0.02771997
    0.03201254
    0.02995290
    0.02750697
    0.02787600
    0.03303811
    0.03292456
    0.03215804
