           1           2   1.01912054934452     
           2           3   1.00779037658030     
           3           4   1.00695415764557     
           4           5   1.00797544590731     
           5           6   1.00597488841881     
           6           7   1.00799241976120     
           7           8   1.00655985271730     
           8           9   1.00785247960369     
           9          10   1.00611727505400     
          10          11   1.00819650887733     
          11          12   1.00765144717533     
          12          13   1.01916029580768     
           1          14  0.987553932875153     
           1          15  0.988006593729429     
           1          16  0.988018682812328     
           2          17  0.978662445947772     
           2          18  0.978612787528318     
           3          19  0.977415783838706     
           3          20  0.977591383787899     
           4          21  0.975553243557043     
           4          22  0.977278143892176     
           5          23  0.977171425033306     
           5          24  0.977374572398526     
           6          25  0.977196532448943     
           6          26  0.977235849698910     
           7          27  0.977487783026686     
           7          28  0.975333217302003     
           8          29  0.975772936176129     
           8          30  0.977258792284672     
           9          31  0.977564725651874     
           9          32  0.977028991744548     
          10          33  0.977289898459731     
          10          34  0.977171513906471     
          11          35  0.975697864378424     
          11          36  0.977361644657753     
          12          37  0.978555247135813     
          12          38  0.978690301841775     
          13          39  0.988035414563279     
          13          40  0.987986124021007     
          13          41  0.987577924728072     
