$coord
         -3.680137163301         -0.247795116517          0.014201075836     c 
         -1.071071235563          0.967554289464         -0.019274377550     c 
          1.072502204271         -0.967949496923         -0.016971724938     c 
          3.681121002630          0.245714938507          0.016340037363     c 
         -3.986538694992         -1.414004613312         -1.659296133020     h 
         -3.910402213995         -1.454645874050          1.676267941483     h 
         -5.198478469200          1.149744294379          0.073709364042     h 
         -0.870968308049          2.220796213352         -1.663303035357     h 
         -0.858351254738          2.227217569213          1.620482008052     h 
          0.870776053189         -2.206939369617         -1.671151574238     h 
          0.850764913821         -2.221306927475          1.622480497178     h 
          5.183087791225         -1.149142988495          0.153771216095     h 
          4.019563795693          1.339911093118         -1.696867880150     h 
          3.871769466813          1.537869417518          1.611893136527     h 
$end
