           1           2   1.02661852993844     
           2           3   1.01167096612391     
           3           4   1.02661581367084     
           1           5  0.979233353515263     
           1           6  0.981015376911389     
           1           7  0.982329821942592     
           2           8  0.975819759822242     
           2           9  0.977537588284438     
           3          10  0.975820276875902     
           3          11  0.977537505752378     
           4          12  0.982327455238488     
           4          13  0.979240215392405     
           4          14  0.981008804458866     
