   -0.10210219
   -0.05285625
   -0.05893581
   -0.05825254
   -0.05823423
   -0.05871765
   -0.05806170
   -0.05794657
   -0.05888650
   -0.05906637
   -0.05275567
   -0.10205316
    0.03255181
    0.03319241
    0.03319849
    0.02842949
    0.02843301
    0.02962541
    0.02959223
    0.02831910
    0.02844063
    0.02809639
    0.02850954
    0.02936241
    0.03131987
    0.02846345
    0.02942750
    0.02847590
    0.02942747
    0.03088196
    0.02892541
    0.02918387
    0.02876924
    0.02824723
    0.02837665
    0.03307074
    0.03310210
    0.03244633
