           1           2   1.01907325559466     
           2           3   1.00773548473444     
           3           4   1.00706728276227     
           4           5   1.00685517015561     
           5           6   1.00660344854377     
           6           7   1.00795305920238     
           7           8   1.00591217210926     
           8           9   1.00801064808849     
           9          10   1.00688647916630     
          10          11   1.00778899450615     
          11          12   1.01907577247220     
           1          13  0.987561787497471     
           1          14  0.988030366665057     
           1          15  0.988022431451170     
           2          16  0.978639011288661     
           2          17  0.978645410227913     
           3          18  0.977536847109429     
           3          19  0.977558323460244     
           4          20  0.977455794893198     
           4          21  0.977545462598685     
           5          22  0.977532237543614     
           5          23  0.977596949939683     
           6          24  0.977367501058223     
           6          25  0.975267617398957     
           7          26  0.977190141185311     
           7          27  0.977405979106640     
           8          28  0.977200350283777     
           8          29  0.977432080746840     
           9          30  0.975285677601492     
           9          31  0.977379573407262     
          10          32  0.977599159895834     
          10          33  0.977527286036793     
          11          34  0.978602552554291     
          11          35  0.978670271827950     
          12          36  0.988044739363886     
          12          37  0.988035545113439     
          12          38  0.987564428083065     
