   -0.10095697
   -0.05239776
   -0.05752168
   -0.05778325
   -0.05811296
   -0.05806638
   -0.05805516
   -0.05817521
   -0.05827520
   -0.05813169
   -0.05844366
   -0.05868163
   -0.05817308
   -0.05809413
   -0.05870863
   -0.05913667
   -0.05272545
   -0.10207525
    0.03259238
    0.02976108
    0.03564967
    0.02619346
    0.03069982
    0.02708357
    0.02882768
    0.03298120
    0.02648471
    0.02801124
    0.03226951
    0.02792553
    0.02762901
    0.02874758
    0.02864264
    0.02897079
    0.02875130
    0.02883211
    0.02907959
    0.02889552
    0.02895208
    0.02866790
    0.02813304
    0.02930548
    0.03138325
    0.02967842
    0.02838512
    0.02963385
    0.02853207
    0.02895343
    0.03056785
    0.02922539
    0.02882460
    0.02837483
    0.02825096
    0.03307764
    0.03310550
    0.03243494
