           1           2   1.01997844883749     
           2           3   1.00769626288613     
           3           4   1.00684419440188     
           4           5   1.00803566251782     
           5           6   1.00655948838399     
           6           7   1.00676816827520     
           7           8   1.00673524176378     
           8           9   1.00670774501049     
           9          10   1.00676039288723     
          10          11   1.00673919101842     
          11          12   1.00664389281593     
          12          13   1.00795818724356     
          13          14   1.00590396788087     
          14          15   1.00798381033175     
          15          16   1.00691932620129     
          16          17   1.00781189785223     
          17          18   1.01905966637270     
           1          19  0.987710221858831     
           1          20  0.987665838614614     
           1          21  0.986089554964188     
           2          22  0.978575879456556     
           2          23  0.976412018683012     
           3          24  0.977717161803750     
           3          25  0.977446501961450     
           4          26  0.975384375228324     
           4          27  0.977096882688995     
           5          28  0.977561126836264     
           5          29  0.975044763355189     
           6          30  0.977400346422566     
           6          31  0.977725639379423     
           7          32  0.977222896162528     
           7          33  0.977824208159775     
           8          34  0.977309581349845     
           8          35  0.977822390362465     
           9          36  0.977742801703085     
           9          37  0.977281803259159     
          10          38  0.977765702183055     
          10          39  0.977350780894405     
          11          40  0.977434043711517     
          11          41  0.977595129367322     
          12          42  0.977461583592617     
          12          43  0.975329665286448     
          13          44  0.977182222788288     
          13          45  0.977310664696191     
          14          46  0.977384187652148     
          14          47  0.977182421784945     
          15          48  0.977311124169148     
          15          49  0.975518815282785     
          16          50  0.977597035017416     
          16          51  0.977404845904431     
          17          52  0.978684676096676     
          17          53  0.978650797156057     
          18          54  0.988022771767418     
          18          55  0.988027341331001     
          18          56  0.987572291473185     
