           1           2   1.01996816885166     
           2           3   1.00693382734418     
           3           4   1.00790627120717     
           4           5   1.00789556468806     
           5           6   1.00596125709004     
           6           7   1.00821225490977     
           7           8   1.00764098030081     
           8           9   1.01908155867473     
           1          10  0.987632335057629     
           1          11  0.986319608125535     
           1          12  0.987645989001068     
           2          13  0.978774066106409     
           2          14  0.978380142892306     
           3          15  0.977428593552050     
           3          16  0.977373898893847     
           4          17  0.977288490519416     
           4          18  0.973167049443017     
           5          19  0.977370880128328     
           5          20  0.977222693684639     
           6          21  0.977303388706446     
           6          22  0.977445558648854     
           7          23  0.975106565607693     
           7          24  0.977367521286327     
           8          25  0.978703428892720     
           8          26  0.978646462794740     
           9          27  0.987599254185681     
           9          28  0.987983974847039     
           9          29  0.988051947745778     
