$hessian                                                                        
        0.4811536689   0.0311518294   0.0000277944  -0.1550871768   0.0655645697
        0.0000159398  -0.0291794939   0.0107433508   0.0000071022  -0.0040686522
       -0.0028629146   0.0000061112  -0.0010940883   0.0007570208  -0.0000003564
       -0.0003148531  -0.0002279539  -0.0000009149  -0.0001384382   0.0000635380
        0.0000003719  -0.0432014113   0.0000834977   0.0020440582  -0.0432178168
        0.0003552383  -0.0024502761  -0.1986498617  -0.1155314903   0.0003543560
       -0.0038645064   0.0042318834  -0.0018977080  -0.0038270966   0.0042107933
        0.0018912400   0.0007544231   0.0008302380  -0.0002688899   0.0007569065
        0.0008387174   0.0002701580  -0.0000268628  -0.0001234887  -0.0001493392
       -0.0000250287  -0.0001264826   0.0001501171   0.0000068404   0.0000583318
        0.0000473771   0.0000071705   0.0000590253  -0.0000469567   0.0000216135
       -0.0000389456   0.0000382367   0.0000217554  -0.0000390593  -0.0000384560
       -0.0000441930  -0.0000214531   0.0000000283   0.0000084907   0.0000117523
        0.0000135285   0.0000086106   0.0000120017  -0.0000135223
        0.0311518294   0.5038811429  -0.0000250523   0.0646836278  -0.1110906954
       -0.0000147609  -0.0104812197   0.0076083082  -0.0000027414  -0.0026516632
       -0.0012157426   0.0000017127  -0.0006958962   0.0005329209  -0.0000006965
       -0.0001991622  -0.0001473210  -0.0000004276  -0.0000635393   0.0000522615
        0.0000002156   0.0004942531  -0.1241905659  -0.1118959522   0.0007687453
       -0.1235921935   0.1116867367  -0.1157994602  -0.1271720207   0.0002579100
        0.0172229581  -0.0130991193   0.0028669165   0.0172468232  -0.0131247600
       -0.0028747183  -0.0008430474   0.0006727146  -0.0003496843  -0.0008521196
        0.0006784652   0.0003514434  -0.0000572394   0.0000647079   0.0001417664
       -0.0000564567   0.0000636571  -0.0001426581   0.0000717928   0.0000333669
       -0.0000032260   0.0000723980   0.0000338892   0.0000033163  -0.0000000686
        0.0000046946  -0.0000128618   0.0000001965   0.0000045206   0.0000127070
       -0.0000356035   0.0000054217   0.0000000847   0.0000114030  -0.0000017603
       -0.0000071887   0.0000114489  -0.0000018926   0.0000071586
        0.0000277944  -0.0000250523   0.5231743190   0.0000243172  -0.0000178164
       -0.0681029620   0.0000289201  -0.0000165222   0.0004533009   0.0000006656
        0.0000030555   0.0003181151   0.0000009370  -0.0000011516   0.0001980137
        0.0000000806   0.0000001905   0.0000089952   0.0000000908  -0.0000000799
        0.0000061265   0.0022678230  -0.1119649113  -0.2037941855  -0.0026758615
        0.1117525561  -0.2043855499   0.0003518630   0.0002561818  -0.0452805971
       -0.0204756200   0.0161205182  -0.0016214333   0.0204554463  -0.0161068521
       -0.0016274405   0.0007099290  -0.0002849120   0.0003004987  -0.0007156983
        0.0002852201   0.0003018621  -0.0001166561   0.0000518578   0.0000322926
        0.0001161354  -0.0000523813   0.0000329800   0.0000227400   0.0000184536
       -0.0000019381  -0.0000228847  -0.0000182455  -0.0000017309   0.0000136336
        0.0000069738  -0.0000014771  -0.0000137454  -0.0000070274  -0.0000015462
        0.0000002117  -0.0000001301  -0.0000021871   0.0000016463   0.0000006292
       -0.0000026425  -0.0000017682  -0.0000005545  -0.0000028133
       -0.1550871768   0.0646836278   0.0000243172   0.4553922122  -0.0041648163
        0.0000674557  -0.1458973970  -0.0640977344   0.0000823442  -0.0281903167
       -0.0100352793   0.0000022604  -0.0036931472   0.0026092713   0.0000008014
       -0.0009789868  -0.0006849835  -0.0000029551  -0.0003148496   0.0001991645
        0.0000007832  -0.0031933434   0.0042741279   0.0026402024  -0.0032408787
        0.0043016095  -0.0026416872  -0.0262828994   0.0134894013   0.0000131491
       -0.0411611717  -0.0002397514  -0.0002371404  -0.0411674746  -0.0003682229
        0.0000396829  -0.0037496921  -0.0042111358   0.0021554641  -0.0037488469
       -0.0042156541  -0.0021509097   0.0007323111  -0.0008209147  -0.0002682996
        0.0007345685  -0.0008303475   0.0002751904  -0.0000546360   0.0001014191
        0.0001192859  -0.0000533855   0.0001041125  -0.0001198189   0.0000005253
       -0.0000485741   0.0000394368   0.0000009365  -0.0000491109  -0.0000395036
       -0.0000918931  -0.0000680562  -0.0000000587   0.0000226774   0.0000356965
        0.0000311326   0.0000228645   0.0000361508  -0.0000311332
        0.0655645697  -0.1110906954  -0.0000178164  -0.0041648163   0.4995564638
        0.0000446006  -0.0630315900  -0.1100242265   0.0000578194   0.0103808566
        0.0074216108  -0.0000015303   0.0026785491  -0.0014107273   0.0000028680
        0.0006849961   0.0006214615   0.0000016394   0.0002279544  -0.0001473288
       -0.0000006424   0.0166396304  -0.0137355114  -0.0034150700   0.0165976624
       -0.0136870077   0.0034031124  -0.0129891661   0.0087445241   0.0000065498
       -0.0007238943  -0.1198551160   0.1055323546  -0.0008535723  -0.1201072133
       -0.1056396175  -0.0165456328  -0.0137194751   0.0035346716  -0.0166050019
       -0.0137862932  -0.0035074615   0.0010474335   0.0005315304   0.0002202654
        0.0010565777   0.0005361006  -0.0002210834   0.0000127515   0.0000520189
        0.0001260664   0.0000122554   0.0000519001  -0.0001266212  -0.0000488558
        0.0000081427   0.0000332884  -0.0000487969   0.0000083572  -0.0000330806
        0.0001310475   0.0000078660  -0.0000004454  -0.0000113382   0.0000119301
        0.0000188095  -0.0000116197   0.0000116884  -0.0000186769
        0.0000159398  -0.0000147609  -0.0681029620   0.0000674557   0.0000446006
        0.5393708163   0.0000918507   0.0000591944  -0.0692693994  -0.0000215763
       -0.0000078110   0.0002979101  -0.0000077329   0.0000062132   0.0002950143
       -0.0000024477  -0.0000017494   0.0002072080  -0.0000007833   0.0000004021
        0.0000088899   0.0208864591  -0.0160856948  -0.0015550088  -0.0209263701
        0.0161005105  -0.0015467004   0.0000457283  -0.0000265975   0.0003297046
        0.0000414808   0.1053698987  -0.1982421740  -0.0002377795  -0.1054675922
       -0.1979966878   0.0204500368   0.0167357576  -0.0021036732  -0.0203933052
       -0.0167085914  -0.0020477772   0.0008374829   0.0001325029   0.0001801085
       -0.0008481714  -0.0001352598   0.0001839605   0.0000791870   0.0000212592
        0.0000111860  -0.0000773566  -0.0000220996   0.0000092298   0.0000102178
       -0.0000035026  -0.0000092686  -0.0000100672   0.0000033360  -0.0000095985
       -0.0000001138   0.0000000033   0.0000045110   0.0000065573  -0.0000106237
       -0.0000076178  -0.0000066921   0.0000106044  -0.0000076710
       -0.0291794939  -0.0104812197   0.0000289201  -0.1458973970  -0.0630315900
        0.0000918507   0.4536678042  -0.0003480371  -0.0000419303  -0.1459325722
        0.0636942121  -0.0001201991  -0.0282925065   0.0102480999  -0.0000273318
       -0.0036931760  -0.0026785195  -0.0000107725  -0.0010940813   0.0006958906
        0.0000028820   0.0009696841  -0.0008596412  -0.0003199396   0.0009675946
       -0.0008544344   0.0003176019  -0.0047393021   0.0024733569  -0.0000004296
       -0.0038613760  -0.0044040669   0.0023239227  -0.0038754834  -0.0044204950
       -0.0023069250  -0.0413017629   0.0000106228  -0.0000089037  -0.0412965187
        0.0000698734   0.0000917041  -0.0038033124   0.0042815290   0.0022246166
       -0.0037481102   0.0042307750  -0.0022426551   0.0007715330   0.0008297810
        0.0002798510   0.0007752797   0.0008432281  -0.0002817636  -0.0000571186
       -0.0000855770   0.0001022179  -0.0000562745  -0.0000883561  -0.0001032786
       -0.0003424512  -0.0002298443   0.0000003341   0.0000092505   0.0000517374
        0.0000380424   0.0000097907   0.0000526750  -0.0000378146
        0.0107433508   0.0076083082  -0.0000165222  -0.0640977344  -0.1100242265
        0.0000591944  -0.0003480371   0.4977645260   0.0000564531   0.0634844351
       -0.1095879902   0.0000826468  -0.0102479601   0.0074233563  -0.0000134265
       -0.0026092575  -0.0014106950  -0.0000064170  -0.0007570082   0.0005329114
        0.0000026432   0.0009891538   0.0006726129   0.0003005059   0.0009797606
        0.0006680014  -0.0003021118   0.0039170144  -0.0009985061  -0.0000030554
       -0.0165023492  -0.0137600988   0.0034846627  -0.0165421682  -0.0137878581
       -0.0034449157   0.0000969129  -0.1190977738   0.1047658852   0.0001541341
       -0.1198509241  -0.1050153388   0.0165399812  -0.0136804418  -0.0034551429
        0.0165120734  -0.0136653465   0.0035092123  -0.0010165168   0.0005521614
        0.0002523354  -0.0010201942   0.0005605636  -0.0002579074  -0.0000314132
        0.0000601226  -0.0001240472  -0.0000294158   0.0000582964   0.0001252126
       -0.0003161480  -0.0000733513   0.0000005420   0.0000503230   0.0000184482
       -0.0000309031   0.0000510636   0.0000179038   0.0000304945
        0.0000071022  -0.0000027414   0.0004533009   0.0000823442   0.0000578194
       -0.0692693994  -0.0000419303   0.0000564531   0.5383686145  -0.0001326055
        0.0000878660  -0.0688582811  -0.0000328986   0.0000190299   0.0002970693
        0.0000023432  -0.0000027057   0.0002950741  -0.0000000438   0.0000006930
        0.0001979302   0.0008819429   0.0002495273   0.0002181319  -0.0008791152
       -0.0002480068   0.0002193327   0.0000011018  -0.0000016621   0.0005509496
        0.0204053940   0.0167336999  -0.0019865615  -0.0203825709  -0.0167017874
       -0.0019314288  -0.0001026503   0.1048786774  -0.1978738769   0.0001908075
       -0.1051508140  -0.1971171090   0.0203894821  -0.0166095419  -0.0019555118
       -0.0203955986   0.0166316564  -0.0020241787  -0.0008131864   0.0001535224
        0.0001865040   0.0008196514  -0.0001516912   0.0001964847   0.0000835590
       -0.0000237037   0.0000162432  -0.0000831083   0.0000233582   0.0000179579
       -0.0000002591  -0.0000004626   0.0000048176   0.0000089085   0.0000108152
       -0.0000032020  -0.0000086699  -0.0000100016  -0.0000028614
       -0.0040686522  -0.0026516632   0.0000006656  -0.0281903167   0.0103808566
       -0.0000215763  -0.1459325722   0.0634844351  -0.0001326055   0.4535634633
       -0.0000000252  -0.0001591565  -0.1459328205  -0.0634838320  -0.0001393026
       -0.0281902888  -0.0103806918  -0.0000108933  -0.0040686240   0.0026516545
        0.0000071182  -0.0000477249  -0.0001529104  -0.0001408208  -0.0000492076
       -0.0001507159   0.0001411362  -0.0012648821   0.0007175783   0.0000004529
        0.0007639965   0.0008487549  -0.0002776360   0.0007623875   0.0008416086
        0.0002716306  -0.0037792211   0.0042354550  -0.0022279199  -0.0037974727
        0.0042523724   0.0022264669  -0.0411771166   0.0001424485   0.0002356199
       -0.0411785851  -0.0001430693   0.0002363489  -0.0037886319  -0.0042411558
       -0.0022275545  -0.0037882787  -0.0042468054   0.0022268714   0.0007621406
       -0.0008409910   0.0002697831   0.0007642258  -0.0008493635  -0.0002794931
       -0.0012648713  -0.0007175619   0.0000003795  -0.0000499857   0.0001490400
        0.0001412171  -0.0000469616   0.0001545815  -0.0001407319
       -0.0028629146  -0.0012157426   0.0000030555  -0.0100352793   0.0074216108
       -0.0000078110   0.0636942121  -0.1095879902   0.0000878660  -0.0000000252
        0.4969501603  -0.0000207479  -0.0636935969  -0.1095870488  -0.0000884825
        0.0100353661   0.0074215775   0.0000057105   0.0028629005  -0.0012157448
       -0.0000077734  -0.0000033972   0.0000462036   0.0001142172  -0.0000039187
        0.0000461525  -0.0001139420  -0.0009622707   0.0004320074   0.0000010112
       -0.0010561543   0.0005394315  -0.0002495491  -0.0010464288   0.0005358299
        0.0002481938   0.0164746375  -0.0135772848   0.0034717913   0.0165391823
       -0.0136302405  -0.0034281973   0.0001490094  -0.1194651599  -0.1047103047
       -0.0001496419  -0.1195061586   0.1047360965  -0.0164608803  -0.0135596137
       -0.0034696076  -0.0165529554  -0.0136476214   0.0034302301   0.0010445776
        0.0005355532  -0.0002484317   0.0010579963   0.0005397012   0.0002492965
        0.0009622660   0.0004320106  -0.0000019937   0.0000044217   0.0000461718
        0.0001137629   0.0000028938   0.0000461951  -0.0001143907
        0.0000061112   0.0000017127   0.0003181151   0.0000022604  -0.0000015303
        0.0002979101  -0.0001201991   0.0000826468  -0.0688582811  -0.0001591565
       -0.0000207479   0.5374715772  -0.0001329589  -0.0000862394  -0.0688583482
        0.0000255761   0.0000128919   0.0002978554   0.0000133986  -0.0000038703
        0.0003177783  -0.0000701565   0.0000227675   0.0000145875   0.0000702266
       -0.0000224419   0.0000138435   0.0000016277   0.0000002105   0.0002140486
        0.0008255788  -0.0001503339   0.0001959429  -0.0008144155   0.0001477526
        0.0001934297  -0.0204092204   0.0165602499  -0.0020077248   0.0203570727
       -0.0165288918  -0.0019278579   0.0002312452  -0.1048405066  -0.1972052085
        0.0002323238   0.1048616931  -0.1971741949  -0.0204227712  -0.0165640266
       -0.0020103004   0.0203434966   0.0165247901  -0.0019253545  -0.0008123084
       -0.0001465353   0.0001936869   0.0008278950   0.0001517325   0.0001956511
        0.0000034054  -0.0000001333   0.0002147010   0.0000707268   0.0000220103
        0.0000136982  -0.0000697584  -0.0000232006   0.0000144448
       -0.0010940883  -0.0006958962   0.0000009370  -0.0036931472   0.0026785491
       -0.0000077329  -0.0282925065  -0.0102479601  -0.0000328986  -0.1459328205
       -0.0636935969  -0.0001329589   0.4536670585   0.0003478266   0.0000113501
       -0.1458964704   0.0630313716   0.0002158529  -0.0291794670   0.0104812124
        0.0000760094   0.0000096409  -0.0000524062  -0.0000378966   0.0000093987
       -0.0000520165   0.0000379617  -0.0003424516   0.0002298434   0.0000002399
       -0.0000564881   0.0000880500  -0.0001032118  -0.0000568999   0.0000858832
        0.0001022838   0.0007719466  -0.0008325514   0.0002809836   0.0007749113
       -0.0008404568  -0.0002806457  -0.0037528956  -0.0042336329  -0.0022466125
       -0.0037987308  -0.0042787338   0.0022206679  -0.0413042079  -0.0000780713
       -0.0001135246  -0.0412939851  -0.0000026518  -0.0000116117  -0.0038914843
        0.0044329259  -0.0023006726  -0.0038451536   0.0043914985   0.0023300218
       -0.0047393340  -0.0024732901  -0.0000024967   0.0009642311   0.0008488492
        0.0003157381   0.0009729436   0.0008652544  -0.0003217835
        0.0007570208   0.0005329209  -0.0000011516   0.0026092713  -0.0014107273
        0.0000062132   0.0102480999   0.0074233563   0.0000190299  -0.0634838320
       -0.1095870488  -0.0000862394   0.0003478266   0.4977648661  -0.0000626094
        0.0640975902  -0.1100244386  -0.0001506924  -0.0107432115   0.0076082072
        0.0000382024  -0.0000508534   0.0000179769  -0.0000306084  -0.0000505323
        0.0000183846   0.0000307913   0.0003161519  -0.0000733481  -0.0000003315
        0.0000296682   0.0000585068  -0.0001250980   0.0000311588   0.0000599149
        0.0001241635   0.0010202637   0.0005538051  -0.0002524357   0.0010164167
        0.0005589281   0.0002577926  -0.0165062629  -0.0136607409  -0.0035129026
       -0.0165458383  -0.0136846995   0.0034513551  -0.0001652309  -0.1189174102
       -0.1047027875  -0.0000860600  -0.1200325564   0.1050774947   0.0165627381
       -0.0138020808   0.0034197034   0.0164815859  -0.0137459204  -0.0035096979
       -0.0039169794  -0.0009984844   0.0000065343  -0.0009748241   0.0006638803
        0.0003029224  -0.0009941673   0.0006767081  -0.0002996485
       -0.0000003564  -0.0000006965   0.0001980137   0.0000008014   0.0000028680
        0.0002950143  -0.0000273318  -0.0000134265   0.0002970693  -0.0001393026
       -0.0000884825  -0.0688583482   0.0000113501  -0.0000626094   0.5383688368
        0.0001883754  -0.0001431182  -0.0692701867   0.0000265052   0.0000071684
        0.0004527585  -0.0000087975   0.0000101749  -0.0000027892   0.0000087623
       -0.0000106857  -0.0000029809  -0.0000000175   0.0000003180   0.0000045690
       -0.0000829289  -0.0000233162   0.0000175387   0.0000836302   0.0000237990
        0.0000168619  -0.0008154868  -0.0001539411   0.0001869395   0.0008174382
        0.0001513152   0.0001961338  -0.0203987309  -0.0166371358  -0.0020284176
        0.0203865016   0.0166036321  -0.0019512483  -0.0002058109  -0.1048152048
       -0.1980641719   0.0000888958   0.1052134402  -0.1969266840  -0.0203671140
        0.0166853939  -0.0018942693   0.0204204683  -0.0167500086  -0.0020239897
        0.0000066562   0.0000040061   0.0005521818  -0.0008772123   0.0002470149
        0.0002180949   0.0008837047  -0.0002505052   0.0002190738
       -0.0003148531  -0.0001991622   0.0000000806  -0.0009789868   0.0006849961
       -0.0000024477  -0.0036931760  -0.0026092575   0.0000023432  -0.0281902888
        0.0100353661   0.0000255761  -0.1458964704   0.0640975902   0.0001883754
        0.4553923694   0.0041652218   0.0001573842  -0.1550878649  -0.0646836392
        0.0000410512   0.0000228028  -0.0000359629  -0.0000312420   0.0000227417
       -0.0000358780   0.0000310243  -0.0000918944   0.0000680622  -0.0000000666
        0.0000008997   0.0000491247  -0.0000394495   0.0000005614   0.0000485652
        0.0000394903  -0.0000542169  -0.0001022670   0.0001193413  -0.0000537939
       -0.0001032585  -0.0001197678   0.0007344154   0.0008326411   0.0002766951
        0.0007324030   0.0008186170  -0.0002668166  -0.0037293004   0.0041935349
        0.0021599209  -0.0037689914   0.0042331142  -0.0021462865  -0.0411697665
        0.0004631979  -0.0000929003  -0.0411592818   0.0001445738  -0.0003711572
       -0.0262827430  -0.0134892387   0.0000317621  -0.0032882194  -0.0043295761
       -0.0026423627  -0.0031463457  -0.0042463650   0.0026394521
       -0.0002279539  -0.0001473210   0.0000001905  -0.0006849835   0.0006214615
       -0.0000017494  -0.0026785195  -0.0014106950  -0.0000027057  -0.0103806918
        0.0074215775   0.0000128919   0.0630313716  -0.1100244386  -0.0001431182
        0.0041652218   0.4995571451  -0.0001063077  -0.0655646302  -0.1110903072
        0.0000363452   0.0000115352   0.0000117420   0.0000187682   0.0000114253
        0.0000118829  -0.0000187182  -0.0001310483   0.0000078716   0.0000002287
        0.0000488411   0.0000083404   0.0000331149   0.0000488098   0.0000081640
       -0.0000332538  -0.0000125059   0.0000519067  -0.0001262015  -0.0000124969
        0.0000520128   0.0001264897  -0.0010581522   0.0005374037   0.0002226297
       -0.0010458650   0.0005302107  -0.0002187200   0.0165249642  -0.0136973694
       -0.0035555867   0.0166254157  -0.0138084834   0.0034862802   0.0009442319
       -0.1202933788   0.1057163642   0.0006330898  -0.1196698353  -0.1054553607
        0.0129889701   0.0087443634  -0.0000175320  -0.0165501391  -0.0136387788
       -0.0033960667  -0.0166868902  -0.0137834746   0.0034220175
       -0.0000009149  -0.0000004276   0.0000089952  -0.0000029551   0.0000016394
        0.0002072080  -0.0000107725  -0.0000064170   0.0002950741  -0.0000108933
        0.0000057105   0.0002978554   0.0002158529  -0.0001506924  -0.0692701867
        0.0001573842  -0.0001063077   0.5393704599   0.0000300409   0.0000328552
       -0.0681033111  -0.0000065365  -0.0000106349  -0.0000075235   0.0000066248
        0.0000106474  -0.0000074491  -0.0000002865   0.0000000061   0.0000044580
       -0.0000099990  -0.0000034268  -0.0000095114   0.0000101906   0.0000034626
       -0.0000092586   0.0000790519  -0.0000212513   0.0000113505  -0.0000774085
        0.0000220584   0.0000091313  -0.0008514837   0.0001352576   0.0001854435
        0.0008340066  -0.0001323846   0.0001783695   0.0204673073  -0.0167465277
       -0.0021365621  -0.0203758108   0.0166977252  -0.0020150323  -0.0003704263
        0.1055393676  -0.1978156486  -0.0000928854  -0.1052979212  -0.1984230940
        0.0001349580   0.0000786379   0.0003310647  -0.0209686870  -0.0161185113
       -0.0015461755   0.0208436423   0.0160671347  -0.0015556574
       -0.0001384382  -0.0000635393   0.0000000908  -0.0003148496   0.0002279544
       -0.0000007833  -0.0010940813  -0.0007570082  -0.0000000438  -0.0040686240
        0.0028629005   0.0000133986  -0.0291794670  -0.0107432115   0.0000265052
       -0.1550878649  -0.0655646302   0.0000300409   0.4811537823  -0.0311512702
        0.0000556819   0.0000085872  -0.0000119338  -0.0000135310   0.0000085139
       -0.0000118221   0.0000135200  -0.0000441924   0.0000214521   0.0000000078
        0.0000217327   0.0000390861  -0.0000384105   0.0000216380   0.0000389179
        0.0000382827   0.0000070139  -0.0000585325   0.0000473450   0.0000069966
       -0.0000588258  -0.0000469891  -0.0000240512   0.0001272278   0.0001503680
       -0.0000278437   0.0001227405  -0.0001490919   0.0007548333  -0.0008279534
       -0.0002687179   0.0007564555  -0.0008410173   0.0002703152  -0.0037978628
       -0.0041981113   0.0018838956  -0.0038940536  -0.0042446801  -0.0019049721
       -0.1986452606   0.1155286271   0.0010735896  -0.0432356346  -0.0006099434
       -0.0028403477  -0.0431873298   0.0001735727   0.0016598462
        0.0000635380   0.0000522615  -0.0000000799   0.0001991645  -0.0001473288
        0.0000004021   0.0006958906   0.0005329114   0.0000006930   0.0026516545
       -0.0012157448  -0.0000038703   0.0104812124   0.0076082072   0.0000071684
       -0.0646836392  -0.1110903072   0.0000328552  -0.0311512702   0.5038817039
        0.0000594665  -0.0000114662  -0.0000018154  -0.0000071769  -0.0000113881
       -0.0000018475   0.0000071705   0.0000356038   0.0000054183  -0.0000000021
       -0.0000001392   0.0000044986  -0.0000126864   0.0000000131   0.0000047093
        0.0000128818  -0.0000718039   0.0000333684   0.0000032485  -0.0000723896
        0.0000338869  -0.0000032952   0.0000564744   0.0000634695   0.0001427422
        0.0000572246   0.0000648951  -0.0001416768   0.0008374447   0.0006713498
        0.0003492785   0.0008577540   0.0006798432  -0.0003518432  -0.0172689626
       -0.0131492305   0.0028788735  -0.0172007989  -0.0130743895  -0.0028626767
        0.1157965708  -0.1271702113  -0.0007798976  -0.0010265757  -0.1229272886
       -0.1114529494  -0.0002341117  -0.1248583594   0.1121213743
        0.0000003719   0.0000002156   0.0000061265   0.0000007832  -0.0000006424
        0.0000088899   0.0000028820   0.0000026432   0.0001979302   0.0000071182
       -0.0000077734   0.0003177783   0.0000760094   0.0000382024   0.0004527585
        0.0000410512   0.0000363452  -0.0681033111   0.0000556819   0.0000594665
        0.5231735496  -0.0000016930   0.0000005739  -0.0000024352   0.0000015666
       -0.0000005525  -0.0000024707   0.0000002557   0.0000000647  -0.0000020016
       -0.0000135913   0.0000069845  -0.0000014774   0.0000136138  -0.0000068960
       -0.0000013450   0.0000224433  -0.0000183306  -0.0000019738  -0.0000229716
        0.0000183409  -0.0000015606   0.0001160694   0.0000526774   0.0000329736
       -0.0001165735  -0.0000516898   0.0000320880   0.0007075826   0.0002849848
        0.0003014239  -0.0007181682  -0.0002851561   0.0003007052   0.0204375067
        0.0160940213  -0.0016299377  -0.0204935116  -0.0161328501  -0.0016194092
        0.0010655028  -0.0007758478  -0.0452840705  -0.0030656429  -0.1115119817
       -0.2050414355   0.0018837134   0.1121972004  -0.2031327955
       -0.0432014113   0.0004942531   0.0022678230  -0.0031933434   0.0166396304
        0.0208864591   0.0009696841   0.0009891538   0.0008819429  -0.0000477249
       -0.0000033972  -0.0000701565   0.0000096409  -0.0000508534  -0.0000087975
        0.0000228028   0.0000115352  -0.0000065365   0.0000085872  -0.0000114662
       -0.0000016930   0.0503292669  -0.0036304147  -0.0027697313   0.0007414026
       -0.0001723509   0.0005278317  -0.0015870687  -0.0170643561  -0.0221315301
        0.0007172122  -0.0005040612   0.0003260307  -0.0043377991   0.0037741336
        0.0006340627  -0.0000301441  -0.0000542235  -0.0000027372  -0.0005439003
       -0.0002223284  -0.0004079303   0.0001007260  -0.0001285365  -0.0001321140
        0.0000549710  -0.0000176338   0.0000480327  -0.0000486868  -0.0000290584
       -0.0000359353   0.0000028620   0.0000031280   0.0000064108   0.0000046464
       -0.0000005794   0.0000075370   0.0000254911  -0.0000163839  -0.0000160847
        0.0000132399  -0.0000017474  -0.0000005176  -0.0000091948  -0.0000048827
       -0.0000057833  -0.0000012600   0.0000004396   0.0000034166
        0.0000834977  -0.1241905659  -0.1119649113   0.0042741279  -0.0137355114
       -0.0160856948  -0.0008596412   0.0006726129   0.0002495273  -0.0001529104
        0.0000462036   0.0000227675  -0.0000524062   0.0000179769   0.0000101749
       -0.0000359629   0.0000117420  -0.0000106349  -0.0000119338  -0.0000018154
        0.0000005739  -0.0036304147   0.1433791404   0.1318623510  -0.0001363940
        0.0098930457   0.0148517962  -0.0031794964  -0.0142531852  -0.0187224399
       -0.0004595920   0.0000697576  -0.0003885014   0.0039708549  -0.0022912616
       -0.0002199841   0.0000421232  -0.0000728740   0.0000566717   0.0002719551
        0.0004196957   0.0002164255  -0.0001406885   0.0000368829   0.0000806287
       -0.0000098596  -0.0000434284  -0.0000140578   0.0000293811   0.0000476027
        0.0000376004  -0.0000044453  -0.0000046907  -0.0000049903   0.0000022940
       -0.0000144370   0.0000075908  -0.0000136614   0.0000011302   0.0000056265
        0.0000085617  -0.0000069493   0.0000004596   0.0000051367   0.0000159718
        0.0000146114  -0.0000005261   0.0000029565  -0.0000055910
        0.0020440582  -0.1118959522  -0.2037941855   0.0026402024  -0.0034150700
       -0.0015550088  -0.0003199396   0.0003005059   0.0002181319  -0.0001408208
        0.0001142172   0.0000145875  -0.0000378966  -0.0000306084  -0.0000027892
       -0.0000312420   0.0000187682  -0.0000075235  -0.0000135310  -0.0000071769
       -0.0000024352  -0.0027697313   0.1318623510   0.2335657722  -0.0006009118
       -0.0149550372  -0.0286957746  -0.0012974552  -0.0023566268  -0.0019687465
       -0.0002728057   0.0004275533   0.0007658300   0.0004892713  -0.0003813742
        0.0012627156   0.0000129136  -0.0000504814  -0.0003299900   0.0004178996
        0.0002201273   0.0004410852  -0.0001224126   0.0000732534   0.0000325283
       -0.0000385128   0.0000114929   0.0000170766   0.0000309906   0.0000377153
        0.0000606082   0.0000086308   0.0000095691  -0.0000430142  -0.0000045456
       -0.0000071787   0.0000105115  -0.0000107705   0.0000076558  -0.0000003061
        0.0000074135  -0.0000040264   0.0000011906   0.0000058114   0.0000145680
        0.0000207327   0.0000033839   0.0000057548  -0.0000109967
       -0.0432178168   0.0007687453  -0.0026758615  -0.0032408787   0.0165976624
       -0.0209263701   0.0009675946   0.0009797606  -0.0008791152  -0.0000492076
       -0.0000039187   0.0000702266   0.0000093987  -0.0000505323   0.0000087623
        0.0000227417   0.0000114253   0.0000066248   0.0000085139  -0.0000113881
        0.0000015666   0.0007414026  -0.0001363940  -0.0006009118   0.0503327060
       -0.0039538566   0.0032389293  -0.0015290510  -0.0169987197   0.0221773031
       -0.0043383830   0.0037730516  -0.0006313516   0.0007203433  -0.0005064275
       -0.0003264904  -0.0005397467  -0.0002197217   0.0004090133  -0.0000304261
       -0.0000538350   0.0000014265   0.0000549092  -0.0000177508  -0.0000476614
        0.0001005206  -0.0001288489   0.0001327966   0.0000033251   0.0000033069
       -0.0000060111  -0.0000487099  -0.0000293950   0.0000357360   0.0000255235
       -0.0000164551   0.0000159637   0.0000045422  -0.0000003888  -0.0000074718
        0.0000130158  -0.0000017272   0.0000004185  -0.0000010974   0.0000004991
       -0.0000033645  -0.0000092200  -0.0000050920   0.0000058420
        0.0003552383  -0.1235921935   0.1117525561   0.0043016095  -0.0136870077
        0.0161005105  -0.0008544344   0.0006680014  -0.0002480068  -0.0001507159
        0.0000461525  -0.0000224419  -0.0000520165   0.0000183846  -0.0000106857
       -0.0000358780   0.0000118829   0.0000106474  -0.0000118221  -0.0000018475
       -0.0000005525  -0.0001723509   0.0098930457  -0.0149550372  -0.0039538566
        0.1426792627  -0.1316102531  -0.0031295730  -0.0141957623   0.0187633305
        0.0039731821  -0.0022894459   0.0002221806  -0.0004589733   0.0000708010
        0.0003922467   0.0002704589   0.0004156469  -0.0002156302   0.0000426591
       -0.0000727864  -0.0000572119  -0.0000097974  -0.0000428545   0.0000139233
       -0.0001401452   0.0000366494  -0.0000806076  -0.0000045620  -0.0000047789
        0.0000049617   0.0000291220   0.0000478151  -0.0000373057  -0.0000137217
        0.0000013579  -0.0000057418   0.0000024759  -0.0000142825  -0.0000074135
        0.0000086739  -0.0000073703  -0.0000005279  -0.0000004159   0.0000032681
        0.0000056743   0.0000048432   0.0000160612  -0.0000146153
       -0.0024502761   0.1116867367  -0.2043855499  -0.0026416872   0.0034031124
       -0.0015467004   0.0003176019  -0.0003021118   0.0002193327   0.0001411362
       -0.0001139420   0.0000138435   0.0000379617   0.0000307913  -0.0000029809
        0.0000310243  -0.0000187182  -0.0000074491   0.0000135200   0.0000071705
       -0.0000024707   0.0005278317   0.0148517962  -0.0286957746   0.0032389293
       -0.1316102531   0.2342588104   0.0013047418   0.0024324311  -0.0020852584
       -0.0004858756   0.0003770859   0.0012643811   0.0002746084  -0.0004270947
        0.0007697111  -0.0004159806  -0.0002185384   0.0004408781  -0.0000130846
        0.0000497410  -0.0003307156   0.0000384341  -0.0000114065   0.0000177394
        0.0001221644  -0.0000732601   0.0000325475  -0.0000083326  -0.0000089634
       -0.0000425065  -0.0000313397  -0.0000378798   0.0000604152   0.0000107048
       -0.0000075894  -0.0000004118   0.0000043610   0.0000075040   0.0000107834
       -0.0000072300   0.0000035580   0.0000014146  -0.0000034388  -0.0000055315
       -0.0000104286  -0.0000057743  -0.0000146384   0.0000203895
       -0.1986498617  -0.1157994602   0.0003518630  -0.0262828994  -0.0129891661
        0.0000457283  -0.0047393021   0.0039170144   0.0000011018  -0.0012648821
       -0.0009622707   0.0000016277  -0.0003424516   0.0003161519  -0.0000000175
       -0.0000918944  -0.0001310483  -0.0000002865  -0.0000441924   0.0000356038
        0.0000002557  -0.0015870687  -0.0031794964  -0.0012974552  -0.0015290510
       -0.0031295730   0.0013047418   0.2327461902   0.1321567035  -0.0004071554
        0.0005514501  -0.0004418802  -0.0001932214   0.0005502018  -0.0004388084
        0.0001930644   0.0002718751   0.0003040819  -0.0002172173   0.0002727797
        0.0003071168   0.0002169930   0.0000272939  -0.0000238111   0.0000194742
        0.0000276563  -0.0000243052  -0.0000195201   0.0000531296   0.0000327665
        0.0000198248   0.0000535433   0.0000333094  -0.0000198730   0.0000050021
        0.0000091014  -0.0000146155   0.0000052336   0.0000088370   0.0000145786
       -0.0000590073   0.0000163675   0.0000002900   0.0000129785  -0.0000086759
       -0.0000074127   0.0000132765  -0.0000085588   0.0000072314
       -0.1155314903  -0.1271720207   0.0002561818   0.0134894013   0.0087445241
       -0.0000265975   0.0024733569  -0.0009985061  -0.0000016621   0.0007175783
        0.0004320074   0.0000002105   0.0002298434  -0.0000733481   0.0000003180
        0.0000680622   0.0000078716   0.0000000061   0.0000214521   0.0000054183
        0.0000000647  -0.0170643561  -0.0142531852  -0.0023566268  -0.0169987197
       -0.0141957623   0.0024324311   0.1321567035   0.1460601087  -0.0003016900
        0.0001469080   0.0006011225  -0.0002448614   0.0001457576   0.0005976783
        0.0002422719   0.0001671985   0.0000475154  -0.0001978026   0.0001667290
        0.0000476093   0.0001983487  -0.0000798588   0.0000735654   0.0000491672
       -0.0000798726   0.0000734050  -0.0000497312   0.0000077333  -0.0000142240
        0.0000011690   0.0000078260  -0.0000140391  -0.0000011112  -0.0000157770
        0.0000176015  -0.0000176228  -0.0000155816   0.0000176170   0.0000174156
       -0.0000163671   0.0000093541   0.0000000501   0.0000017710  -0.0000071226
       -0.0000037570   0.0000017023  -0.0000071903   0.0000038279
        0.0003543560   0.0002579100  -0.0452805971   0.0000131491   0.0000065498
        0.0003297046  -0.0000004296  -0.0000030554   0.0005509496   0.0000004529
        0.0000010112   0.0002140486   0.0000002399  -0.0000003315   0.0000045690
       -0.0000000666   0.0000002287   0.0000044580   0.0000000078  -0.0000000021
       -0.0000020016  -0.0221315301  -0.0187224399  -0.0019687465   0.0221773031
        0.0187633305  -0.0020852584  -0.0004071554  -0.0003016900   0.0480761198
       -0.0004864705  -0.0001586050   0.0000385205   0.0004821923   0.0001577460
        0.0000342199  -0.0001300697  -0.0000615573   0.0000388409   0.0001283024
        0.0000610799   0.0000376602  -0.0000270766   0.0000273145   0.0000038239
        0.0000270064  -0.0000272135   0.0000038503   0.0000115688  -0.0000027252
       -0.0000007011  -0.0000118018   0.0000025466  -0.0000007755   0.0000014312
       -0.0000019596  -0.0000002575  -0.0000015765   0.0000018372  -0.0000005301
        0.0000002805   0.0000000644  -0.0000007402   0.0000003700   0.0000004952
        0.0000015623  -0.0000004836  -0.0000005345   0.0000012805
       -0.0038645064   0.0172229581  -0.0204756200  -0.0411611717  -0.0007238943
        0.0000414808  -0.0038613760  -0.0165023492   0.0204053940   0.0007639965
       -0.0010561543   0.0008255788  -0.0000564881   0.0000296682  -0.0000829289
        0.0000008997   0.0000488411  -0.0000099990   0.0000217327  -0.0000001392
       -0.0000135913   0.0007172122  -0.0004595920  -0.0002728057  -0.0043383830
        0.0039731821  -0.0004858756   0.0005514501   0.0001469080  -0.0004864705
        0.0540267463  -0.0000818670   0.0003034125   0.0012460009   0.0000146315
       -0.0000181963  -0.0043126377  -0.0036120124   0.0004967201   0.0007734819
        0.0004864657   0.0003017329  -0.0000079906   0.0000619824   0.0000149828
       -0.0006547568   0.0002503818  -0.0004223063   0.0000504877   0.0000153516
        0.0000432565   0.0001160418   0.0001326365  -0.0001295034  -0.0000517251
        0.0000291501  -0.0000341372   0.0000057248  -0.0000030984   0.0000069114
        0.0000052710   0.0000156388  -0.0000015734   0.0000044917  -0.0000024419
        0.0000043195   0.0000254979   0.0000137530  -0.0000107816
        0.0042318834  -0.0130991193   0.0161205182  -0.0002397514  -0.1198551160
        0.1053698987  -0.0044040669  -0.0137600988   0.0167336999   0.0008487549
        0.0005394315  -0.0001503339   0.0000880500   0.0000585068  -0.0000233162
        0.0000491247   0.0000083404  -0.0000034268   0.0000390861   0.0000044986
        0.0000069845  -0.0005040612   0.0000697576   0.0004275533   0.0037730516
       -0.0022894459   0.0003770859  -0.0004418802   0.0006011225  -0.0001586050
       -0.0000818670   0.1404966417  -0.1250223656  -0.0000033126   0.0093324970
       -0.0142380875  -0.0036596766  -0.0026194832   0.0005224466   0.0004882921
        0.0000875911   0.0004432723  -0.0000642733  -0.0000599428  -0.0000458027
       -0.0002534536   0.0004302154  -0.0002356862   0.0000176138  -0.0000375550
        0.0000166496   0.0001345961   0.0000444163  -0.0000897230  -0.0000290967
        0.0000499457  -0.0000388643   0.0000030621  -0.0000067539   0.0000051152
       -0.0000088433   0.0000177530  -0.0000017696   0.0000004208  -0.0000142873
       -0.0000076689   0.0000163473   0.0000010846  -0.0000075743
       -0.0018977080   0.0028669165  -0.0016214333  -0.0002371404   0.1055323546
       -0.1982421740   0.0023239227   0.0034846627  -0.0019865615  -0.0002776360
       -0.0002495491   0.0001959429  -0.0001032118  -0.0001250980   0.0000175387
       -0.0000394495   0.0000331149  -0.0000095114  -0.0000384105  -0.0000126864
       -0.0000014774   0.0003260307  -0.0003885014   0.0007658300  -0.0006313516
        0.0002221806   0.0012643811  -0.0001932214  -0.0002448614   0.0000385205
        0.0003034125  -0.1250223656   0.2265973004  -0.0000196281   0.0141923668
       -0.0292379267   0.0004996169   0.0005083059   0.0012117287  -0.0003098289
       -0.0004440007   0.0007607710   0.0000116487   0.0000485393  -0.0003325281
        0.0004267743  -0.0002352728   0.0004891778  -0.0000442767  -0.0000175677
        0.0000149102  -0.0001317515  -0.0000884219   0.0000468238   0.0000342081
       -0.0000393658   0.0000599442   0.0000068942  -0.0000051811  -0.0000411818
        0.0000146411  -0.0000171676  -0.0000006194  -0.0000074737   0.0000073577
        0.0000107999  -0.0000160610  -0.0000057595  -0.0000002555
       -0.0038270966   0.0172468232   0.0204554463  -0.0411674746  -0.0008535723
       -0.0002377795  -0.0038754834  -0.0165421682  -0.0203825709   0.0007623875
       -0.0010464288  -0.0008144155  -0.0000568999   0.0000311588   0.0000836302
        0.0000005614   0.0000488098   0.0000101906   0.0000216380   0.0000000131
        0.0000136138  -0.0043377991   0.0039708549   0.0004892713   0.0007203433
       -0.0004589733   0.0002746084   0.0005502018   0.0001457576   0.0004821923
        0.0012460009  -0.0000033126  -0.0000196281   0.0539987821   0.0000761227
       -0.0000874100   0.0007774556   0.0004868568  -0.0003046212  -0.0043129905
       -0.0036129576  -0.0004870988  -0.0006484558   0.0002486433   0.0004206106
       -0.0000080716   0.0000614682  -0.0000164257   0.0001163505   0.0001317684
        0.0001297845   0.0000515123   0.0000158976  -0.0000442900   0.0000056230
       -0.0000028505  -0.0000070478  -0.0000517633   0.0000290638   0.0000342854
        0.0000049647   0.0000157218   0.0000015091   0.0000255236   0.0000136286
        0.0000107124   0.0000046900  -0.0000023253  -0.0000045676
        0.0042107933  -0.0131247600  -0.0161068521  -0.0003682229  -0.1201072133
       -0.1054675922  -0.0044204950  -0.0137878581  -0.0167017874   0.0008416086
        0.0005358299   0.0001477526   0.0000858832   0.0000599149   0.0000237990
        0.0000485652   0.0000081640   0.0000034626   0.0000389179   0.0000047093
       -0.0000068960   0.0037741336  -0.0022912616  -0.0003813742  -0.0005064275
        0.0000708010  -0.0004270947  -0.0004388084   0.0005976783   0.0001577460
        0.0000146315   0.0093324970   0.0141923668   0.0000761227   0.1408112549
        0.1251256473   0.0004897037   0.0000883836  -0.0004445635  -0.0036620108
       -0.0026211003  -0.0005172845  -0.0002539771   0.0004268879   0.0002346059
       -0.0000651732  -0.0000593402   0.0000447473   0.0001343910   0.0000441174
        0.0000906637   0.0000186499  -0.0000370643  -0.0000181198   0.0000028652
       -0.0000060958  -0.0000053678  -0.0000290951   0.0000500211   0.0000394144
       -0.0000090946   0.0000174610   0.0000019414   0.0000164676   0.0000013998
        0.0000077208   0.0000005711  -0.0000144264   0.0000070642
        0.0018912400  -0.0028747183  -0.0016274405   0.0000396829  -0.1056396175
       -0.1979966878  -0.0023069250  -0.0034449157  -0.0019314288   0.0002716306
        0.0002481938   0.0001934297   0.0001022838   0.0001241635   0.0000168619
        0.0000394903  -0.0000332538  -0.0000092586   0.0000382827   0.0000128818
       -0.0000013450   0.0006340627  -0.0002199841   0.0012627156  -0.0003264904
        0.0003922467   0.0007697111   0.0001930644   0.0002422719   0.0000342199
       -0.0000181963  -0.0142380875  -0.0292379267  -0.0000874100   0.1251256473
        0.2263028789   0.0003105124   0.0004483626   0.0007662688  -0.0004877228
       -0.0004925019   0.0012146718  -0.0004252076   0.0002331450   0.0004861604
       -0.0000113030  -0.0000489081  -0.0003335807   0.0001309925   0.0000876665
        0.0000470262   0.0000443231   0.0000173603   0.0000145378  -0.0000070956
        0.0000053237  -0.0000406962  -0.0000341840   0.0000388912   0.0000598998
       -0.0000145521   0.0000178701  -0.0000002760   0.0000159511   0.0000055974
       -0.0000003495   0.0000075703  -0.0000076349   0.0000106080
        0.0007544231  -0.0008430474   0.0007099290  -0.0037496921  -0.0165456328
        0.0204500368  -0.0413017629   0.0000969129  -0.0001026503  -0.0037792211
        0.0164746375  -0.0204092204   0.0007719466   0.0010202637  -0.0008154868
       -0.0000542169  -0.0000125059   0.0000790519   0.0000070139  -0.0000718039
        0.0000224433  -0.0000301441   0.0000421232   0.0000129136  -0.0005397467
        0.0002704589  -0.0004159806   0.0002718751   0.0001671985  -0.0001300697
       -0.0043126377  -0.0036596766   0.0004996169   0.0007774556   0.0004897037
        0.0003105124   0.0538608216  -0.0000302114   0.0000269160   0.0012586325
       -0.0000118053   0.0000392601   0.0007884808  -0.0004885162  -0.0002995659
       -0.0042336293   0.0036022592  -0.0004984245  -0.0000105175  -0.0000644035
       -0.0000166889  -0.0006536441  -0.0002512020   0.0004165464   0.0001163555
       -0.0001344618   0.0001307376   0.0000504077  -0.0000175117  -0.0000442398
        0.0000530976  -0.0000077707   0.0000115344   0.0000034353   0.0000045569
       -0.0000081810  -0.0000487328  -0.0000295651   0.0000310095
        0.0008302380   0.0006727146  -0.0002849120  -0.0042111358  -0.0137194751
        0.0167357576   0.0000106228  -0.1190977738   0.1048786774   0.0042354550
       -0.0135772848   0.0165602499  -0.0008325514   0.0005538051  -0.0001539411
       -0.0001022670   0.0000519067  -0.0000212513  -0.0000585325   0.0000333684
       -0.0000183306  -0.0000542235  -0.0000728740  -0.0000504814  -0.0002197217
        0.0004156469  -0.0002185384   0.0003040819   0.0000475154  -0.0000615573
       -0.0036120124  -0.0026194832   0.0005083059   0.0004868568   0.0000883836
        0.0004483626  -0.0000302114   0.1400618984  -0.1246642225  -0.0000033845
        0.0093048295  -0.0142670375  -0.0004843113   0.0000787052   0.0004404206
        0.0035869899  -0.0026151314   0.0005422590   0.0000641799  -0.0000641277
       -0.0000518609   0.0002442738   0.0004220268  -0.0002256962  -0.0001320067
        0.0000443378  -0.0000876573  -0.0000152392  -0.0000376659   0.0000175012
       -0.0000327538  -0.0000144299   0.0000028641  -0.0000033600  -0.0000047791
        0.0000089274   0.0000290131   0.0000478863  -0.0000378390
       -0.0002688899  -0.0003496843   0.0003004987   0.0021554641   0.0035346716
       -0.0021036732  -0.0000089037   0.1047658852  -0.1978738769  -0.0022279199
        0.0034717913  -0.0020077248   0.0002809836  -0.0002524357   0.0001869395
        0.0001193413  -0.0001262015   0.0000113505   0.0000473450   0.0000032485
       -0.0000019738  -0.0000027372   0.0000566717  -0.0003299900   0.0004090133
       -0.0002156302   0.0004408781  -0.0002172173  -0.0001978026   0.0000388409
        0.0004967201   0.0005224466   0.0012117287  -0.0003046212  -0.0004445635
        0.0007662688   0.0000269160  -0.1246642225   0.2264398763  -0.0000217027
        0.0141317343  -0.0292744352   0.0002972504  -0.0004391126   0.0007634101
       -0.0004918205   0.0005319710   0.0011899195  -0.0000169320   0.0000518355
       -0.0003259858  -0.0004233257  -0.0002294321   0.0004888572   0.0001298373
       -0.0000906675   0.0000467180   0.0000433060  -0.0000166364   0.0000148886
        0.0000198368  -0.0000013351  -0.0000008914  -0.0000060416  -0.0000048536
       -0.0000422090  -0.0000359024  -0.0000376781   0.0000605852
        0.0007569065  -0.0008521196  -0.0007156983  -0.0037488469  -0.0166050019
       -0.0203933052  -0.0412965187   0.0001541341   0.0001908075  -0.0037974727
        0.0165391823   0.0203570727   0.0007749113   0.0010164167   0.0008174382
       -0.0000537939  -0.0000124969  -0.0000774085   0.0000069966  -0.0000723896
       -0.0000229716  -0.0005439003   0.0002719551   0.0004178996  -0.0000304261
        0.0000426591  -0.0000130846   0.0002727797   0.0001667290   0.0001283024
        0.0007734819   0.0004882921  -0.0003098289  -0.0043129905  -0.0036620108
       -0.0004877228   0.0012586325  -0.0000033845  -0.0000217027   0.0538806310
       -0.0000991441  -0.0001257651  -0.0042339799   0.0036103074   0.0004813005
        0.0007818389  -0.0004883088   0.0002973761  -0.0006517249  -0.0002436008
       -0.0004230536  -0.0000118130  -0.0000656616   0.0000226467   0.0000515977
       -0.0000187295   0.0000443168   0.0001160267  -0.0001345467  -0.0001320464
        0.0000535738  -0.0000077907  -0.0000119554  -0.0000486629  -0.0000289351
       -0.0000313584   0.0000027531   0.0000044449   0.0000087409
        0.0008387174   0.0006784652   0.0002852201  -0.0042156541  -0.0137862932
       -0.0167085914   0.0000698734  -0.1198509241  -0.1051508140   0.0042523724
       -0.0136302405  -0.0165288918  -0.0008404568   0.0005589281   0.0001513152
       -0.0001032585   0.0000520128   0.0000220584  -0.0000588258   0.0000338869
        0.0000183409  -0.0002223284   0.0004196957   0.0002201273  -0.0000538350
       -0.0000727864   0.0000497410   0.0003071168   0.0000476093   0.0000610799
        0.0004864657   0.0000875911  -0.0004440007  -0.0036129576  -0.0026211003
       -0.0004925019  -0.0000118053   0.0093048295   0.0141317343  -0.0000991441
        0.1409199800   0.1249670113   0.0035860850  -0.0026149159  -0.0005222779
       -0.0004834054   0.0000778706  -0.0004354791   0.0002505082   0.0004205118
        0.0002289012   0.0000658942  -0.0000613758   0.0000501247  -0.0000160285
       -0.0000369668  -0.0000173937  -0.0001323769   0.0000442109   0.0000884667
       -0.0000333212  -0.0000138353  -0.0000025067   0.0000294222   0.0000475252
        0.0000378483  -0.0000030578  -0.0000046787  -0.0000095120
        0.0002701580   0.0003514434   0.0003018621  -0.0021509097  -0.0035074615
       -0.0020477772   0.0000917041  -0.1050153388  -0.1971171090   0.0022264669
       -0.0034281973  -0.0019278579  -0.0002806457   0.0002577926   0.0001961338
       -0.0001197678   0.0001264897   0.0000091313  -0.0000469891  -0.0000032952
       -0.0000015606  -0.0004079303   0.0002164255   0.0004410852   0.0000014265
       -0.0000572119  -0.0003307156   0.0002169930   0.0001983487   0.0000376602
        0.0003017329   0.0004432723   0.0007607710  -0.0004870988  -0.0005172845
        0.0012146718   0.0000392601  -0.0142670375  -0.0292744352  -0.0001257651
        0.1249670113   0.2255565516   0.0004773942  -0.0005259573   0.0011942486
       -0.0002933346   0.0004348385   0.0007540044   0.0004162629   0.0002251438
        0.0004883441   0.0000224450  -0.0000501109  -0.0003333193  -0.0000442781
        0.0000181264   0.0000146070  -0.0001294137   0.0000897282   0.0000471772
       -0.0000198616   0.0000009443  -0.0000008783   0.0000357312   0.0000372096
        0.0000605759   0.0000064195   0.0000051206  -0.0000431709
       -0.0000268628  -0.0000572394  -0.0001166561   0.0007323111   0.0010474335
        0.0008374829  -0.0038033124   0.0165399812   0.0203894821  -0.0411771166
        0.0001490094   0.0002312452  -0.0037528956  -0.0165062629  -0.0203987309
        0.0007344154  -0.0010581522  -0.0008514837  -0.0000240512   0.0000564744
        0.0001160694   0.0001007260  -0.0001406885  -0.0001224126   0.0000549092
       -0.0000097974   0.0000384341   0.0000272939  -0.0000798588  -0.0000270766
       -0.0000079906  -0.0000642733   0.0000116487  -0.0006484558  -0.0002539771
       -0.0004252076   0.0007884808  -0.0004843113   0.0002972504  -0.0042339799
        0.0035860850   0.0004773942   0.0539240684  -0.0001907520  -0.0002468408
        0.0012464873   0.0000220476   0.0000461840  -0.0042339382  -0.0035873486
       -0.0004914412   0.0007804264   0.0004833513  -0.0002925975  -0.0000081556
        0.0000654046  -0.0000116585  -0.0006560009   0.0002531212   0.0004283656
        0.0000276410   0.0000799863   0.0000271521   0.0001007688   0.0001397327
        0.0001222018   0.0000552316   0.0000100343  -0.0000388049
       -0.0001234887   0.0000647079   0.0000518578  -0.0008209147   0.0005315304
        0.0001325029   0.0042815290  -0.0136804418  -0.0166095419   0.0001424485
       -0.1194651599  -0.1048405066  -0.0042336329  -0.0136607409  -0.0166371358
        0.0008326411   0.0005374037   0.0001352576   0.0001272278   0.0000634695
        0.0000526774  -0.0001285365   0.0000368829   0.0000732534  -0.0000177508
       -0.0000428545  -0.0000114065  -0.0000238111   0.0000735654   0.0000273145
        0.0000619824  -0.0000599428   0.0000485393   0.0002486433   0.0004268879
        0.0002331450  -0.0004885162   0.0000787052  -0.0004391126   0.0036103074
       -0.0026149159  -0.0005259573  -0.0001907520   0.1404859246   0.1246848348
       -0.0000220225   0.0093239723   0.0142161906  -0.0036018932  -0.0026142660
       -0.0005310884   0.0004876582   0.0000773269  -0.0004345485  -0.0000613676
       -0.0000590440   0.0000490242  -0.0002508337   0.0004307276   0.0002360935
        0.0000243401   0.0000733377   0.0000270520   0.0001289429   0.0000364456
        0.0000734663   0.0000177994  -0.0000435219  -0.0000119116
       -0.0001493392   0.0001417664   0.0000322926  -0.0002682996   0.0002202654
        0.0001801085   0.0022246166  -0.0034551429  -0.0019555118   0.0002356199
       -0.1047103047  -0.1972052085  -0.0022466125  -0.0035129026  -0.0020284176
        0.0002766951   0.0002226297   0.0001854435   0.0001503680   0.0001427422
        0.0000329736  -0.0001321140   0.0000806287   0.0000325283  -0.0000476614
        0.0000139233   0.0000177394   0.0000194742   0.0000491672   0.0000038239
        0.0000149828  -0.0000458027  -0.0003325281   0.0004206106   0.0002346059
        0.0004861604  -0.0002995659   0.0004404206   0.0007634101   0.0004813005
       -0.0005222779   0.0011942486  -0.0002468408   0.1246848348   0.2257788920
        0.0000460894  -0.0142092362  -0.0293372704  -0.0004989898  -0.0005448387
        0.0011897884   0.0002971930   0.0004341580   0.0007522863  -0.0000172387
       -0.0000444638  -0.0003339848  -0.0004218045   0.0002355441   0.0004898799
       -0.0000196008   0.0000500235   0.0000037722   0.0001329122   0.0000802373
        0.0000326159   0.0000482050   0.0000140224   0.0000169578
       -0.0000250287  -0.0000564567   0.0001161354   0.0007345685   0.0010565777
       -0.0008481714  -0.0037481102   0.0165120734  -0.0203955986  -0.0411785851
       -0.0001496419   0.0002323238  -0.0037987308  -0.0165458383   0.0203865016
        0.0007324030  -0.0010458650   0.0008340066  -0.0000278437   0.0000572246
       -0.0001165735   0.0000549710  -0.0000098596  -0.0000385128   0.0001005206
       -0.0001401452   0.0001221644   0.0000276563  -0.0000798726   0.0000270064
       -0.0006547568  -0.0002534536   0.0004267743  -0.0000080716  -0.0000651732
       -0.0000113030  -0.0042336293   0.0035869899  -0.0004918205   0.0007818389
       -0.0004834054  -0.0002933346   0.0012464873  -0.0000220225   0.0000460894
        0.0539128467   0.0001913827  -0.0002476290   0.0007898866   0.0004843186
        0.0002979565  -0.0042337243  -0.0035856510   0.0004777373  -0.0006472191
        0.0002543266  -0.0004236643  -0.0000079140   0.0000640175   0.0000112536
        0.0000273108   0.0000797474  -0.0000270402   0.0000546444   0.0000096282
        0.0000381045   0.0001004794   0.0001410982  -0.0001224060
       -0.0001264826   0.0000636571  -0.0000523813  -0.0008303475   0.0005361006
       -0.0001352598   0.0042307750  -0.0136653465   0.0166316564  -0.0001430693
       -0.1195061586   0.1048616931  -0.0042787338  -0.0136846995   0.0166036321
        0.0008186170   0.0005302107  -0.0001323846   0.0001227405   0.0000648951
       -0.0000516898  -0.0000176338  -0.0000434284   0.0000114929  -0.0001288489
        0.0000366494  -0.0000732601  -0.0000243052   0.0000734050  -0.0000272135
        0.0002503818   0.0004302154  -0.0002352728   0.0000614682  -0.0000593402
       -0.0000489081   0.0036022592  -0.0026151314   0.0005319710  -0.0004883088
        0.0000778706   0.0004348385   0.0000220476   0.0093239723  -0.0142092362
        0.0001913827   0.1405394713  -0.1247056012   0.0004891664   0.0000792516
        0.0004393659  -0.0036106430  -0.0026156963   0.0005268042  -0.0002481569
        0.0004263724  -0.0002323785  -0.0000621059  -0.0000602367  -0.0000484768
        0.0000237741   0.0000736340  -0.0000271675   0.0000176095  -0.0000427519
        0.0000109035   0.0001284137   0.0000370838  -0.0000731275
        0.0001501171  -0.0001426581   0.0000329800   0.0002751904  -0.0002210834
        0.0001839605  -0.0022426551   0.0035092123  -0.0020241787   0.0002363489
        0.1047360965  -0.1971741949   0.0022206679   0.0034513551  -0.0019512483
       -0.0002668166  -0.0002187200   0.0001783695  -0.0001490919  -0.0001416768
        0.0000320880   0.0000480327  -0.0000140578   0.0000170766   0.0001327966
       -0.0000806076   0.0000325475  -0.0000195201  -0.0000497312   0.0000038503
       -0.0004223063  -0.0002356862   0.0004891778  -0.0000164257   0.0000447473
       -0.0003335807  -0.0004984245   0.0005422590   0.0011899195   0.0002973761
       -0.0004354791   0.0007540044   0.0000461840   0.0142161906  -0.0293372704
       -0.0002476290  -0.1247056012   0.2257387483  -0.0002997897  -0.0004417029
        0.0007652347   0.0004807662   0.0005196373   0.0011944677   0.0004210583
       -0.0002347752   0.0004856556   0.0000142122   0.0000461116  -0.0003319222
        0.0000193899  -0.0000488730   0.0000034933  -0.0000475101  -0.0000139625
        0.0000181111  -0.0001319712  -0.0000809949   0.0000327105
        0.0000068404   0.0000717928   0.0000227400  -0.0000546360   0.0000127515
        0.0000791870   0.0007715330  -0.0010165168  -0.0008131864  -0.0037886319
       -0.0164608803  -0.0204227712  -0.0413042079  -0.0001652309  -0.0002058109
       -0.0037293004   0.0165249642   0.0204673073   0.0007548333   0.0008374447
        0.0007075826  -0.0000486868   0.0000293811   0.0000309906   0.0000033251
       -0.0000045620  -0.0000083326   0.0000531296   0.0000077333   0.0000115688
        0.0000504877   0.0000176138  -0.0000442767   0.0001163505   0.0001343910
        0.0001309925  -0.0000105175   0.0000641799  -0.0000169320  -0.0006517249
        0.0002505082   0.0004162629  -0.0042339382  -0.0036018932  -0.0004989898
        0.0007898866   0.0004891664  -0.0002997897   0.0538470545   0.0001133000
        0.0001397158   0.0012586650   0.0000025344   0.0000191694   0.0007775145
       -0.0004898809   0.0003099865  -0.0043118840   0.0036600069   0.0005074647
        0.0002716833  -0.0001671871  -0.0001311479  -0.0005374499  -0.0002673596
       -0.0004158043  -0.0000303261  -0.0000422572   0.0000140735
        0.0000583318   0.0000333669   0.0000184536   0.0001014191   0.0000520189
        0.0000212592   0.0008297810   0.0005521614   0.0001535224  -0.0042411558
       -0.0135596137  -0.0165640266  -0.0000780713  -0.1189174102  -0.1048152048
        0.0041935349  -0.0136973694  -0.0167465277  -0.0008279534   0.0006713498
        0.0002849848  -0.0000290584   0.0000476027   0.0000377153   0.0000033069
       -0.0000047789  -0.0000089634   0.0000327665  -0.0000142240  -0.0000027252
        0.0000153516  -0.0000375550  -0.0000175677   0.0001317684   0.0000441174
        0.0000876665  -0.0000644035  -0.0000641277   0.0000518355  -0.0002436008
        0.0004205118   0.0002251438  -0.0035873486  -0.0026142660  -0.0005448387
        0.0004843186   0.0000792516  -0.0004417029   0.0001133000   0.1398447761
        0.1245913169   0.0000128466   0.0093046800   0.0143020802  -0.0004872032
        0.0000886898  -0.0004484804   0.0036105892  -0.0026183079  -0.0005150288
       -0.0003035712   0.0000479223   0.0000623326   0.0002202449   0.0004133259
        0.0002183827   0.0000548068  -0.0000721217   0.0000503727
        0.0000473771  -0.0000032260  -0.0000019381   0.0001192859   0.0001260664
        0.0000111860   0.0002798510   0.0002523354   0.0001865040  -0.0022275545
       -0.0034696076  -0.0020103004  -0.0001135246  -0.1047027875  -0.1980641719
        0.0021599209  -0.0035555867  -0.0021365621  -0.0002687179   0.0003492785
        0.0003014239  -0.0000359353   0.0000376004   0.0000606082  -0.0000060111
        0.0000049617  -0.0000425065   0.0000198248   0.0000011690  -0.0000007011
        0.0000432565   0.0000166496   0.0000149102   0.0001297845   0.0000906637
        0.0000470262  -0.0000166889  -0.0000518609  -0.0003259858  -0.0004230536
        0.0002289012   0.0004883441  -0.0004914412  -0.0005310884   0.0011897884
        0.0002979565   0.0004393659   0.0007652347   0.0001397158   0.1245913169
        0.2266666535  -0.0000418656  -0.0140967822  -0.0292743269  -0.0003049397
        0.0004442636   0.0007662916   0.0005039098  -0.0005280931   0.0012102997
       -0.0002177993   0.0001978667   0.0000387165   0.0004088498   0.0002144938
        0.0004409309  -0.0000022008  -0.0000559005  -0.0003314251
        0.0000071705   0.0000723980  -0.0000228847  -0.0000533855   0.0000122554
       -0.0000773566   0.0007752797  -0.0010201942   0.0008196514  -0.0037882787
       -0.0165529554   0.0203434966  -0.0412939851  -0.0000860600   0.0000888958
       -0.0037689914   0.0166254157  -0.0203758108   0.0007564555   0.0008577540
       -0.0007181682   0.0000028620  -0.0000044453   0.0000086308  -0.0000487099
        0.0000291220  -0.0000313397   0.0000535433   0.0000078260  -0.0000118018
        0.0001160418   0.0001345961  -0.0001317515   0.0000515123   0.0000186499
        0.0000443231  -0.0006536441   0.0002442738  -0.0004233257  -0.0000118130
        0.0000658942   0.0000224450   0.0007804264   0.0004876582   0.0002971930
       -0.0042337243  -0.0036106430   0.0004807662   0.0012586650   0.0000128466
       -0.0000418656   0.0538943114   0.0000164086  -0.0000145197  -0.0043136562
        0.0036616334  -0.0004798285   0.0007734306  -0.0004881099  -0.0003103127
        0.0002729585  -0.0001667325   0.0001273778  -0.0000302358  -0.0000425387
       -0.0000118947  -0.0005462332  -0.0002750527   0.0004180805
        0.0000590253   0.0000338892  -0.0000182455   0.0001041125   0.0000519001
       -0.0000220996   0.0008432281   0.0005605636  -0.0001516912  -0.0042468054
       -0.0136476214   0.0165247901  -0.0000026518  -0.1200325564   0.1052134402
        0.0042331142  -0.0138084834   0.0166977252  -0.0008410173   0.0006798432
       -0.0002851561   0.0000031280  -0.0000046907   0.0000095691  -0.0000293950
        0.0000478151  -0.0000378798   0.0000333094  -0.0000140391   0.0000025466
        0.0001326365   0.0000444163  -0.0000884219   0.0000158976  -0.0000370643
        0.0000173603  -0.0002512020   0.0004220268  -0.0002294321  -0.0000656616
       -0.0000613758  -0.0000501109   0.0004833513   0.0000773269   0.0004341580
       -0.0035856510  -0.0026156963   0.0005196373   0.0000025344   0.0093046800
       -0.0140967822   0.0000164086   0.1411383477  -0.1250386484   0.0036143797
       -0.0026223129   0.0004856465  -0.0004861608   0.0000873273   0.0004437683
       -0.0003076186   0.0000472081  -0.0000598071   0.0000532593  -0.0000735505
       -0.0000499835   0.0002217787   0.0004220464  -0.0002203834
       -0.0000469567   0.0000033163  -0.0000017309  -0.0001198189  -0.0001266212
        0.0000092298  -0.0002817636  -0.0002579074   0.0001964847   0.0022268714
        0.0034302301  -0.0019253545  -0.0000116117   0.1050774947  -0.1969266840
       -0.0021462865   0.0034862802  -0.0020150323   0.0002703152  -0.0003518432
        0.0003007052   0.0000064108  -0.0000049903  -0.0000430142   0.0000357360
       -0.0000373057   0.0000604152  -0.0000198730  -0.0000011112  -0.0000007755
       -0.0001295034  -0.0000897230   0.0000468238  -0.0000442900  -0.0000181198
        0.0000145378   0.0004165464  -0.0002256962   0.0004888572   0.0000226467
        0.0000501247  -0.0003333193  -0.0002925975  -0.0004345485   0.0007522863
        0.0004777373   0.0005268042   0.0011944677   0.0000191694   0.0143020802
       -0.0292743269  -0.0000145197  -0.1250386484   0.2253297922  -0.0004799449
        0.0005115791   0.0012163365   0.0003014581  -0.0004435228   0.0007610455
        0.0002164041  -0.0001982970   0.0000368332   0.0000019257   0.0000579662
       -0.0003289390  -0.0004080554  -0.0002175410   0.0004413614
        0.0000216135  -0.0000000686   0.0000136336   0.0000005253  -0.0000488558
        0.0000102178  -0.0000571186  -0.0000314132   0.0000835590   0.0007621406
        0.0010445776  -0.0008123084  -0.0038914843   0.0165627381  -0.0203671140
       -0.0411697665   0.0009442319  -0.0003704263  -0.0037978628  -0.0172689626
        0.0204375067   0.0000046464   0.0000022940  -0.0000045456   0.0000255235
       -0.0000137217   0.0000107048   0.0000050021  -0.0000157770   0.0000014312
       -0.0000517251  -0.0000290967   0.0000342081   0.0000056230   0.0000028652
       -0.0000070956   0.0001163555  -0.0001320067   0.0001298373   0.0000515977
       -0.0000160285  -0.0000442781  -0.0000081556  -0.0000613676  -0.0000172387
       -0.0006472191  -0.0002481569   0.0004210583   0.0007775145  -0.0004872032
       -0.0003049397  -0.0043136562   0.0036143797  -0.0004799449   0.0539850369
       -0.0001810465   0.0000658197   0.0012459669   0.0000153716  -0.0000454623
        0.0005481583  -0.0001438429   0.0004773612   0.0007245568   0.0004583307
        0.0002768231  -0.0043372729  -0.0039672408   0.0004911927
       -0.0000389456   0.0000046946   0.0000069738  -0.0000485741   0.0000081427
       -0.0000035026  -0.0000855770   0.0000601226  -0.0000237037  -0.0008409910
        0.0005355532  -0.0001465353   0.0044329259  -0.0138020808   0.0166853939
        0.0004631979  -0.1202933788   0.1055393676  -0.0041981113  -0.0131492305
        0.0160940213  -0.0000005794  -0.0000144370  -0.0000071787  -0.0000164551
        0.0000013579  -0.0000075894   0.0000091014   0.0000176015  -0.0000019596
        0.0000291501   0.0000499457  -0.0000393658  -0.0000028505  -0.0000060958
        0.0000053237  -0.0001344618   0.0000443378  -0.0000906675  -0.0000187295
       -0.0000369668   0.0000181264   0.0000654046  -0.0000590440  -0.0000444638
        0.0002543266   0.0004263724  -0.0002347752  -0.0004898809   0.0000886898
        0.0004442636   0.0036616334  -0.0026223129   0.0005115791  -0.0001810465
        0.1410414148  -0.1252033802  -0.0000265366   0.0093324385  -0.0141585411
        0.0004352396   0.0005932338  -0.0001564058   0.0005085775   0.0000720535
        0.0004274988  -0.0037768179  -0.0022924122   0.0003855206
        0.0000382367  -0.0000128618  -0.0000014771   0.0000394368   0.0000332884
       -0.0000092686   0.0001022179  -0.0001240472   0.0000162432   0.0002697831
       -0.0002484317   0.0001936869  -0.0023006726   0.0034197034  -0.0018942693
       -0.0000929003   0.1057163642  -0.1978156486   0.0018838956   0.0028788735
       -0.0016299377   0.0000075370   0.0000075908   0.0000105115   0.0000159637
       -0.0000057418  -0.0000004118  -0.0000146155  -0.0000176228  -0.0000002575
       -0.0000341372  -0.0000388643   0.0000599442  -0.0000070478  -0.0000053678
       -0.0000406962   0.0001307376  -0.0000876573   0.0000467180   0.0000443168
       -0.0000173937   0.0000146070  -0.0000116585   0.0000490242  -0.0003339848
       -0.0004236643  -0.0002323785   0.0004856556   0.0003099865  -0.0004484804
        0.0007662916  -0.0004798285   0.0004856465   0.0012163365   0.0000658197
       -0.1252033802   0.2260875356  -0.0000439043   0.0142719921  -0.0292377041
        0.0001928889  -0.0002397040   0.0000289607  -0.0003276401  -0.0003965304
        0.0007754743   0.0006352488   0.0002159790   0.0012616908
        0.0000217554   0.0000001965  -0.0000137454   0.0000009365  -0.0000487969
       -0.0000100672  -0.0000562745  -0.0000294158  -0.0000831083   0.0007642258
        0.0010579963   0.0008278950  -0.0038451536   0.0164815859   0.0204204683
       -0.0411592818   0.0006330898  -0.0000928854  -0.0038940536  -0.0172007989
       -0.0204935116   0.0000254911  -0.0000136614  -0.0000107705   0.0000045422
        0.0000024759   0.0000043610   0.0000052336  -0.0000155816  -0.0000015765
        0.0000057248   0.0000030621   0.0000068942  -0.0000517633  -0.0000290951
       -0.0000341840   0.0000504077  -0.0000152392   0.0000433060   0.0001160267
       -0.0001323769  -0.0001294137  -0.0006560009  -0.0002508337  -0.0004218045
       -0.0000079140  -0.0000621059   0.0000142122  -0.0043118840   0.0036105892
        0.0005039098   0.0007734306  -0.0004861608   0.0003014581   0.0012459669
       -0.0000265366  -0.0000439043   0.0540411153   0.0001870713   0.0004582197
        0.0005533982  -0.0001488639  -0.0004912642  -0.0043389090  -0.0039767473
       -0.0004839302   0.0007129798   0.0004601468  -0.0002705586
       -0.0000390593   0.0000045206  -0.0000070274  -0.0000491109   0.0000083572
        0.0000033360  -0.0000883561   0.0000582964   0.0000233582  -0.0008493635
        0.0005397012   0.0001517325   0.0043914985  -0.0137459204  -0.0167500086
        0.0001445738  -0.1196698353  -0.1052979212  -0.0042446801  -0.0130743895
       -0.0161328501  -0.0000163839   0.0000011302   0.0000076558  -0.0000003888
       -0.0000142825   0.0000075040   0.0000088370   0.0000176170   0.0000018372
       -0.0000030984  -0.0000067539  -0.0000051811   0.0000290638   0.0000500211
        0.0000388912  -0.0000175117  -0.0000376659  -0.0000166364  -0.0001345467
        0.0000442109   0.0000897282   0.0002531212   0.0004307276   0.0002355441
        0.0000640175  -0.0000602367   0.0000461116   0.0036600069  -0.0026183079
       -0.0005280931  -0.0004881099   0.0000873273  -0.0004435228   0.0000153716
        0.0093324385   0.0142719921   0.0001870713   0.1402672519   0.1249441114
        0.0004454326   0.0006055342   0.0001592870  -0.0037702866  -0.0022882481
       -0.0003728374   0.0005019016   0.0000685063  -0.0004270113
       -0.0000384560   0.0000127070  -0.0000015462  -0.0000395036  -0.0000330806
       -0.0000095985  -0.0001032786   0.0001252126   0.0000179579  -0.0002794931
        0.0002492965   0.0001956511   0.0023300218  -0.0035096979  -0.0020239897
       -0.0003711572  -0.1054553607  -0.1984230940  -0.0019049721  -0.0028626767
       -0.0016194092  -0.0000160847   0.0000056265  -0.0000003061  -0.0000074718
       -0.0000074135   0.0000107834   0.0000145786   0.0000174156  -0.0000005301
        0.0000069114   0.0000051152  -0.0000411818   0.0000342854   0.0000394144
        0.0000598998  -0.0000442398   0.0000175012   0.0000148886  -0.0001320464
        0.0000884667   0.0000471772   0.0004283656   0.0002360935   0.0004898799
        0.0000112536  -0.0000484768  -0.0003319222   0.0005074647  -0.0005150288
        0.0012102997  -0.0003103127   0.0004437683   0.0007610455  -0.0000454623
       -0.0141585411  -0.0292377041   0.0004582197   0.1249441114   0.2268126062
       -0.0001933557   0.0002474385   0.0000428093  -0.0006301704  -0.0002261340
        0.0012657976   0.0003249037   0.0003842428   0.0007604859
       -0.0000441930  -0.0000356035   0.0000002117  -0.0000918931   0.0001310475
       -0.0000001138  -0.0003424512  -0.0003161480  -0.0000002591  -0.0012648713
        0.0009622660   0.0000034054  -0.0047393340  -0.0039169794   0.0000066562
       -0.0262827430   0.0129889701   0.0001349580  -0.1986452606   0.1157965708
        0.0010655028   0.0000132399   0.0000085617   0.0000074135   0.0000130158
        0.0000086739  -0.0000072300  -0.0000590073  -0.0000163671   0.0000002805
        0.0000052710  -0.0000088433   0.0000146411   0.0000049647  -0.0000090946
       -0.0000145521   0.0000530976  -0.0000327538   0.0000198368   0.0000535738
       -0.0000333212  -0.0000198616   0.0000276410   0.0000243401  -0.0000196008
        0.0000273108   0.0000237741   0.0000193899   0.0002716833  -0.0003035712
       -0.0002177993   0.0002729585  -0.0003076186   0.0002164041   0.0005481583
        0.0004352396   0.0001928889   0.0005533982   0.0004454326  -0.0001933557
        0.2327410837  -0.1321532898  -0.0012325679  -0.0014738308   0.0030815828
        0.0013124060  -0.0016418122   0.0032271311  -0.0012886548
       -0.0000214531   0.0000054217  -0.0000001301  -0.0000680562   0.0000078660
        0.0000000033  -0.0002298443  -0.0000733513  -0.0000004626  -0.0007175619
        0.0004320106  -0.0000001333  -0.0024732901  -0.0009984844   0.0000040061
       -0.0134892387   0.0087443634   0.0000786379   0.1155286271  -0.1271702113
       -0.0007758478  -0.0000017474  -0.0000069493  -0.0000040264  -0.0000017272
       -0.0000073703   0.0000035580   0.0000163675   0.0000093541   0.0000000644
        0.0000156388   0.0000177530  -0.0000171676   0.0000157218   0.0000174610
        0.0000178701  -0.0000077707  -0.0000144299  -0.0000013351  -0.0000077907
       -0.0000138353   0.0000009443   0.0000799863   0.0000733377   0.0000500235
        0.0000797474   0.0000736340  -0.0000488730  -0.0001671871   0.0000479223
        0.0001978667  -0.0001667325   0.0000472081  -0.0001982970  -0.0001438429
        0.0005932338  -0.0002397040  -0.0001488639   0.0006055342   0.0002474385
       -0.1321532898   0.1460579979   0.0009153325   0.0169267457  -0.0141321944
       -0.0025087237   0.0171355619  -0.0143162717   0.0022789557
        0.0000000283   0.0000000847  -0.0000021871  -0.0000000587  -0.0000004454
        0.0000045110   0.0000003341   0.0000005420   0.0000048176   0.0000003795
       -0.0000019937   0.0002147010  -0.0000024967   0.0000065343   0.0005521818
        0.0000317621  -0.0000175320   0.0003310647   0.0010735896  -0.0007798976
       -0.0452840705  -0.0000005176   0.0000004596   0.0000011906   0.0000004185
       -0.0000005279   0.0000014146   0.0000002900   0.0000000501  -0.0000007402
       -0.0000015734  -0.0000017696  -0.0000006194   0.0000015091   0.0000019414
       -0.0000002760   0.0000115344   0.0000028641  -0.0000008914  -0.0000119554
       -0.0000025067  -0.0000008783   0.0000271521   0.0000270520   0.0000037722
       -0.0000270402  -0.0000271675   0.0000034933  -0.0001311479   0.0000623326
        0.0000387165   0.0001273778  -0.0000598071   0.0000368332   0.0004773612
       -0.0001564058   0.0000289607  -0.0004912642   0.0001592870   0.0000428093
       -0.0012325679   0.0009153325   0.0480811114   0.0222270524  -0.0188065120
       -0.0022054829  -0.0220801673   0.0186780848  -0.0018504322
        0.0000084907   0.0000114030   0.0000016463   0.0000226774  -0.0000113382
        0.0000065573   0.0000092505   0.0000503230   0.0000089085  -0.0000499857
        0.0000044217   0.0000707268   0.0009642311  -0.0009748241  -0.0008772123
       -0.0032882194  -0.0165501391  -0.0209686870  -0.0432356346  -0.0010265757
       -0.0030656429  -0.0000091948   0.0000051367   0.0000058114  -0.0000010974
       -0.0000004159  -0.0000034388   0.0000129785   0.0000017710   0.0000003700
        0.0000044917   0.0000004208  -0.0000074737   0.0000255236   0.0000164676
        0.0000159511   0.0000034353  -0.0000033600  -0.0000060416  -0.0000486629
        0.0000294222   0.0000357312   0.0001007688   0.0001289429   0.0001329122
        0.0000546444   0.0000176095  -0.0000475101  -0.0005374499   0.0002202449
        0.0004088498  -0.0000302358   0.0000532593   0.0000019257   0.0007245568
        0.0005085775  -0.0003276401  -0.0043389090  -0.0037702866  -0.0006301704
       -0.0014738308   0.0169267457   0.0222270524   0.0503410850   0.0042592494
        0.0036877646   0.0007410863   0.0001029445  -0.0006703903
        0.0000117523  -0.0000017603   0.0000006292   0.0000356965   0.0000119301
       -0.0000106237   0.0000517374   0.0000184482   0.0000108152   0.0001490400
        0.0000461718   0.0000220103   0.0008488492   0.0006638803   0.0002470149
       -0.0043295761  -0.0136387788  -0.0161185113  -0.0006099434  -0.1229272886
       -0.1115119817  -0.0000048827   0.0000159718   0.0000145680   0.0000004991
        0.0000032681  -0.0000055315  -0.0000086759  -0.0000071226   0.0000004952
       -0.0000024419  -0.0000142873   0.0000073577   0.0000136286   0.0000013998
        0.0000055974   0.0000045569  -0.0000047791  -0.0000048536  -0.0000289351
        0.0000475252   0.0000372096   0.0001397327   0.0000364456   0.0000802373
        0.0000096282  -0.0000427519  -0.0000139625  -0.0002673596   0.0004133259
        0.0002144938  -0.0000425387  -0.0000735505   0.0000579662   0.0004583307
        0.0000720535  -0.0003965304  -0.0039767473  -0.0022882481  -0.0002261340
        0.0030815828  -0.0141321944  -0.0188065120   0.0042592494   0.1419079350
        0.1313272766   0.0002068169   0.0098924062   0.0150689693
        0.0000135285  -0.0000071887  -0.0000026425   0.0000311326   0.0000188095
       -0.0000076178   0.0000380424  -0.0000309031  -0.0000032020   0.0001412171
        0.0001137629   0.0000136982   0.0003157381   0.0003029224   0.0002180949
       -0.0026423627  -0.0033960667  -0.0015461755  -0.0028403477  -0.1114529494
       -0.2050414355  -0.0000057833   0.0000146114   0.0000207327  -0.0000033645
        0.0000056743  -0.0000104286  -0.0000074127  -0.0000037570   0.0000015623
        0.0000043195  -0.0000076689   0.0000107999   0.0000107124   0.0000077208
       -0.0000003495  -0.0000081810   0.0000089274  -0.0000422090  -0.0000313584
        0.0000378483   0.0000605759   0.0001222018   0.0000734663   0.0000326159
        0.0000381045   0.0000109035   0.0000181111  -0.0004158043   0.0002183827
        0.0004409309  -0.0000118947  -0.0000499835  -0.0003289390   0.0002768231
        0.0004274988   0.0007754743  -0.0004839302  -0.0003728374   0.0012657976
        0.0013124060  -0.0025087237  -0.0022054829   0.0036877646   0.1313272766
        0.2350247303   0.0004584490  -0.0147377265  -0.0286946419
        0.0000086106   0.0000114489  -0.0000017682   0.0000228645  -0.0000116197
       -0.0000066921   0.0000097907   0.0000510636  -0.0000086699  -0.0000469616
        0.0000028938  -0.0000697584   0.0009729436  -0.0009941673   0.0008837047
       -0.0031463457  -0.0166868902   0.0208436423  -0.0431873298  -0.0002341117
        0.0018837134  -0.0000012600  -0.0000005261   0.0000033839  -0.0000092200
        0.0000048432  -0.0000057743   0.0000132765   0.0000017023  -0.0000004836
        0.0000254979   0.0000163473  -0.0000160610   0.0000046900   0.0000005711
        0.0000075703  -0.0000487328   0.0000290131  -0.0000359024   0.0000027531
       -0.0000030578   0.0000064195   0.0000552316   0.0000177994   0.0000482050
        0.0001004794   0.0001284137  -0.0001319712  -0.0000303261   0.0000548068
       -0.0000022008  -0.0005462332   0.0002217787  -0.0004080554  -0.0043372729
       -0.0037768179   0.0006352488   0.0007129798   0.0005019016   0.0003249037
       -0.0016418122   0.0171355619  -0.0220801673   0.0007410863   0.0002068169
        0.0004584490   0.0503252903   0.0033222284  -0.0023277362
        0.0000120017  -0.0000018926  -0.0000005545   0.0000361508   0.0000116884
        0.0000106044   0.0000526750   0.0000179038  -0.0000100016   0.0001545815
        0.0000461951  -0.0000232006   0.0008652544   0.0006767081  -0.0002505052
       -0.0042463650  -0.0137834746   0.0160671347   0.0001735727  -0.1248583594
        0.1121972004   0.0000004396   0.0000029565   0.0000057548  -0.0000050920
        0.0000160612  -0.0000146384  -0.0000085588  -0.0000071903  -0.0000005345
        0.0000137530   0.0000010846  -0.0000057595  -0.0000023253  -0.0000144264
       -0.0000076349  -0.0000295651   0.0000478863  -0.0000376781   0.0000044449
       -0.0000046787   0.0000051206   0.0000100343  -0.0000435219   0.0000140224
        0.0001410982   0.0000370838  -0.0000809949  -0.0000422572  -0.0000721217
       -0.0000559005  -0.0002750527   0.0004220464  -0.0002175410  -0.0039672408
       -0.0022924122   0.0002159790   0.0004601468   0.0000685063   0.0003842428
        0.0032271311  -0.0143162717   0.0186780848   0.0001029445   0.0098924062
       -0.0147377265   0.0033222284   0.1441538227  -0.1321354737
       -0.0000135223   0.0000071586  -0.0000028133  -0.0000311332  -0.0000186769
       -0.0000076710  -0.0000378146   0.0000304945  -0.0000028614  -0.0001407319
       -0.0001143907   0.0000144448  -0.0003217835  -0.0002996485   0.0002190738
        0.0026394521   0.0034220175  -0.0015556574   0.0016598462   0.1121213743
       -0.2031327955   0.0000034166  -0.0000055910  -0.0000109967   0.0000058420
       -0.0000146153   0.0000203895   0.0000072314   0.0000038279   0.0000012805
       -0.0000107816  -0.0000075743  -0.0000002555  -0.0000045676   0.0000070642
        0.0000106080   0.0000310095  -0.0000378390   0.0000605852   0.0000087409
       -0.0000095120  -0.0000431709  -0.0000388049  -0.0000119116   0.0000169578
       -0.0001224060  -0.0000731275   0.0000327105   0.0000140735   0.0000503727
       -0.0003314251   0.0004180805  -0.0002203834   0.0004413614   0.0004911927
        0.0003855206   0.0012616908  -0.0002705586  -0.0004270113   0.0007604859
       -0.0012886548   0.0022789557  -0.0018504322  -0.0006703903   0.0150689693
       -0.0286946419  -0.0023277362  -0.1321354737   0.2327931327
