           1           2   1.01907066530646     
           2           3   1.00773838094184     
           3           4   1.00708467529187     
           4           5   1.00708446481467     
           5           6   1.00773842743217     
           6           7   1.01907056349140     
           1           8  0.988018468393858     
           1           9  0.988030696915950     
           1          10  0.987559329995221     
           2          11  0.978650802640741     
           2          12  0.978666344146968     
           3          13  0.977566831875152     
           3          14  0.977546881088509     
           4          15  0.977558522183708     
           4          16  0.977567706590450     
           5          17  0.977575844962969     
           5          18  0.977537890225687     
           6          19  0.978668193390066     
           6          20  0.978649012553929     
           7          21  0.987559401035064     
           7          22  0.988041396490511     
           7          23  0.988007736909205     
