   -0.10107440
   -0.05153356
   -0.05779159
   -0.05785518
   -0.05856846
   -0.05816376
   -0.05731898
   -0.05705830
   -0.05814639
   -0.05246328
   -0.10152416
    0.03122628
    0.03123071
    0.03155913
    0.03151351
    0.02745577
    0.03032816
    0.02737234
    0.02716446
    0.02711092
    0.02549278
    0.03669099
    0.03589206
    0.02547967
    0.02733627
    0.02699549
    0.02885124
    0.02592968
    0.02850238
    0.03446921
    0.02685052
    0.02656167
    0.03330144
    0.03264351
    0.03153985
