           1           2   1.01888217625210     
           2           3   1.00889785462239     
           3           4   1.00700326068338     
           4           5   1.00667980877444     
           5           6   1.00950413486954     
           6           7   1.00667147432857     
           7           8   1.00641113135167     
           8           9   1.00820907300362     
           9          10   1.00753359702290     
          10          11   1.01902321038414     
           1          12  0.987667309765389     
           1          13  0.987955966286856     
           1          14  0.988097981454809     
           2          15  0.973938761047522     
           2          16  0.978393185099169     
           3          17  0.974752861297832     
           3          18  0.976908818286872     
           4          19  0.977422868487702     
           4          20  0.977636044291913     
           5          21  0.977488952759392     
           5          22  0.971217331564023     
           6          23  0.971596299477447     
           6          24  0.977304427573299     
           7          25  0.977945275825760     
           7          26  0.977611837130579     
           8          27  0.975396542557172     
           8          28  0.976982215469963     
           9          29  0.977557555309554     
           9          30  0.972807221904184     
          10          31  0.978650054907115     
          10          32  0.978775535717988     
          11          33  0.987902773804324     
          11          34  0.988106698484191     
          11          35  0.987637437720629     
