           1           2   1.01993765979541     
           2           3   1.00757257291656     
           3           4   1.00688566685474     
           4           5   1.00943224464928     
           5           6   1.00668910166977     
           6           7   1.00656311055902     
           7           8   1.00829534153882     
           8           9   1.00754878051772     
           9          10   1.01908601314146     
           1          11  0.987697382925244     
           1          12  0.987660507427477     
           1          13  0.984537292580981     
           2          14  0.976328254675999     
           2          15  0.978638865086858     
           3          16  0.977560774045281     
           3          17  0.977642967627290     
           4          18  0.977179814327527     
           4          19  0.972081285237750     
           5          20  0.976987226763374     
           5          21  0.972392745043711     
           6          22  0.977484837461385     
           6          23  0.977815682576692     
           7          24  0.977036205257574     
           7          25  0.975342815260792     
           8          26  0.977547873056260     
           8          27  0.973471477412085     
           9          28  0.978633509328538     
           9          29  0.978674656318237     
          10          30  0.988100185967750     
          10          31  0.987605813377960     
          10          32  0.987935280938647     
