   -0.10204280
   -0.05282844
   -0.05886471
   -0.05845408
   -0.05872326
   -0.05803567
   -0.05802416
   -0.05887041
   -0.05832513
   -0.05803895
   -0.05833268
   -0.05895632
   -0.05285167
   -0.10207770
    0.03316630
    0.03247516
    0.03312169
    0.02831918
    0.02841827
    0.02957480
    0.02955258
    0.02759034
    0.02804159
    0.03150803
    0.02942237
    0.02845555
    0.02936967
    0.02944275
    0.02845919
    0.02941611
    0.03165610
    0.02855541
    0.02803949
    0.02888665
    0.02888456
    0.02850709
    0.02837482
    0.02972984
    0.02960720
    0.02842810
    0.02849865
    0.03318517
    0.03318447
    0.03255484
