           1           2   1.01905564767261     
           2           3   1.00781054895503     
           3           4   1.00705196751456     
           4           5   1.00667546059527     
           5           6   1.00792646829584     
           6           7   1.00591885099620     
           7           8   1.00795452734261     
           8           9   1.00660513605622     
           9          10   1.00677503402661     
          10          11   1.00688141175061     
          11          12   1.00698316959343     
          12          13   1.00779229648388     
          13          14   1.01907655054500     
           1          15  0.987999783105984     
           1          16  0.987570585485202     
           1          17  0.988016170993339     
           2          18  0.978711082092470     
           2          19  0.978622487996735     
           3          20  0.977540091874862     
           3          21  0.977407472911443     
           4          22  0.977589048304689     
           4          23  0.977592920522219     
           5          24  0.975087954170283     
           5          25  0.977392536207659     
           6          26  0.977201165108830     
           6          27  0.977461072495579     
           7          28  0.977404714214616     
           7          29  0.977230303150421     
           8          30  0.977420677169939     
           8          31  0.975000463183566     
           9          32  0.977509674861557     
           9          33  0.977654404055515     
          10          34  0.977310372908246     
          10          35  0.977614498508332     
          11          36  0.977473047019236     
          11          37  0.977669799989046     
          12          38  0.977424467718372     
          12          39  0.977569564982860     
          13          40  0.978693382508675     
          13          41  0.978594573364690     
          14          42  0.987994105907371     
          14          43  0.988027649049878     
          14          44  0.987558762903583     
