$hessian                                                                        
        0.4771064127  -0.0294256747  -0.0000124574  -0.1632521068  -0.0621751464
       -0.0000859349  -0.0290527294  -0.0083854457   0.0000063914  -0.0036968788
        0.0030405214   0.0000096434  -0.0010794305  -0.0006614152   0.0000019293
       -0.0003478469   0.0002344904  -0.0000016309  -0.0436434679  -0.0056419877
       -0.0098943768  -0.0435467828  -0.0052271375   0.0090857017  -0.1833604723
        0.1192251439   0.0009222755  -0.0053020904  -0.0047405623  -0.0020923595
       -0.0052394874  -0.0047264526   0.0020614621   0.0007572941  -0.0008413832
        0.0002437720   0.0007580954  -0.0008368989  -0.0002465644  -0.0000164562
        0.0001268245  -0.0001565046  -0.0000121028   0.0001319590   0.0001579145
       -0.0000044990  -0.0000546260  -0.0000470183  -0.0000043159  -0.0000543399
        0.0000475901   0.0000280317   0.0000380386  -0.0000408932  -0.0001195695
       -0.0000647558   0.0000004074   0.0000284027   0.0000388482   0.0000406526
       -0.0294256747   0.5080088293   0.0000141404  -0.0613095227  -0.1028940890
       -0.0000394524   0.0128638027   0.0074790825   0.0000140301   0.0028109978
       -0.0015910627  -0.0000045712   0.0007700438   0.0005294830  -0.0000006486
        0.0002343808  -0.0001348491   0.0000008990  -0.0060560298  -0.1224285975
       -0.1110722406  -0.0056355821  -0.1246422214   0.1118733001   0.1194840518
       -0.1424857820  -0.0007623093  -0.0176876662  -0.0116492462  -0.0027608729
       -0.0178111059  -0.0117569040   0.0027362216   0.0008483851   0.0006782516
       -0.0003663175   0.0008340211   0.0006742750   0.0003664249   0.0000618544
        0.0000515749  -0.0001313997   0.0000609922   0.0000500426   0.0001327535
       -0.0000673860   0.0000418748   0.0000002217  -0.0000665618   0.0000412715
       -0.0000004754  -0.0000051200   0.0000062269  -0.0000118362   0.0001014012
        0.0000158063   0.0000001167  -0.0000052818   0.0000060333   0.0000120161
       -0.0000124574   0.0000141404   0.5233671348  -0.0000804837  -0.0000374218
       -0.0681159367   0.0000728167   0.0000301178   0.0004549909   0.0000096172
       -0.0000100630   0.0003191399   0.0000038080   0.0000029008   0.0001934639
        0.0000012411  -0.0000006308   0.0000072912  -0.0101261022  -0.1111141627
       -0.2052498454   0.0093177818   0.1119302398  -0.2031093872   0.0009172233
       -0.0007598604  -0.0452812066  -0.0215157471  -0.0148033636  -0.0016511528
        0.0214159771   0.0147447434  -0.0015970003  -0.0007311930  -0.0002404324
        0.0002967562   0.0007289294   0.0002419733   0.0003016616  -0.0001213534
       -0.0000420389   0.0000344340   0.0001198802   0.0000435644   0.0000338754
       -0.0000222757   0.0000220401  -0.0000033332   0.0000219015  -0.0000220796
       -0.0000039055  -0.0000121650   0.0000085488   0.0000001812   0.0000002229
        0.0000000783   0.0000027670   0.0000123783  -0.0000082939   0.0000000716
       -0.1632521068  -0.0613095227  -0.0000804837   0.4560564118   0.0068578222
        0.0001121095  -0.1376147124   0.0658827237   0.0002047227  -0.0280350722
        0.0123643003   0.0000321880  -0.0039972785  -0.0024247583   0.0000078233
       -0.0010787768   0.0007705639  -0.0000054369  -0.0046522067  -0.0048938195
       -0.0028606354  -0.0045545598  -0.0048565105   0.0028440844  -0.0261965877
       -0.0112400481   0.0000005488  -0.0413925825  -0.0048087588  -0.0070442176
       -0.0413777932  -0.0046596510   0.0067619050  -0.0024742420   0.0035119713
       -0.0019158458  -0.0024335235   0.0034627344   0.0019339737   0.0007175238
        0.0007981259  -0.0002788145   0.0007222892   0.0008178193   0.0002890625
       -0.0000608380  -0.0000918456  -0.0001095215  -0.0000615852  -0.0000905536
        0.0001092293   0.0000132301   0.0000626270  -0.0000446294  -0.0003411598
       -0.0002166427   0.0000004057   0.0000135703   0.0000634227   0.0000435319
       -0.0621751464  -0.1028940890  -0.0000374218   0.0068578222   0.4988332324
       -0.0001498306   0.0647968398  -0.1183347728  -0.0001697705  -0.0080966931
        0.0073330415   0.0000157789  -0.0024250393  -0.0010999435   0.0000010175
       -0.0006614261   0.0005300053  -0.0000033501  -0.0171142448  -0.0122338522
       -0.0032344217  -0.0172991416  -0.0123905630   0.0032142279   0.0152531121
        0.0086232836   0.0000005406  -0.0043190379  -0.1191586698  -0.1052592530
       -0.0041783902  -0.1203035430   0.1057037873   0.0159047676  -0.0151150194
        0.0036104416   0.0158065264  -0.0149964697  -0.0036968741  -0.0010479065
        0.0005443939  -0.0002013720  -0.0010585909   0.0005545146   0.0002059205
       -0.0000196432   0.0000673788   0.0001343150  -0.0000186648   0.0000667640
       -0.0001337183   0.0000482817   0.0000079010   0.0000341824  -0.0003024890
       -0.0000414078   0.0000002386   0.0000490637   0.0000078149  -0.0000344382
       -0.0000859349  -0.0000394524  -0.0681159367   0.0001121095  -0.0001498306
        0.5399347907   0.0002355018  -0.0001806432  -0.0692720582  -0.0000008581
       -0.0000024775   0.0002892007  -0.0000112258  -0.0000049260   0.0002952443
       -0.0000033343   0.0000017353   0.0001939725  -0.0219798638  -0.0147448340
       -0.0015768549   0.0218295890   0.0146754198  -0.0015190087   0.0001235238
        0.0000628555   0.0003346234  -0.0067541154  -0.1051148049  -0.1989457853
        0.0064686352   0.1055562748  -0.1978379056  -0.0192713098   0.0179881856
       -0.0020094339   0.0193538979  -0.0180509897  -0.0021459276   0.0008178526
       -0.0001905291   0.0001726147  -0.0008355723   0.0001933702   0.0001848124
       -0.0000776796   0.0000238741   0.0000134546   0.0000795701  -0.0000226376
        0.0000168743  -0.0000093575  -0.0000115694  -0.0000076008  -0.0000007206
        0.0000002656   0.0000021276   0.0000092924   0.0000107137  -0.0000072035
       -0.0290527294   0.0128638027   0.0000728167  -0.1376147124   0.0647968398
        0.0002355018   0.4543990266   0.0032448195   0.0000715499  -0.1543003135
       -0.0607378128  -0.0000582897  -0.0280496364  -0.0080901342  -0.0000235002
       -0.0036957362   0.0028117760  -0.0000160291   0.0009557091   0.0008351439
        0.0003360227   0.0009619218   0.0008483503  -0.0003375227  -0.0051439250
       -0.0022022464  -0.0000057079  -0.0025573105   0.0036797736   0.0020976124
       -0.0025787572   0.0037060877  -0.0020779288  -0.0416062070  -0.0050210679
        0.0066768460  -0.0416308228  -0.0051283405  -0.0069525279  -0.0051897195
       -0.0048116805   0.0024329518  -0.0051377197  -0.0047720353  -0.0024593819
        0.0007779820  -0.0008655592  -0.0002550087   0.0007759286  -0.0008563428
        0.0002598638  -0.0000360977   0.0001521624  -0.0001486038  -0.0012438749
       -0.0006109399   0.0000036746  -0.0000330058   0.0001574036   0.0001476610
       -0.0083854457   0.0074790825   0.0000301178   0.0658827237  -0.1183347728
       -0.0001806432   0.0032448195   0.4974529494  -0.0000500726  -0.0607422808
       -0.1016992427  -0.0000376844   0.0123697011   0.0073287960   0.0000145542
        0.0030407366  -0.0015926964   0.0000124726  -0.0009965305   0.0006748934
        0.0002812587  -0.0010091093   0.0006851179  -0.0002787152  -0.0036529427
       -0.0006019095   0.0000017776   0.0157502392  -0.0150214888  -0.0036533482
        0.0158583153  -0.0151177786   0.0035564284  -0.0051341957  -0.1196567499
        0.1049043520  -0.0052520458  -0.1186532880  -0.1045646682  -0.0170545503
       -0.0122237415   0.0032800588  -0.0170773269  -0.0122527637  -0.0033194806
        0.0010248461   0.0005296751   0.0002678077   0.0010321302   0.0005224059
       -0.0002639646   0.0000108324   0.0000363111  -0.0001053391   0.0010792171
        0.0004085436  -0.0000010553   0.0000108664   0.0000366572   0.0001061435
        0.0000063914   0.0000140301   0.0004549909   0.0002047227  -0.0001697705
       -0.0692720582   0.0000715499  -0.0000500726   0.5386270724  -0.0000740524
       -0.0000388162  -0.0689385037  -0.0000456362  -0.0000239552   0.0002899529
       -0.0000069971   0.0000034515   0.0003188825  -0.0008622058   0.0003077673
        0.0002157101   0.0008627999  -0.0003082550   0.0002161731   0.0000005593
        0.0000001859   0.0005546493   0.0193210518  -0.0180382802  -0.0020320594
       -0.0192407059   0.0179550546  -0.0018808409   0.0068169202   0.1050296773
       -0.1971207870  -0.0070770033  -0.1046660198  -0.1981370376   0.0214332687
        0.0152046750  -0.0019417662  -0.0214042282  -0.0152168510  -0.0019743880
        0.0008212276   0.0001001325   0.0001938007  -0.0008249983  -0.0001053416
        0.0001834694  -0.0000739125  -0.0000127468   0.0000178037  -0.0000014648
        0.0000001223   0.0002087880   0.0000727131   0.0000150123   0.0000161478
       -0.0036968788   0.0028109978   0.0000096172  -0.0280350722  -0.0080966931
       -0.0000008581  -0.1543003135  -0.0607422808  -0.0000740524   0.4543173628
        0.0032745858  -0.0001563907  -0.1375670017   0.0647986324  -0.0002630106
       -0.0290378473   0.0128774319  -0.0000782076  -0.0000358566   0.0001527837
        0.0001487328  -0.0000330106   0.0001569900  -0.0001475828  -0.0012435529
       -0.0006117535  -0.0000010922   0.0007785504  -0.0008604647  -0.0002610915
        0.0007776557  -0.0008589803   0.0002528983  -0.0051565876  -0.0047886672
        0.0024529151  -0.0051724242  -0.0047989391  -0.0024407350  -0.0416475627
       -0.0052394858   0.0071120813  -0.0415962395  -0.0049365135  -0.0065528938
       -0.0025681135   0.0036970896   0.0020808955  -0.0025578130   0.0036838586
       -0.0020930649   0.0009541227   0.0008311005  -0.0003371315  -0.0051444645
       -0.0022000820   0.0000129836   0.0009650470   0.0008503897   0.0003359873
        0.0030405214  -0.0015910627  -0.0000100630   0.0123643003   0.0073330415
       -0.0000024775  -0.0607378128  -0.1016992427  -0.0000388162   0.0032745858
        0.4974969477   0.0000182286   0.0658758480  -0.1183658459   0.0002048001
       -0.0083714716   0.0074804334  -0.0000299201   0.0000109762   0.0000360098
        0.0001058309   0.0000106331   0.0000367071  -0.0001058817   0.0010789198
        0.0004090873  -0.0000005692   0.0010330302   0.0005256304   0.0002649565
        0.0010198464   0.0005261511  -0.0002663645  -0.0170990822  -0.0122715977
        0.0032954279  -0.0170323381  -0.0122139298  -0.0033064991  -0.0053671385
       -0.1188514020   0.1046205907  -0.0050457180  -0.1194542451  -0.1048488100
        0.0158668601  -0.0151429921  -0.0035568323   0.0157325255  -0.0150149516
        0.0036558989  -0.0009965152   0.0006726982  -0.0002808686  -0.0036512410
       -0.0005988581   0.0000028682  -0.0010067294   0.0006874213   0.0002785004
        0.0000096434  -0.0000045712   0.0003191399   0.0000321880   0.0000157789
        0.0002892007  -0.0000582897  -0.0000376844  -0.0689385037  -0.0001563907
        0.0000182286   0.5386378584  -0.0002190066   0.0001881142  -0.0692728573
        0.0000089177  -0.0000290294   0.0004543783   0.0000734848   0.0000132229
        0.0000169737  -0.0000730316  -0.0000146594   0.0000169432   0.0000025801
       -0.0000001049   0.0002087297   0.0008282349   0.0001053466   0.0001864241
       -0.0008159466  -0.0001003602   0.0001900537   0.0213838019   0.0152065660
       -0.0019361291  -0.0214501501  -0.0152242814  -0.0019813586   0.0072358456
        0.1047323844  -0.1979251519  -0.0066942588  -0.1049622675  -0.1973384844
        0.0192183201  -0.0179594228  -0.0018719858  -0.0193283644   0.0180520754
       -0.0020419877   0.0008621458  -0.0003092331   0.0002133357   0.0000015803
        0.0000026222   0.0005552808  -0.0008613040   0.0003072750   0.0002181402
       -0.0010794305   0.0007700438   0.0000038080  -0.0039972785  -0.0024250393
       -0.0000112258  -0.0280496364   0.0123697011  -0.0000456362  -0.1375670017
        0.0658758480  -0.0002190066   0.4561094921   0.0068942296  -0.0000692866
       -0.1633200983  -0.0612791920   0.0002257824   0.0000132393   0.0000627873
        0.0000442379   0.0000134930   0.0000633645  -0.0000438426  -0.0003410987
       -0.0002168363  -0.0000000443  -0.0000613727  -0.0000916384  -0.0001096635
       -0.0000612584  -0.0000903042   0.0001090218   0.0007207141   0.0008187196
       -0.0002878121   0.0007164168   0.0007999588   0.0002811539  -0.0024121081
        0.0034424033  -0.0019372004  -0.0024834139   0.0035228663   0.0019093844
       -0.0413850981  -0.0047593056  -0.0069026511  -0.0413889856  -0.0047787488
        0.0069954112  -0.0046645940  -0.0048930503   0.0028691620  -0.0261981276
       -0.0112221336   0.0000274457  -0.0045638529  -0.0048636739  -0.0028390381
       -0.0006614152   0.0005294830   0.0000029008  -0.0024247583  -0.0010999435
       -0.0000049260  -0.0080901342   0.0073287960  -0.0000239552   0.0647986324
       -0.1183658459   0.0001881142   0.0068942296   0.4987894470   0.0001816967
       -0.0621500075  -0.1028364379   0.0001190260   0.0000483843   0.0000082305
       -0.0000345100   0.0000489153   0.0000075102   0.0000341430  -0.0003023707
       -0.0000415310   0.0000002325  -0.0000182759   0.0000662074   0.0001343754
       -0.0000200050   0.0000680895  -0.0001334533  -0.0010569475   0.0005543247
       -0.0002075847  -0.0010533621   0.0005451836   0.0001998055   0.0158078045
       -0.0150044463   0.0037036534   0.0158973445  -0.0151095291  -0.0036023776
       -0.0042837757  -0.1205426148  -0.1057855553  -0.0042830211  -0.1189185584
        0.1051778812  -0.0170660620  -0.0121831393   0.0032553929   0.0152711813
        0.0086205112  -0.0000161690  -0.0173563567  -0.0124157369  -0.0031886907
        0.0000019293  -0.0000006486   0.0001934639   0.0000078233   0.0000010175
        0.0002952443  -0.0000235002   0.0000145542   0.0002899529  -0.0002630106
        0.0002048001  -0.0692728573  -0.0000692866   0.0001816967   0.5399396345
        0.0002206109   0.0001174300  -0.0681160367   0.0000092601   0.0000116076
       -0.0000075441  -0.0000091806  -0.0000108068  -0.0000072638   0.0000004617
       -0.0000003946   0.0000021794  -0.0000789759   0.0000225431   0.0000165564
        0.0000783063  -0.0000236688   0.0000140555   0.0008346384  -0.0001920115
        0.0001864176  -0.0008208928   0.0001925538   0.0001716475  -0.0193387514
        0.0180502661  -0.0021479901   0.0192802187  -0.0179918823  -0.0020063051
       -0.0066082602  -0.1056412931  -0.1975922248   0.0067078612   0.1050315587
       -0.1991990195   0.0220276548   0.0147547048  -0.0016172255  -0.0001590786
       -0.0000826036   0.0003356367  -0.0217978277  -0.0146394233  -0.0014783217
       -0.0003478469   0.0002343808   0.0000012411  -0.0010787768  -0.0006614261
       -0.0000033343  -0.0036957362   0.0030407366  -0.0000069971  -0.0290378473
       -0.0083714716   0.0000089177  -0.1633200983  -0.0621500075   0.0002206109
        0.4770627964  -0.0293916517   0.0000825389   0.0000279842   0.0000383362
        0.0000409108   0.0000283595   0.0000388449  -0.0000406418  -0.0001194656
       -0.0000646777  -0.0000000345  -0.0000040666  -0.0000545654  -0.0000474622
       -0.0000047223  -0.0000541544   0.0000472113  -0.0000117252   0.0001319621
       -0.0001578314  -0.0000165852   0.0001272976   0.0001567781   0.0007608475
       -0.0008404089   0.0002475923   0.0007561685  -0.0008359266  -0.0002416448
       -0.0052626121  -0.0047457085  -0.0020523151  -0.0053032057  -0.0047296997
        0.0021050004  -0.0436566691  -0.0056779859   0.0100015927  -0.1832281969
        0.1192503530  -0.0012510939  -0.0435486018  -0.0052842271  -0.0091110391
        0.0002344904  -0.0001348491  -0.0000006308   0.0007705639   0.0005300053
        0.0000017353   0.0028117760  -0.0015926964   0.0000034515   0.0128774319
        0.0074804334  -0.0000290294  -0.0612791920  -0.1028364379   0.0001174300
       -0.0293916517   0.5080622112   0.0000191206  -0.0000051456   0.0000060174
        0.0000119972  -0.0000053018   0.0000061979  -0.0000118587   0.0001014583
        0.0000159974  -0.0000002677  -0.0000666657   0.0000415752   0.0000002899
       -0.0000672018   0.0000416460  -0.0000004529   0.0000613285   0.0000505065
       -0.0001324559   0.0000614752   0.0000508350   0.0001318593   0.0008324947
        0.0006766532  -0.0003683056   0.0008466102   0.0006753023   0.0003641765
       -0.0178488181  -0.0117756603  -0.0027128889  -0.0176578190  -0.0116125568
        0.0027827520  -0.0060934944  -0.1218513211   0.1108582107   0.1195089283
       -0.1426190388   0.0010303277  -0.0056912672  -0.1252148205  -0.1120654608
       -0.0000016309   0.0000008990   0.0000072912  -0.0000054369  -0.0000033501
        0.0001939725  -0.0000160291   0.0000124726   0.0003188825  -0.0000782076
       -0.0000299201   0.0004543783   0.0002257824   0.0001190260  -0.0681160367
        0.0000825389   0.0000191206   0.5233688602   0.0000121584  -0.0000083280
        0.0000000566  -0.0000122707   0.0000081058   0.0000000274  -0.0000004588
       -0.0000000908   0.0000030278  -0.0000217553   0.0000218698  -0.0000036717
        0.0000223652  -0.0000219407  -0.0000028400  -0.0001197149  -0.0000441245
        0.0000330367   0.0001212874   0.0000420456   0.0000348564  -0.0007314990
       -0.0002414643   0.0003051662   0.0007271610   0.0002398419   0.0002929141
       -0.0213966569  -0.0147195938  -0.0015624515   0.0215483025   0.0148114009
       -0.0016869120   0.0102328419   0.1108944701  -0.2058170231  -0.0012431430
        0.0010277201  -0.0452842739  -0.0093456346  -0.1121281603  -0.2025392610
       -0.0436434679  -0.0060560298  -0.0101261022  -0.0046522067  -0.0171142448
       -0.0219798638   0.0009557091  -0.0009965305  -0.0008622058  -0.0000358566
        0.0000109762   0.0000734848   0.0000132393   0.0000483843   0.0000092601
        0.0000279842  -0.0000051456   0.0000121584   0.0512346718   0.0100059455
        0.0120056523   0.0008000468   0.0007065797   0.0003375897  -0.0002552857
        0.0160188193   0.0209749139  -0.0048298513  -0.0036082341  -0.0006514157
        0.0007829620   0.0004623369  -0.0003515173  -0.0000291178   0.0000512168
        0.0000058506  -0.0005371490   0.0002835793   0.0004221392   0.0000547413
        0.0000103337  -0.0000468952   0.0001166701   0.0001225697   0.0001359396
       -0.0000473534   0.0000360542   0.0000372671   0.0000038929  -0.0000033368
       -0.0000057758   0.0000046507  -0.0000022689  -0.0000052759   0.0000100898
        0.0000151236   0.0000015868   0.0000256305   0.0000138711   0.0000132092
       -0.0056419877  -0.1224285975  -0.1111141627  -0.0048938195  -0.0122338522
       -0.0147448340   0.0008351439   0.0006748934   0.0003077673   0.0001527837
        0.0000360098   0.0000132229   0.0000627873   0.0000082305   0.0000116076
        0.0000383362   0.0000060174  -0.0000083280   0.0100059455   0.1408965190
        0.1308488793   0.0007804879   0.0098333442   0.0150979073   0.0021965482
       -0.0153609562  -0.0202093706  -0.0038102427  -0.0018013367  -0.0001881839
        0.0004125447   0.0000112924  -0.0003716580  -0.0000464345  -0.0000755057
        0.0000574505  -0.0002066634   0.0004149352   0.0001868401   0.0000042154
       -0.0000438671  -0.0000085697   0.0001352720   0.0000186918   0.0000734640
       -0.0000247244   0.0000499554   0.0000343259   0.0000016361  -0.0000054392
       -0.0000049827  -0.0000022209  -0.0000163474   0.0000117245  -0.0000130645
        0.0000195689   0.0000040332   0.0000134567  -0.0000035557   0.0000028669
       -0.0098943768  -0.1110722406  -0.2052498454  -0.0028606354  -0.0032344217
       -0.0015768549   0.0003360227   0.0002812587   0.0002157101   0.0001487328
        0.0001058309   0.0000169737   0.0000442379  -0.0000345100  -0.0000075441
        0.0000409108   0.0000119972   0.0000000566   0.0120056523   0.1308488793
        0.2352563714  -0.0004672795  -0.0147200095  -0.0287007691   0.0011487494
       -0.0025769723  -0.0021905406  -0.0005159622  -0.0003487825   0.0012620845
        0.0003029868   0.0004062700   0.0007723496  -0.0000146770  -0.0000488397
       -0.0003262155  -0.0004022626   0.0002451514   0.0004438355   0.0000386730
        0.0000071959   0.0000171995   0.0001270577   0.0000657641   0.0000315762
       -0.0000304064   0.0000403294   0.0000640024  -0.0000082255   0.0000108169
       -0.0000395679   0.0000053044  -0.0000115267   0.0000140612  -0.0000179471
        0.0000204024   0.0000005122   0.0000134446   0.0000034069  -0.0000033957
       -0.0435467828  -0.0056355821   0.0093177818  -0.0045545598  -0.0172991416
        0.0218295890   0.0009619218  -0.0010091093   0.0008627999  -0.0000330106
        0.0000106331  -0.0000730316   0.0000134930   0.0000489153  -0.0000091806
        0.0000283595  -0.0000053018  -0.0000122707   0.0008000468   0.0007804879
       -0.0004672795   0.0511440578   0.0095031878  -0.0110651336  -0.0003562373
        0.0162370789  -0.0208204125   0.0007737810   0.0004570294   0.0003501988
       -0.0048285874  -0.0036162239   0.0006410142  -0.0005422522   0.0002841135
       -0.0004219992  -0.0000293754   0.0000526138  -0.0000041944   0.0001167720
        0.0001216528  -0.0001352554   0.0000560430   0.0000107539   0.0000481389
        0.0000030497  -0.0000028209   0.0000064682  -0.0000475490   0.0000354311
       -0.0000377268   0.0000256227   0.0000134337  -0.0000133898   0.0000100056
        0.0000149511  -0.0000017286   0.0000052017  -0.0000021026   0.0000056120
       -0.0052271375  -0.1246422214   0.1119302398  -0.0048565105  -0.0123905630
        0.0146754198   0.0008483503   0.0006851179  -0.0003082550   0.0001569900
        0.0000367071  -0.0000146594   0.0000633645   0.0000075102  -0.0000108068
        0.0000388449   0.0000061979   0.0000081058   0.0007065797   0.0098333442
       -0.0147200095   0.0095031878   0.1434785495  -0.1317968927   0.0023000305
       -0.0155857403   0.0200649999   0.0004153211   0.0000087972   0.0003602059
       -0.0038043318  -0.0018052128   0.0001695960  -0.0002139725   0.0004216726
       -0.0001898322  -0.0000469508  -0.0000735671  -0.0000546201   0.0001364483
        0.0000190905  -0.0000745219   0.0000053041  -0.0000444922   0.0000091838
        0.0000013439  -0.0000048639   0.0000056679  -0.0000253065   0.0000504175
       -0.0000352498   0.0000138710  -0.0000033870  -0.0000033492  -0.0000132902
        0.0000192866  -0.0000042326  -0.0000021364  -0.0000166435  -0.0000109895
        0.0090857017   0.1118733001  -0.2031093872   0.0028440844   0.0032142279
       -0.0015190087  -0.0003375227  -0.0002787152   0.0002161731  -0.0001475828
       -0.0001058817   0.0000169432  -0.0000438426   0.0000341430  -0.0000072638
       -0.0000406418  -0.0000118587   0.0000000274   0.0003375897   0.0150979073
       -0.0287007691  -0.0110651336  -0.1317968927   0.2327501853  -0.0011344376
        0.0023681243  -0.0018623573  -0.0002969105  -0.0004083190   0.0007606625
        0.0005078585   0.0003471395   0.0012612962   0.0004019306  -0.0002453615
        0.0004418960   0.0000173409   0.0000491992  -0.0003298474  -0.0001266656
       -0.0000649336   0.0000319418  -0.0000395048  -0.0000083677   0.0000156440
        0.0000089995  -0.0000114023  -0.0000405059   0.0000300327  -0.0000397886
        0.0000636227  -0.0000132000  -0.0000028492  -0.0000034260   0.0000174422
       -0.0000208833   0.0000005575  -0.0000055382   0.0000112122   0.0000136156
       -0.1833604723   0.1194840518   0.0009172233  -0.0261965877   0.0152531121
        0.0001235238  -0.0051439250  -0.0036529427   0.0000005593  -0.0012435529
        0.0010789198   0.0000025801  -0.0003410987  -0.0003023707   0.0000004617
       -0.0001194656   0.0001014583  -0.0000004588  -0.0002552857   0.0021965482
        0.0011487494  -0.0003562373   0.0023000305  -0.0011344376   0.2152957602
       -0.1366750539  -0.0010577570   0.0005714984   0.0004462880  -0.0001774972
        0.0005670515   0.0004377503   0.0001790106   0.0002412056  -0.0003187836
        0.0002022263   0.0002408701  -0.0003172894  -0.0002043952   0.0000348261
        0.0000270136   0.0000169466   0.0000353193   0.0000275597  -0.0000173098
        0.0000459611  -0.0000344493  -0.0000185338   0.0000455443  -0.0000337909
        0.0000186539   0.0000100444  -0.0000130409   0.0000179238  -0.0000814607
        0.0000083331   0.0000000213   0.0000100049  -0.0000133441  -0.0000174907
        0.1192251439  -0.1424857820  -0.0007598604  -0.0112400481   0.0086232836
        0.0000628555  -0.0022022464  -0.0006019095   0.0000001859  -0.0006117535
        0.0004090873  -0.0000001049  -0.0002168363  -0.0000415310  -0.0000003946
       -0.0000646777   0.0000159974  -0.0000000908   0.0160188193  -0.0153609562
       -0.0025769723   0.0162370789  -0.0155857403   0.0023681243  -0.1366750539
        0.1635730480   0.0008975417  -0.0001450991   0.0005843836   0.0002579233
       -0.0001430657   0.0005766569  -0.0002505406  -0.0001806953   0.0000799972
       -0.0002114897  -0.0001805194   0.0000800140   0.0002118677   0.0000830893
        0.0000660473  -0.0000499248   0.0000836896   0.0000662267   0.0000507791
       -0.0000132505  -0.0000115699   0.0000015391  -0.0000129689  -0.0000120503
       -0.0000016991   0.0000151917   0.0000195303  -0.0000204993   0.0000082748
       -0.0000142116  -0.0000000168   0.0000149273   0.0000194784   0.0000207767
        0.0009222755  -0.0007623093  -0.0452812066   0.0000005488   0.0000005406
        0.0003346234  -0.0000057079   0.0000017776   0.0005546493  -0.0000010922
       -0.0000005692   0.0002087297  -0.0000000443   0.0000002325   0.0000021794
       -0.0000000345  -0.0000002677   0.0000030278   0.0209749139  -0.0202093706
       -0.0021905406  -0.0208204125   0.0200649999  -0.0018623573  -0.0010577570
        0.0008975417   0.0480745093  -0.0004793184   0.0001913772   0.0000411529
        0.0004688119  -0.0001868923   0.0000295442   0.0001243990  -0.0000682986
        0.0000381797  -0.0001266558   0.0000708087   0.0000396072  -0.0000294616
       -0.0000265657   0.0000041678   0.0000296038   0.0000264397   0.0000044691
       -0.0000126602  -0.0000008076   0.0000007383   0.0000125051   0.0000011841
        0.0000009396  -0.0000015797  -0.0000041109   0.0000007420  -0.0000000799
        0.0000001079  -0.0000037122   0.0000017459   0.0000041820   0.0000005567
       -0.0053020904  -0.0176876662  -0.0215157471  -0.0413925825  -0.0043190379
       -0.0067541154  -0.0025573105   0.0157502392   0.0193210518   0.0007785504
        0.0010330302   0.0008282349  -0.0000613727  -0.0000182759  -0.0000789759
       -0.0000040666  -0.0000666657  -0.0000217553  -0.0048298513  -0.0038102427
       -0.0005159622   0.0007737810   0.0004153211  -0.0002969105   0.0005714984
       -0.0001450991  -0.0004793184   0.0543901729   0.0056219369   0.0083786571
        0.0012723740   0.0004994368   0.0008913060   0.0007099592  -0.0005249348
        0.0002735152  -0.0038406443   0.0036933040   0.0004726158  -0.0000071285
       -0.0000647644   0.0000175068  -0.0006479286  -0.0001801562  -0.0004031952
        0.0000975354  -0.0001376672  -0.0001244613   0.0000471395  -0.0000221455
        0.0000418427   0.0000039788   0.0000017225   0.0000081688   0.0000455635
       -0.0000129660  -0.0000124729  -0.0000475777  -0.0000253694  -0.0000299849
       -0.0047405623  -0.0116492462  -0.0148033636  -0.0048087588  -0.1191586698
       -0.1051148049   0.0036797736  -0.0150214888  -0.0180382802  -0.0008604647
        0.0005256304   0.0001053466  -0.0000916384   0.0000662074   0.0000225431
       -0.0000545654   0.0000415752   0.0000218698  -0.0036082341  -0.0018013367
       -0.0003487825   0.0004570294   0.0000087972  -0.0004083190   0.0004462880
        0.0005843836   0.0001913772   0.0056219369   0.1396310783   0.1246992113
        0.0005277510   0.0092979758   0.0142878528  -0.0005277647   0.0001521427
       -0.0004618556   0.0037425051  -0.0030973540  -0.0005649597   0.0000593123
       -0.0000627584   0.0000438866   0.0003183517   0.0004246506   0.0002572917
       -0.0001371024   0.0000596300   0.0000981256  -0.0000220420  -0.0000340961
       -0.0000149738  -0.0000033699  -0.0000054935  -0.0000108172  -0.0000338789
       -0.0000122564  -0.0000011783   0.0000354336   0.0000506288   0.0000398301
       -0.0020923595  -0.0027608729  -0.0016511528  -0.0070442176  -0.1052592530
       -0.1989457853   0.0020976124  -0.0036533482  -0.0020320594  -0.0002610915
        0.0002649565   0.0001864241  -0.0001096635   0.0001343754   0.0000165564
       -0.0000474622   0.0000002899  -0.0000036717  -0.0006514157  -0.0001881839
        0.0012620845   0.0003501988   0.0003602059   0.0007606625  -0.0001774972
        0.0002579233   0.0000411529   0.0083786571   0.1246992113   0.2273495591
       -0.0009387192  -0.0140833978  -0.0292089106  -0.0002822718   0.0004616068
        0.0007638625   0.0004756904  -0.0005448449   0.0012084637   0.0000049677
       -0.0000500422  -0.0003247950   0.0004401908   0.0002046070   0.0004933564
       -0.0001254188   0.0000995810   0.0000443379  -0.0000420393   0.0000153168
        0.0000151117   0.0000057601   0.0000048222  -0.0000394327  -0.0000186842
        0.0000018174   0.0000007966   0.0000377634   0.0000352292   0.0000634393
       -0.0052394874  -0.0178111059   0.0214159771  -0.0413777932  -0.0041783902
        0.0064686352  -0.0025787572   0.0158583153  -0.0192407059   0.0007776557
        0.0010198464  -0.0008159466  -0.0000612584  -0.0000200050   0.0000783063
       -0.0000047223  -0.0000672018   0.0000223652   0.0007829620   0.0004125447
        0.0003029868  -0.0048285874  -0.0038043318   0.0005078585   0.0005670515
       -0.0001430657   0.0004688119   0.0012723740   0.0005277510  -0.0009387192
        0.0543216127   0.0054654135  -0.0080469103  -0.0038410354   0.0037009825
       -0.0004458512   0.0007086967  -0.0005251175  -0.0002753071  -0.0006391367
       -0.0001740349   0.0004057090  -0.0000078821  -0.0000647044  -0.0000234531
        0.0000489637  -0.0000237476  -0.0000430399   0.0000977756  -0.0001368904
        0.0001253982  -0.0000473364  -0.0000245113   0.0000303573   0.0000459313
       -0.0000131500   0.0000126246   0.0000029734   0.0000014032  -0.0000090968
       -0.0047264526  -0.0117569040   0.0147447434  -0.0046596510  -0.1203035430
        0.1055562748   0.0037060877  -0.0151177786   0.0179550546  -0.0008589803
        0.0005261511  -0.0001003602  -0.0000903042   0.0000680895  -0.0000236688
       -0.0000541544   0.0000416460  -0.0000219407   0.0004623369   0.0000112924
        0.0004062700  -0.0036162239  -0.0018052128   0.0003471395   0.0004377503
        0.0005766569  -0.0001868923   0.0004994368   0.0092979758  -0.0140833978
        0.0054654135   0.1409901870  -0.1251787516   0.0037417458  -0.0031012781
        0.0005377116  -0.0005292286   0.0001527996   0.0004585177   0.0003227579
        0.0004197345  -0.0002591626   0.0000618306  -0.0000599074  -0.0000405411
       -0.0000239147  -0.0000330703   0.0000167616  -0.0001373600   0.0000594486
       -0.0000995551   0.0000360300   0.0000497351  -0.0000403624  -0.0000343191
       -0.0000113213   0.0000008668  -0.0000028007  -0.0000047011   0.0000112926
        0.0020614621   0.0027362216  -0.0015970003   0.0067619050   0.1057037873
       -0.1978379056  -0.0020779288   0.0035564284  -0.0018808409   0.0002528983
       -0.0002663645   0.0001900537   0.0001090218  -0.0001334533   0.0000140555
        0.0000472113  -0.0000004529  -0.0000028400  -0.0003515173  -0.0003716580
        0.0007723496   0.0006410142   0.0001695960   0.0012612962   0.0001790106
       -0.0002505406   0.0000295442   0.0008913060   0.0142878528  -0.0292089106
       -0.0080469103  -0.1251787516   0.2260414952  -0.0004475670   0.0005160424
        0.0012159447   0.0002790785  -0.0004631096   0.0007615134  -0.0004321666
       -0.0001994993   0.0004889111  -0.0000086932   0.0000499106  -0.0003311064
        0.0000427618  -0.0000164254   0.0000141754   0.0001243198  -0.0000980650
        0.0000448499  -0.0000372018  -0.0000343809   0.0000641185   0.0000184706
       -0.0000013725   0.0000008656  -0.0000064751  -0.0000057654  -0.0000405692
        0.0007572941   0.0008483851  -0.0007311930  -0.0024742420   0.0159047676
       -0.0192713098  -0.0416062070  -0.0051341957   0.0068169202  -0.0051565876
       -0.0170990822   0.0213838019   0.0007207141  -0.0010569475   0.0008346384
       -0.0000117252   0.0000613285  -0.0001197149  -0.0000291178  -0.0000464345
       -0.0000146770  -0.0005422522  -0.0002139725   0.0004019306   0.0002412056
       -0.0001806953   0.0001243990   0.0007099592  -0.0005277647  -0.0002822718
       -0.0038410354   0.0037417458  -0.0004475670   0.0542467959   0.0055799708
       -0.0080084822   0.0012863617   0.0005400758  -0.0009719468  -0.0046933762
       -0.0034556277   0.0005125963   0.0008392179   0.0004358214   0.0003217137
       -0.0000082106   0.0000621046   0.0000104478  -0.0006474862   0.0003164402
       -0.0004418263   0.0001168827   0.0001348139  -0.0001274394   0.0000351356
        0.0000837076  -0.0000298279   0.0000566734   0.0000055590   0.0000398084
       -0.0008413832   0.0006782516  -0.0002404324   0.0035119713  -0.0151150194
        0.0179881856  -0.0050210679  -0.1196567499   0.1050296773  -0.0047886672
       -0.0122715977   0.0152065660   0.0008187196   0.0005543247  -0.0001920115
        0.0001319621   0.0000505065  -0.0000441245   0.0000512168  -0.0000755057
       -0.0000488397   0.0002841135   0.0004216726  -0.0002453615  -0.0003187836
        0.0000799972  -0.0000682986  -0.0005249348   0.0001521427   0.0004616068
        0.0037009825  -0.0031012781   0.0005160424   0.0055799708   0.1407371417
       -0.1248386824   0.0005137063   0.0092742934  -0.0140794739  -0.0034482053
       -0.0021495522   0.0004835663   0.0004359797   0.0000156049   0.0004096482
       -0.0000653662  -0.0000591984  -0.0000492112  -0.0001813924   0.0004242325
       -0.0002049936   0.0001226565   0.0000185277  -0.0000661984   0.0000274042
        0.0000663715  -0.0000263947   0.0000111171  -0.0000441655   0.0000087298
        0.0002437720  -0.0003663175   0.0002967562  -0.0019158458   0.0036104416
       -0.0020094339   0.0066768460   0.1049043520  -0.1971207870   0.0024529151
        0.0032954279  -0.0019361291  -0.0002878121  -0.0002075847   0.0001864176
       -0.0001578314  -0.0001324559   0.0000330367   0.0000058506   0.0000574505
       -0.0003262155  -0.0004219992  -0.0001898322   0.0004418960   0.0002022263
       -0.0002114897   0.0000381797   0.0002735152  -0.0004618556   0.0007638625
       -0.0004458512   0.0005377116   0.0012159447  -0.0080084822  -0.1248386824
        0.2255344213   0.0009277429   0.0142632091  -0.0292648858   0.0005170258
        0.0004983939   0.0011897724  -0.0003211886  -0.0004100218   0.0007457319
        0.0000246591   0.0000403457  -0.0003331875   0.0004011170  -0.0002559561
        0.0004926542  -0.0001356982  -0.0000727845   0.0000318618   0.0000174295
       -0.0000508548   0.0000044154  -0.0000483910  -0.0000094970   0.0000156883
        0.0007580954   0.0008340211   0.0007289294  -0.0024335235   0.0158065264
        0.0193538979  -0.0416308228  -0.0052520458  -0.0070770033  -0.0051724242
       -0.0170323381  -0.0214501501   0.0007164168  -0.0010533621  -0.0008208928
       -0.0000165852   0.0000614752   0.0001212874  -0.0005371490  -0.0002066634
       -0.0004022626  -0.0000293754  -0.0000469508   0.0000173409   0.0002408701
       -0.0001805194  -0.0001266558  -0.0038406443   0.0037425051   0.0004756904
        0.0007086967  -0.0005292286   0.0002790785   0.0012863617   0.0005137063
        0.0009277429   0.0542332063   0.0057435068   0.0082813731   0.0008531969
        0.0004365193  -0.0003276374  -0.0046933151  -0.0034457461  -0.0005256862
       -0.0006422764   0.0003252774   0.0004310054  -0.0000066734   0.0000593719
       -0.0000032571   0.0000541141   0.0000039699  -0.0000383030   0.0000351867
        0.0000831065   0.0000292261   0.0001166446   0.0001368686   0.0001262764
       -0.0008368989   0.0006742750   0.0002419733   0.0034627344  -0.0149964697
       -0.0180509897  -0.0051283405  -0.1186532880  -0.1046660198  -0.0047989391
       -0.0122139298  -0.0152242814   0.0007999588   0.0005451836   0.0001925538
        0.0001272976   0.0000508350   0.0000420456   0.0002835793   0.0004149352
        0.0002451514   0.0000526138  -0.0000735671   0.0000491992  -0.0003172894
        0.0000800140   0.0000708087   0.0036933040  -0.0030973540  -0.0005448449
       -0.0005251175   0.0001527996  -0.0004631096   0.0005400758   0.0092742934
        0.0142632091   0.0057435068   0.1395760198   0.1244333955   0.0004369214
        0.0000182772  -0.0004185457  -0.0034555575  -0.0021504551  -0.0005045183
       -0.0001722601   0.0004212134   0.0001991248  -0.0000644602  -0.0000635013
        0.0000506129   0.0000099218  -0.0000441510  -0.0000067321   0.0000273130
        0.0000658366   0.0000264429   0.0001216365   0.0000190333   0.0000645245
       -0.0002465644   0.0003664249   0.0003016616   0.0019339737  -0.0036968741
       -0.0021459276  -0.0069525279  -0.1045646682  -0.1981370376  -0.0024407350
       -0.0033064991  -0.0019813586   0.0002811539   0.0001998055   0.0001716475
        0.0001567781   0.0001318593   0.0000348564   0.0004221392   0.0001868401
        0.0004438355  -0.0000041944  -0.0000546201  -0.0003298474  -0.0002043952
        0.0002118677   0.0000396072   0.0004726158  -0.0005649597   0.0012084637
       -0.0002753071   0.0004585177   0.0007615134  -0.0009719468  -0.0140794739
       -0.0292648858   0.0082813731   0.1244333955   0.2267248536   0.0003281403
        0.0004181063   0.0007645917  -0.0005215859  -0.0004899089   0.0011873780
       -0.0004080262   0.0002607617   0.0004908934  -0.0000164365  -0.0000438528
       -0.0003230346   0.0000467207   0.0000080908   0.0000171072  -0.0000168285
        0.0000498707   0.0000040696   0.0001356532   0.0000753165   0.0000316128
       -0.0000164562   0.0000618544  -0.0001213534   0.0007175238  -0.0010479065
        0.0008178526  -0.0051897195  -0.0170545503   0.0214332687  -0.0416475627
       -0.0053671385   0.0072358456  -0.0024121081   0.0158078045  -0.0193387514
        0.0007608475   0.0008324947  -0.0007314990   0.0000547413   0.0000042154
        0.0000386730   0.0001167720   0.0001364483  -0.0001266656   0.0000348261
        0.0000830893  -0.0000294616  -0.0000071285   0.0000593123   0.0000049677
       -0.0006391367   0.0003227579  -0.0004321666  -0.0046933762  -0.0034482053
        0.0005170258   0.0008531969   0.0004369214   0.0003281403   0.0542396304
        0.0058837998  -0.0084523039   0.0012867265   0.0005023906  -0.0009010326
        0.0007047572  -0.0005289563  -0.0002773285  -0.0038383381   0.0037462234
       -0.0004765250  -0.0005365896  -0.0002031723   0.0004041250   0.0002413021
       -0.0001801365   0.0001263794  -0.0000299082  -0.0000472462  -0.0000191905
        0.0001268245   0.0000515749  -0.0000420389   0.0007981259   0.0005443939
       -0.0001905291  -0.0048116805  -0.0122237415   0.0152046750  -0.0052394858
       -0.1188514020   0.1047323844   0.0034424033  -0.0150044463   0.0180502661
       -0.0008404089   0.0006766532  -0.0002414643   0.0000103337  -0.0000438671
        0.0000071959   0.0001216528   0.0000190905  -0.0000649336   0.0000270136
        0.0000660473  -0.0000265657  -0.0000647644  -0.0000627584  -0.0000500422
       -0.0001740349   0.0004197345  -0.0001994993  -0.0034556277  -0.0021495522
        0.0004983939   0.0004365193   0.0000182772   0.0004181063   0.0058837998
        0.1397901599  -0.1245032846   0.0005538598   0.0092737632  -0.0142282133
       -0.0005245243   0.0001525213   0.0004602992   0.0036896982  -0.0030987029
        0.0005420197   0.0002863190   0.0004141056  -0.0002467905  -0.0003190155
        0.0000806109  -0.0000714150   0.0000529920  -0.0000724620  -0.0000485641
       -0.0001565046  -0.0001313997   0.0000344340  -0.0002788145  -0.0002013720
        0.0001726147   0.0024329518   0.0032800588  -0.0019417662   0.0071120813
        0.1046205907  -0.1979251519  -0.0019372004   0.0037036534  -0.0021479901
        0.0002475923  -0.0003683056   0.0003051662  -0.0000468952  -0.0000085697
        0.0000171995  -0.0001352554  -0.0000745219   0.0000319418   0.0000169466
       -0.0000499248   0.0000041678   0.0000175068   0.0000438866  -0.0003247950
        0.0004057090  -0.0002591626   0.0004889111   0.0005125963   0.0004835663
        0.0011897724  -0.0003276374  -0.0004185457   0.0007645917  -0.0084523039
       -0.1245032846   0.2264812229   0.0010029589   0.0141132944  -0.0292653764
        0.0002736397  -0.0004559881   0.0007561638  -0.0004737989   0.0005701196
        0.0012084148  -0.0004205137  -0.0001857811   0.0004440077   0.0002049148
       -0.0002122905   0.0000389038   0.0000020267   0.0000539767  -0.0003324327
       -0.0000121028   0.0000609922   0.0001198802   0.0007222892  -0.0010585909
       -0.0008355723  -0.0051377197  -0.0170773269  -0.0214042282  -0.0415962395
       -0.0050457180  -0.0066942588  -0.0024834139   0.0158973445   0.0192802187
        0.0007561685   0.0008466102   0.0007271610   0.0001166701   0.0001352720
        0.0001270577   0.0000560430   0.0000053041  -0.0000395048   0.0000353193
        0.0000836896   0.0000296038  -0.0006479286   0.0003183517   0.0004401908
       -0.0000078821   0.0000618306  -0.0000086932   0.0008392179   0.0004359797
       -0.0003211886  -0.0046933151  -0.0034555575  -0.0005215859   0.0012867265
        0.0005538598   0.0010029589   0.0542209929   0.0054702275   0.0078792032
       -0.0038392342   0.0037405674   0.0004466672   0.0007133245  -0.0005287788
        0.0002837210  -0.0000286443  -0.0000458820   0.0000128414   0.0002403512
       -0.0001813144  -0.0001248881  -0.0005406229  -0.0002168609  -0.0003995840
        0.0001319590   0.0000500426   0.0000435644   0.0008178193   0.0005545146
        0.0001933702  -0.0047720353  -0.0122527637  -0.0152168510  -0.0049365135
       -0.1194542451  -0.1049622675   0.0035228663  -0.0151095291  -0.0179918823
       -0.0008359266   0.0006753023   0.0002398419   0.0001225697   0.0000186918
        0.0000657641   0.0000107539  -0.0000444922  -0.0000083677   0.0000275597
        0.0000662267   0.0000264397  -0.0001801562   0.0004246506   0.0002046070
       -0.0000647044  -0.0000599074   0.0000499106   0.0004358214   0.0000156049
       -0.0004100218  -0.0034457461  -0.0021504551  -0.0004899089   0.0005023906
        0.0092737632   0.0141132944   0.0054702275   0.1405192940   0.1247653741
        0.0037027046  -0.0031044260  -0.0005192496  -0.0005253607   0.0001530199
       -0.0004643956   0.0000505961  -0.0000767355   0.0000494720  -0.0003167227
        0.0000797620   0.0000674625   0.0002818976   0.0004216813   0.0002438435
        0.0001579145   0.0001327535   0.0000338754   0.0002890625   0.0002059205
        0.0001848124  -0.0024593819  -0.0033194806  -0.0019743880  -0.0065528938
       -0.1048488100  -0.1973384844   0.0019093844  -0.0036023776  -0.0020063051
       -0.0002416448   0.0003641765   0.0002929141   0.0001359396   0.0000734640
        0.0000315762   0.0000481389   0.0000091838   0.0000156440  -0.0000173098
        0.0000507791   0.0000044691  -0.0004031952   0.0002572917   0.0004933564
       -0.0000234531  -0.0000405411  -0.0003311064   0.0003217137   0.0004096482
        0.0007457319  -0.0005256862  -0.0005045183   0.0011873780  -0.0009010326
       -0.0142282133  -0.0292653764   0.0078792032   0.1247653741   0.2257844827
        0.0004441011  -0.0005325330   0.0012158744  -0.0002750109   0.0004645247
        0.0007692310  -0.0000080349  -0.0000580466  -0.0003231449  -0.0002013378
        0.0002109731   0.0000384375   0.0004235231   0.0001904315   0.0004410221
       -0.0000044990  -0.0000673860  -0.0000222757  -0.0000608380  -0.0000196432
       -0.0000776796   0.0007779820   0.0010248461   0.0008212276  -0.0025681135
        0.0158668601   0.0192183201  -0.0413850981  -0.0042837757  -0.0066082602
       -0.0052626121  -0.0178488181  -0.0213966569  -0.0000473534  -0.0000247244
       -0.0000304064   0.0000030497   0.0000013439   0.0000089995   0.0000459611
       -0.0000132505  -0.0000126602   0.0000975354  -0.0001371024  -0.0001254188
        0.0000489637  -0.0000239147   0.0000427618  -0.0000082106  -0.0000653662
        0.0000246591  -0.0006422764  -0.0001722601  -0.0004080262   0.0007047572
       -0.0005245243   0.0002736397  -0.0038392342   0.0037027046   0.0004441011
        0.0543490769   0.0055933589   0.0081941438   0.0012726589   0.0005230869
        0.0009250285   0.0007860186   0.0004115631  -0.0003049061   0.0005652725
       -0.0001422065  -0.0004667053  -0.0048330406  -0.0038007917  -0.0004998857
       -0.0000546260   0.0000418748   0.0000220401  -0.0000918456   0.0000673788
        0.0000238741  -0.0008655592   0.0005296751   0.0001001325   0.0036970896
       -0.0151429921  -0.0179594228  -0.0047593056  -0.1205426148  -0.1056412931
       -0.0047457085  -0.0117756603  -0.0147195938   0.0000360542   0.0000499554
        0.0000403294  -0.0000028209  -0.0000048639  -0.0000114023  -0.0000344493
       -0.0000115699  -0.0000008076  -0.0001376672   0.0000596300   0.0000995810
       -0.0000237476  -0.0000330703  -0.0000164254   0.0000621046  -0.0000591984
        0.0000403457   0.0003252774   0.0004212134   0.0002607617  -0.0005289563
        0.0001525213  -0.0004559881   0.0037405674  -0.0031044260  -0.0005325330
        0.0055933589   0.1412702186   0.1252751586   0.0005108993   0.0092977975
        0.0140390692   0.0004627340   0.0000116064  -0.0004064021   0.0004359842
        0.0005746157   0.0001855409  -0.0036193834  -0.0018020915  -0.0003429650
       -0.0000470183   0.0000002217  -0.0000033332  -0.0001095215   0.0001343150
        0.0000134546  -0.0002550087   0.0002678077   0.0001938007   0.0020808955
       -0.0035568323  -0.0018719858  -0.0069026511  -0.1057855553  -0.1975922248
       -0.0020523151  -0.0027128889  -0.0015624515   0.0000372671   0.0000343259
        0.0000640024   0.0000064682   0.0000056679  -0.0000405059  -0.0000185338
        0.0000015391   0.0000007383  -0.0001244613   0.0000981256   0.0000443379
       -0.0000430399   0.0000167616   0.0000141754   0.0000104478  -0.0000492112
       -0.0003331875   0.0004310054   0.0001991248   0.0004908934  -0.0002773285
        0.0004602992   0.0007561638   0.0004466672  -0.0005192496   0.0012158744
        0.0081941438   0.1252751586   0.2257529446  -0.0009171374  -0.0143323185
       -0.0292084371   0.0003524689   0.0003740359   0.0007760519  -0.0001796689
        0.0002491089   0.0000272003  -0.0006326794  -0.0001604361   0.0012624881
       -0.0000043159  -0.0000665618   0.0000219015  -0.0000615852  -0.0000186648
        0.0000795701   0.0007759286   0.0010321302  -0.0008249983  -0.0025578130
        0.0157325255  -0.0193283644  -0.0413889856  -0.0042830211   0.0067078612
       -0.0053032057  -0.0176578190   0.0215483025   0.0000038929   0.0000016361
       -0.0000082255  -0.0000475490  -0.0000253065   0.0000300327   0.0000455443
       -0.0000129689   0.0000125051   0.0000471395  -0.0000220420  -0.0000420393
        0.0000977756  -0.0001373600   0.0001243198  -0.0006474862  -0.0001813924
        0.0004011170  -0.0000066734  -0.0000644602  -0.0000164365  -0.0038383381
        0.0036896982  -0.0004737989   0.0007133245  -0.0005253607  -0.0002750109
        0.0012726589   0.0005108993  -0.0009171374   0.0543875271   0.0055693633
       -0.0083407719  -0.0048325792  -0.0038101278   0.0005242276   0.0005733788
       -0.0001464153   0.0004815816   0.0007713614   0.0004152480   0.0002953639
       -0.0000543399   0.0000412715  -0.0000220796  -0.0000905536   0.0000667640
       -0.0000226376  -0.0008563428   0.0005224059  -0.0001053416   0.0036838586
       -0.0150149516   0.0180520754  -0.0047787488  -0.1189185584   0.1050315587
       -0.0047296997  -0.0116125568   0.0148114009  -0.0000033368  -0.0000054392
        0.0000108169   0.0000354311   0.0000504175  -0.0000397886  -0.0000337909
       -0.0000120503   0.0000011841  -0.0000221455  -0.0000340961   0.0000153168
       -0.0001368904   0.0000594486  -0.0000980650   0.0003164402   0.0004242325
       -0.0002559561   0.0000593719  -0.0000635013  -0.0000438528   0.0037462234
       -0.0030987029   0.0005701196  -0.0005287788   0.0001530199   0.0004645247
        0.0005230869   0.0092977975  -0.0143323185   0.0055693633   0.1393470210
       -0.1246036802  -0.0036037221  -0.0017969536   0.0003520948   0.0004484997
        0.0005865368  -0.0001930342   0.0004560742   0.0000078950   0.0004076624
        0.0000475901  -0.0000004754  -0.0000039055   0.0001092293  -0.0001337183
        0.0000168743   0.0002598638  -0.0002639646   0.0001834694  -0.0020930649
        0.0036558989  -0.0020419877   0.0069954112   0.1051778812  -0.1991990195
        0.0021050004   0.0027827520  -0.0016869120  -0.0000057758  -0.0000049827
       -0.0000395679  -0.0000377268  -0.0000352498   0.0000636227   0.0000186539
       -0.0000016991   0.0000009396   0.0000418427  -0.0000149738   0.0000151117
        0.0001253982  -0.0000995551   0.0000448499  -0.0004418263  -0.0002049936
        0.0004926542  -0.0000032571   0.0000506129  -0.0003230346  -0.0004765250
        0.0005420197   0.0012084148   0.0002837210  -0.0004643956   0.0007692310
        0.0009250285   0.0140390692  -0.0292084371  -0.0083407719  -0.1246036802
        0.2276461847   0.0006602413   0.0001963743   0.0012609907   0.0001765991
       -0.0002596327   0.0000435233  -0.0003496317  -0.0003572872   0.0007569979
        0.0000280317  -0.0000051200  -0.0000121650   0.0000132301   0.0000482817
       -0.0000093575  -0.0000360977   0.0000108324  -0.0000739125   0.0009541227
       -0.0009965152   0.0008621458  -0.0046645940  -0.0170660620   0.0220276548
       -0.0436566691  -0.0060934944   0.0102328419   0.0000046507  -0.0000022209
        0.0000053044   0.0000256227   0.0000138710  -0.0000132000   0.0000100444
        0.0000151917  -0.0000015797   0.0000039788  -0.0000033699   0.0000057601
       -0.0000473364   0.0000360300  -0.0000372018   0.0001168827   0.0001226565
       -0.0001356982   0.0000541141   0.0000099218   0.0000467207  -0.0005365896
        0.0002863190  -0.0004205137  -0.0000286443   0.0000505961  -0.0000080349
        0.0007860186   0.0004627340   0.0003524689  -0.0048325792  -0.0036037221
        0.0006602413   0.0512468508   0.0100490990  -0.0121330668  -0.0002420531
        0.0159562864  -0.0210047934   0.0008010160   0.0007086846  -0.0003436143
        0.0000380386   0.0000062269   0.0000085488   0.0000626270   0.0000079010
       -0.0000115694   0.0001521624   0.0000363111  -0.0000127468   0.0008311005
        0.0006726982  -0.0003092331  -0.0048930503  -0.0121831393   0.0147547048
       -0.0056779859  -0.1218513211   0.1108944701  -0.0000022689  -0.0000163474
       -0.0000115267   0.0000134337  -0.0000033870  -0.0000028492  -0.0000130409
        0.0000195303  -0.0000041109   0.0000017225  -0.0000054935   0.0000048222
       -0.0000245113   0.0000497351  -0.0000343809   0.0001348139   0.0000185277
       -0.0000727845   0.0000039699  -0.0000441510   0.0000080908  -0.0002031723
        0.0004141056  -0.0001857811  -0.0000458820  -0.0000767355  -0.0000580466
        0.0004115631   0.0000116064   0.0003740359  -0.0038101278  -0.0017969536
        0.0001963743   0.0100490990   0.1402223983  -0.1305973484   0.0021825160
       -0.0153126976   0.0202552830   0.0007889926   0.0098311855  -0.0151959521
       -0.0000408932  -0.0000118362   0.0000001812  -0.0000446294   0.0000341824
       -0.0000076008  -0.0001486038  -0.0001053391   0.0000178037  -0.0003371315
       -0.0002808686   0.0002133357   0.0028691620   0.0032553929  -0.0016172255
        0.0100015927   0.1108582107  -0.2058170231  -0.0000052759   0.0000117245
        0.0000140612  -0.0000133898  -0.0000033492  -0.0000034260   0.0000179238
       -0.0000204993   0.0000007420   0.0000081688  -0.0000108172  -0.0000394327
        0.0000303573  -0.0000403624   0.0000641185  -0.0001274394  -0.0000661984
        0.0000318618  -0.0000383030  -0.0000067321   0.0000171072   0.0004041250
       -0.0002467905   0.0004440077   0.0000128414   0.0000494720  -0.0003231449
       -0.0003049061  -0.0004064021   0.0007760519   0.0005242276   0.0003520948
        0.0012609907  -0.0121330668  -0.1305973484   0.2359207423  -0.0011525504
        0.0026137851  -0.0022528787   0.0004777909   0.0146216812  -0.0287002722
       -0.0001195695   0.0001014012   0.0000002229  -0.0003411598  -0.0003024890
       -0.0000007206  -0.0012438749   0.0010792171  -0.0000014648  -0.0051444645
       -0.0036512410   0.0000015803  -0.0261981276   0.0152711813  -0.0001590786
       -0.1832281969   0.1195089283  -0.0012431430   0.0000100898  -0.0000130645
       -0.0000179471   0.0000100056  -0.0000132902   0.0000174422  -0.0000814607
        0.0000082748  -0.0000000799   0.0000455635  -0.0000338789  -0.0000186842
        0.0000459313  -0.0000343191   0.0000184706   0.0000351356   0.0000274042
        0.0000174295   0.0000351867   0.0000273130  -0.0000168285   0.0002413021
       -0.0003190155   0.0002049148   0.0002403512  -0.0003167227  -0.0002013378
        0.0005652725   0.0004359842  -0.0001796689   0.0005733788   0.0004484997
        0.0001765991  -0.0002420531   0.0021825160  -0.0011525504   0.2151451949
       -0.1367036744   0.0014272868  -0.0003485049   0.0022969753   0.0011275578
       -0.0000647558   0.0000158063   0.0000000783  -0.0002166427  -0.0000414078
        0.0000002656  -0.0006109399   0.0004085436   0.0000001223  -0.0022000820
       -0.0005988581   0.0000026222  -0.0112221336   0.0086205112  -0.0000826036
        0.1192503530  -0.1426190388   0.0010277201   0.0000151236   0.0000195689
        0.0000204024   0.0000149511   0.0000192866  -0.0000208833   0.0000083331
       -0.0000142116   0.0000001079  -0.0000129660  -0.0000122564   0.0000018174
       -0.0000131500  -0.0000113213  -0.0000013725   0.0000837076   0.0000663715
       -0.0000508548   0.0000831065   0.0000658366   0.0000498707  -0.0001801365
        0.0000806109  -0.0002122905  -0.0001813144   0.0000797620   0.0002109731
       -0.0001422065   0.0005746157   0.0002491089  -0.0001464153   0.0005865368
       -0.0002596327   0.0159562864  -0.0153126976   0.0026137851  -0.1367036744
        0.1637266304  -0.0012177718   0.0162825557  -0.0156542891  -0.0023314649
        0.0000004074   0.0000001167   0.0000027670   0.0000004057   0.0000002386
        0.0000021276   0.0000036746  -0.0000010553   0.0002087880   0.0000129836
        0.0000028682   0.0005552808   0.0000274457  -0.0000161690   0.0003356367
       -0.0012510939   0.0010303277  -0.0452842739   0.0000015868   0.0000040332
        0.0000005122  -0.0000017286  -0.0000042326   0.0000005575   0.0000000213
       -0.0000000168  -0.0000037122  -0.0000124729  -0.0000011783   0.0000007966
        0.0000126246   0.0000008668   0.0000008656  -0.0000298279  -0.0000263947
        0.0000044154   0.0000292261   0.0000264429   0.0000040696   0.0001263794
       -0.0000714150   0.0000389038  -0.0001248881   0.0000674625   0.0000384375
       -0.0004667053   0.0001855409   0.0000272003   0.0004815816  -0.0001930342
        0.0000435233  -0.0210047934   0.0202552830  -0.0022528787   0.0014272868
       -0.0012177718   0.0480790489   0.0207678863  -0.0200419127  -0.0018020661
        0.0000284027  -0.0000052818   0.0000123783   0.0000135703   0.0000490637
        0.0000092924  -0.0000330058   0.0000108664   0.0000727131   0.0009650470
       -0.0010067294  -0.0008613040  -0.0045638529  -0.0173563567  -0.0217978277
       -0.0435486018  -0.0056912672  -0.0093456346   0.0000256305   0.0000134567
        0.0000134446   0.0000052017  -0.0000021364  -0.0000055382   0.0000100049
        0.0000149273   0.0000017459  -0.0000475777   0.0000354336   0.0000377634
        0.0000029734  -0.0000028007  -0.0000064751   0.0000566734   0.0000111171
       -0.0000483910   0.0001166446   0.0001216365   0.0001356532  -0.0000299082
        0.0000529920   0.0000020267  -0.0005406229   0.0002818976   0.0004235231
       -0.0048330406  -0.0036193834  -0.0006326794   0.0007713614   0.0004560742
       -0.0003496317   0.0008010160   0.0007889926   0.0004777909  -0.0003485049
        0.0162825557   0.0207678863   0.0511485889   0.0095649420   0.0110932637
        0.0000388482   0.0000060333  -0.0000082939   0.0000634227   0.0000078149
        0.0000107137   0.0001574036   0.0000366572   0.0000150123   0.0008503897
        0.0006874213   0.0003072750  -0.0048636739  -0.0124157369  -0.0146394233
       -0.0052842271  -0.1252148205  -0.1121281603   0.0000138711  -0.0000035557
        0.0000034069  -0.0000021026  -0.0000166435   0.0000112122  -0.0000133441
        0.0000194784   0.0000041820  -0.0000253694   0.0000506288   0.0000352292
        0.0000014032  -0.0000047011  -0.0000057654   0.0000055590  -0.0000441655
       -0.0000094970   0.0001368686   0.0000190333   0.0000753165  -0.0000472462
       -0.0000724620   0.0000539767  -0.0002168609   0.0004216813   0.0001904315
       -0.0038007917  -0.0018020915  -0.0001604361   0.0004152480   0.0000078950
       -0.0003572872   0.0007086846   0.0098311855   0.0146216812   0.0022969753
       -0.0156542891  -0.0200419127   0.0095649420   0.1441406369   0.1320223388
        0.0000406526   0.0000120161   0.0000000716   0.0000435319  -0.0000344382
       -0.0000072035   0.0001476610   0.0001061435   0.0000161478   0.0003359873
        0.0002785004   0.0002181402  -0.0028390381  -0.0031886907  -0.0014783217
       -0.0091110391  -0.1120654608  -0.2025392610   0.0000132092   0.0000028669
       -0.0000033957   0.0000056120  -0.0000109895   0.0000136156  -0.0000174907
        0.0000207767   0.0000005567  -0.0000299849   0.0000398301   0.0000634393
       -0.0000090968   0.0000112926  -0.0000405692   0.0000398084   0.0000087298
        0.0000156883   0.0001262764   0.0000645245   0.0000316128  -0.0000191905
       -0.0000485641  -0.0003324327  -0.0003995840   0.0002438435   0.0004410221
       -0.0004998857  -0.0003429650   0.0012624881   0.0002953639   0.0004076624
        0.0007569979  -0.0003436143  -0.0151959521  -0.0287002722   0.0011275578
       -0.0023314649  -0.0018020661   0.0110932637   0.1320223388   0.2320837415
