           1           2   1.01905217906242     
           2           3   1.00778951812718     
           3           4   1.00730691099335     
           4           5   1.00778516350680     
           5           6   1.01905443508378     
           1           7  0.988049663533115     
           1           8  0.988026598070604     
           1           9  0.987571371375245     
           2          10  0.978684380909016     
           2          11  0.978694549125263     
           3          12  0.977556998343053     
           3          13  0.977591794771287     
           4          14  0.977591508892633     
           4          15  0.977566277604126     
           5          16  0.978684370430060     
           5          17  0.978691850531076     
           6          18  0.988053244183418     
           6          19  0.987570357521124     
           6          20  0.988024608577039     
