           1           2   1.01905564583198     
           2           3   1.00781054941765     
           3           4   1.00705196662996     
           4           5   1.00667545968499     
           5           6   1.00792646897594     
           6           7   1.00591884860897     
           7           8   1.00795452771997     
           8           9   1.00660513483581     
           9          10   1.00677503347838     
          10          11   1.00688141114373     
          11          12   1.00698316879093     
          12          13   1.00779229671767     
          13          14   1.01907654865642     
           1          15  0.987999783620512     
           1          16  0.987570585979799     
           1          17  0.988016171551945     
           2          18  0.978711082672628     
           2          19  0.978622488595264     
           3          20  0.977540092271560     
           3          21  0.977407473393116     
           4          22  0.977589048877455     
           4          23  0.977592921178739     
           5          24  0.975087954403600     
           5          25  0.977392536722922     
           6          26  0.977201165724471     
           6          27  0.977461073357142     
           7          28  0.977404715147923     
           7          29  0.977230303863796     
           8          30  0.977420677912057     
           8          31  0.975000463717963     
           9          32  0.977509675629221     
           9          33  0.977654404752366     
          10          34  0.977310373544890     
          10          35  0.977614499107628     
          11          36  0.977473047623900     
          11          37  0.977669800581355     
          12          38  0.977424468232250     
          12          39  0.977569565506073     
          13          40  0.978693383215024     
          13          41  0.978594574062402     
          14          42  0.987994106433793     
          14          43  0.988027649622751     
          14          44  0.987558763430863     
