   -0.09811352
   -0.05236779
   -0.05617950
   -0.05416787
   -0.05766754
   -0.05724323
   -0.05708184
   -0.05594272
   -0.05714389
   -0.05719498
   -0.05653772
   -0.05797624
   -0.05761023
   -0.05760708
   -0.05163755
   -0.10106443
    0.02847493
    0.03337406
    0.03367062
    0.03029082
    0.02536157
    0.02469579
    0.02662423
    0.03412621
    0.02563678
    0.02559211
    0.03379409
    0.02600757
    0.02555444
    0.02609762
    0.03507559
    0.03278945
    0.02621956
    0.02622379
    0.02662824
    0.02506115
    0.02910020
    0.02627665
    0.03648216
    0.02466088
    0.03042510
    0.02686750
    0.02813880
    0.02608132
    0.03374384
    0.02653679
    0.03113745
    0.03056633
    0.03031486
    0.03390562
