           1           2   1.02005904999611     
           2           3   1.00745342123887     
           3           4   1.00669655354881     
           4           5   1.00899156231888     
           5           6   1.00641449035531     
           6           7   1.00636678520009     
           7           8   1.00903167270718     
           8           9   1.00629604208793     
           9          10   1.00628136362169     
          10          11   1.00780320107364     
          11          12   1.00771847968498     
          12          13   1.00665949029232     
          13          14   1.00695802174565     
          14          15   1.00895869126541     
          15          16   1.01878657597075     
           1          17  0.987546501445336     
           1          18  0.986458118207410     
           1          19  0.984093376634710     
           2          20  0.976483958409666     
           2          21  0.978529971935648     
           3          22  0.977757907961989     
           3          23  0.976135905627567     
           4          24  0.970080882521982     
           4          25  0.976733239893623     
           5          26  0.976791524685133     
           5          27  0.973998660734503     
           6          28  0.977786215551146     
           6          29  0.977858639625909     
           7          30  0.976940675447189     
           7          31  0.973911179047814     
           8          32  0.972922783304940     
           8          33  0.976863539310303     
           9          34  0.977877516655096     
           9          35  0.978169229745710     
          10          36  0.977161161243963     
          10          37  0.976577747945740     
          11          38  0.977974860153230     
          11          39  0.967850339854506     
          12          40  0.977552754249760     
          12          41  0.974435065841750     
          13          42  0.977610988310523     
          13          43  0.977586060770166     
          14          44  0.976862689678866     
          14          45  0.971513661891308     
          15          46  0.978542272540293     
          15          47  0.976138536517386     
          16          48  0.987713656350219     
          16          49  0.987983436265269     
          16          50  0.986215772193290     
