$hessian                                                                        
        0.4903175424  -0.0237296920   0.0226216938  -0.1367169286  -0.0500707982
        0.0475564154  -0.0280202354  -0.0099978584   0.0120711187  -0.0046363693
        0.0024126546  -0.0007285975  -0.0010718017  -0.0007189352   0.0007019603
        0.0000349787  -0.0000005819   0.0000285290  -0.2224878076   0.0984094309
       -0.0366967710  -0.0444606173  -0.0122858683  -0.0059726443  -0.0512954694
        0.0015329546  -0.0433466837  -0.0042007071  -0.0051047412   0.0021914294
        0.0015697683   0.0006337230   0.0008164100   0.0006720841  -0.0005872057
        0.0007533611   0.0007794326  -0.0008140179   0.0001191909  -0.0000709115
        0.0000551661  -0.0001778685  -0.0000294890   0.0001386318   0.0000674747
       -0.0004143618   0.0001988045  -0.0000322411   0.0000260489  -0.0000926280
       -0.0000094613   0.0000060343   0.0000317305   0.0000330476   0.0000163455
       -0.0000067806  -0.0000244036  -0.0000175360  -0.0000039886   0.0000280401
       -0.0237296920   0.5089030837   0.0142291154  -0.0493510057  -0.0992843718
        0.0308745227   0.0072524431   0.0053206031  -0.0046383650   0.0021710462
       -0.0006281044   0.0002601688   0.0004879810   0.0004037046  -0.0001749057
        0.0000123622  -0.0000183343  -0.0000143259   0.0986313020  -0.0970400876
        0.0183239515  -0.0127381194  -0.2541861148  -0.0760371432   0.0013054947
       -0.0451769697   0.0019135704  -0.0234199826  -0.0188832971   0.0133852951
       -0.0021408823  -0.0006133572   0.0026340027   0.0002429220   0.0002601479
       -0.0003819802   0.0010517402   0.0008333310  -0.0002341646  -0.0000271455
       -0.0000488056  -0.0001145787   0.0001350796   0.0001510289   0.0000331197
        0.0001988110  -0.0000375097  -0.0000315899  -0.0000700598   0.0000289783
       -0.0000119963   0.0000007835  -0.0000019462  -0.0000009471   0.0000240953
        0.0000010676  -0.0000021721  -0.0000371738   0.0000169532  -0.0000115774
        0.0226216938   0.0142291154   0.5088444596   0.0471171309   0.0309916504
       -0.0984099687   0.0000718583  -0.0015303853   0.0015187391  -0.0006258426
        0.0002642174   0.0002322730  -0.0001245403  -0.0000289778   0.0002011914
        0.0000291993  -0.0000207371   0.0000166917  -0.0368656135   0.0183750699
       -0.0514343312  -0.0059222277  -0.0762183003  -0.0724419868  -0.0429212147
        0.0019561481  -0.2745072558  -0.0054574739  -0.0038521739   0.0044735555
        0.0232517538   0.0160233756  -0.0195387451  -0.0011077610  -0.0001626074
        0.0008070481  -0.0000228778   0.0000598336   0.0000659939  -0.0000712818
       -0.0000322763   0.0001888249   0.0000697126  -0.0000560720  -0.0000599694
       -0.0000814320  -0.0000040705   0.0000163437   0.0000182876   0.0000095395
       -0.0000051725   0.0000060094  -0.0000268381  -0.0000015096  -0.0000007291
        0.0000025344   0.0000205625   0.0000153487   0.0000209543   0.0000132558
       -0.1367169286  -0.0493510057   0.0471171309   0.4570785907   0.0058836651
        0.0109980746  -0.1591684806   0.0543553048  -0.0218946271  -0.0273288308
        0.0069750171   0.0003631074  -0.0028407720  -0.0021382017   0.0020051474
        0.0000354042   0.0000124024   0.0000746891  -0.0250896093  -0.0122799643
        0.0132528535  -0.0038310311  -0.0054634219   0.0015618046   0.0022550260
        0.0010400538   0.0012391640  -0.0420768127  -0.0102155351  -0.0052039928
       -0.0498405905   0.0005141835  -0.0433514477  -0.0100107214   0.0050508590
       -0.0053302491  -0.0028790804   0.0040733365   0.0004165572   0.0009107360
        0.0006255243  -0.0008819891   0.0005952078   0.0006733485  -0.0003202962
       -0.0010851664   0.0004756736  -0.0000405664  -0.0000373414  -0.0002419774
       -0.0000205753  -0.0000656179   0.0000768469   0.0000402311   0.0000960841
       -0.0000768055  -0.0000391586  -0.0000000657   0.0000106959   0.0000141423
       -0.0500707982  -0.0992843718   0.0309916504   0.0058836651   0.5123111774
        0.0174232458   0.0533558759  -0.0949262345   0.0082645859  -0.0098171179
        0.0052768405  -0.0016796892  -0.0021060804  -0.0009924223   0.0011628941
       -0.0000390832   0.0000716726   0.0001095745   0.0091528566   0.0060217422
       -0.0056555946  -0.0231365937  -0.0195132564   0.0132519739  -0.0012424272
       -0.0007468406   0.0031829085  -0.0096322289  -0.2435735146  -0.0733369166
        0.0008391273  -0.0465194400   0.0007464821   0.0027418139  -0.0005494385
        0.0020642399   0.0266121955  -0.0187944979   0.0034661368  -0.0005307682
        0.0003507100  -0.0002275363  -0.0012756774   0.0004651015   0.0001997302
       -0.0007773278   0.0003446894   0.0001401597  -0.0000117529   0.0000704871
        0.0000612934   0.0000002573  -0.0000623377  -0.0000175399  -0.0000239852
        0.0000389218  -0.0000643482   0.0000780494   0.0000110118  -0.0000832504
        0.0475564154   0.0308745227  -0.0984099687   0.0109980746   0.0174232458
        0.5250095199  -0.0215036113   0.0081645737  -0.0708861517   0.0116065764
       -0.0044203404   0.0012658409   0.0022210829   0.0013217133  -0.0010701749
       -0.0002203852   0.0000403272  -0.0000422988  -0.0018083249  -0.0017580267
        0.0018884107  -0.0062242734  -0.0032913081   0.0048367832   0.0230178317
        0.0161011977  -0.0200607920  -0.0052055298  -0.0731282670  -0.0734556945
       -0.0439327582   0.0006069879  -0.2625170125  -0.0276460561   0.0146144230
       -0.0094092415   0.0090024851  -0.0056264861   0.0021306909   0.0014590857
       -0.0003034941   0.0004557100  -0.0001780712  -0.0002702339   0.0001445642
        0.0008587047  -0.0001891329  -0.0000480786  -0.0000679960   0.0000146216
       -0.0000371271  -0.0000167390   0.0000371975   0.0000021211  -0.0000248029
       -0.0000722667   0.0001333348   0.0001082915  -0.0001392545   0.0000695647
       -0.0280202354   0.0072524431   0.0000718583  -0.1591684806   0.0533558759
       -0.0215036113   0.4533910390   0.0021560266   0.0111154757  -0.1280293243
       -0.0490850731   0.0434249793  -0.0262855505  -0.0093434045   0.0123484454
        0.0005376550   0.0000409716  -0.0000078778  -0.0038089050  -0.0019423678
        0.0021355704   0.0008720697   0.0008419320  -0.0003740781   0.0010573908
        0.0004792524  -0.0008335678  -0.0028416086   0.0042608124   0.0005508385
       -0.0101779499   0.0052011176  -0.0054447860  -0.0477782264   0.0005609647
       -0.0402846599  -0.0419931828  -0.0095878248  -0.0044722906   0.0018650885
        0.0011009361   0.0009902638  -0.0048241536  -0.0057555391   0.0022577304
       -0.0050377442   0.0018935175  -0.0000698916   0.0011328712  -0.0011481100
       -0.0001773065  -0.0001871486  -0.0000705612  -0.0000459471   0.0000368809
       -0.0001540893   0.0001972716  -0.0007404852  -0.0000568801   0.0001215834
       -0.0099978584   0.0053206031  -0.0015303853   0.0543553048  -0.0949262345
        0.0081645737   0.0021560266   0.5102655617   0.0185877501  -0.0487747452
       -0.1002995535   0.0299195497   0.0069067917   0.0059765666  -0.0055550987
        0.0000069570   0.0000792626  -0.0001157318  -0.0031196268  -0.0005967978
        0.0013745817  -0.0012753376   0.0007660500   0.0001580308  -0.0003756875
        0.0002654254  -0.0002998451   0.0266223607  -0.0187864404   0.0034747825
        0.0023448952  -0.0005059541   0.0020162365   0.0006783862  -0.0462468875
        0.0028325159  -0.0095740642  -0.2403440554  -0.0751662926  -0.0028142860
       -0.0015546308   0.0041535839  -0.0222773378  -0.0198504826   0.0126073453
        0.0034100065  -0.0005494492  -0.0002379094   0.0014224583   0.0008753267
       -0.0004248258   0.0000501685  -0.0000410495   0.0000069670   0.0001690248
        0.0000744250   0.0000573166   0.0000865631   0.0000783143  -0.0000231450
        0.0120711187  -0.0046383650   0.0015187391  -0.0218946271   0.0082645859
       -0.0708861517   0.0111154757   0.0185877501   0.5287743258   0.0425796905
        0.0297281515  -0.0970221782   0.0017203017  -0.0018576897   0.0014475755
        0.0001521962   0.0000397485   0.0002536632   0.0029439463   0.0011451205
       -0.0008023717  -0.0003158593  -0.0003216948   0.0002010870   0.0012208962
       -0.0003679091   0.0005101606   0.0087836153  -0.0055136773   0.0021028830
       -0.0273281583   0.0145221626  -0.0090400679  -0.0405171182   0.0026811580
       -0.2663952053  -0.0046776084  -0.0753599671  -0.0757046902   0.0222719559
        0.0173759377  -0.0206603522  -0.0066593263  -0.0047921583   0.0051752800
       -0.0005375557   0.0001701080   0.0007858647   0.0000367725   0.0000765290
        0.0000190635  -0.0000762699  -0.0001607173  -0.0000144536  -0.0000593928
       -0.0000621063  -0.0001302314  -0.0008300530   0.0004830331  -0.0001329402
       -0.0046363693   0.0021710462  -0.0006258426  -0.0273288308  -0.0098171179
        0.0116065764  -0.1280293243  -0.0487747452   0.0425796905   0.4581167571
        0.0047833722   0.0140639690  -0.1611764068   0.0517815050  -0.0067704386
       -0.0132982447   0.0061139624  -0.0075948808  -0.0012133393  -0.0006305748
        0.0007047248  -0.0000382866   0.0001960366   0.0000267454  -0.0001075599
        0.0000468848  -0.0001743506   0.0008074748  -0.0008979474   0.0001257654
        0.0006000932  -0.0005924041   0.0007616209   0.0020606583   0.0007912083
        0.0009345959  -0.0044120562  -0.0053848723   0.0017301997  -0.0521649887
        0.0028909202  -0.0502771926  -0.0432483155  -0.0163096638  -0.0078438561
       -0.0252542080   0.0100127654   0.0011446207  -0.0012383249   0.0034794121
        0.0005515963   0.0005634744   0.0001616156   0.0007907889  -0.0003863659
        0.0001982350  -0.0022353262   0.0003841631  -0.0002196383   0.0005009936
        0.0024126546  -0.0006281044   0.0002642174   0.0069750171   0.0052768405
       -0.0044203404  -0.0490850731  -0.1002995535   0.0297281515   0.0047833722
        0.5059421524   0.0211302956   0.0536459459  -0.0959714994   0.0034062225
        0.0030238524  -0.0007285164   0.0026647141   0.0007502005   0.0003599001
       -0.0002454360   0.0000539084   0.0001130979   0.0000374845  -0.0000635738
       -0.0000283337  -0.0000970091   0.0012429130   0.0006255327  -0.0002435895
        0.0004423455   0.0002248663  -0.0003733549  -0.0020719686  -0.0009768340
        0.0029984573  -0.0227221807  -0.0200320431   0.0124703381   0.0026297264
       -0.0472777799   0.0136739032  -0.0163893661  -0.2343884370  -0.0807543847
       -0.0108908781   0.0057207519   0.0002661571   0.0268198419  -0.0191150311
        0.0002525556  -0.0012918639   0.0007384494  -0.0007243171  -0.0002708124
        0.0004954183  -0.0000907490   0.0000059387  -0.0000508768   0.0000566836
       -0.0007285975   0.0002601688   0.0002322730   0.0003631074  -0.0016796892
        0.0012658409   0.0434249793   0.0299195497  -0.0970221782   0.0140639690
        0.0211302956   0.5201654197  -0.0095097279   0.0039072064  -0.0657518719
       -0.0254814329   0.0118434819  -0.0053497637  -0.0002536894   0.0000199358
        0.0002416486   0.0000608879  -0.0000868415  -0.0000669617  -0.0000077199
       -0.0000052031   0.0001336156   0.0000040374   0.0000600194   0.0001020786
       -0.0014080716  -0.0001410893   0.0005680057   0.0227149751   0.0162707231
       -0.0192812401  -0.0061043907  -0.0044794156   0.0048304950  -0.0497642236
        0.0141040355  -0.2572442147  -0.0074387211  -0.0807573271  -0.0801779532
        0.0153736242  -0.0067945513   0.0002582803   0.0081711265  -0.0052202698
        0.0010317416  -0.0004002045   0.0007152231   0.0008179504  -0.0030860827
        0.0006674082  -0.0053898841   0.0000061550   0.0002663395   0.0006367181
       -0.0010718017   0.0004879810  -0.0001245403  -0.0028407720  -0.0021060804
        0.0022210829  -0.0262855505   0.0069067917   0.0017203017  -0.1611764068
        0.0536459459  -0.0095097279   0.4776905692   0.0270774430  -0.0176028061
       -0.0810022217  -0.0019685011  -0.0413766047  -0.0002235726  -0.0001989018
        0.0001806957   0.0000034881   0.0000802316   0.0000039235  -0.0000248926
        0.0000188637  -0.0000643047  -0.0000556631  -0.0001644239  -0.0000395672
        0.0001416680  -0.0000395983   0.0001720629   0.0005555283   0.0003447490
       -0.0002994531   0.0007229873   0.0008169022  -0.0003083945  -0.0114429113
        0.0062227257  -0.0038569330  -0.0015675046   0.0035423774   0.0007358567
       -0.1397394042  -0.0721601662   0.0882692266  -0.0458006389  -0.0222393161
       -0.0050791229  -0.0010715139  -0.0014684451  -0.0039289390  -0.0132554588
        0.0013669760  -0.0275603178   0.0064440718  -0.0001655543   0.0164475612
       -0.0007189352   0.0004037046  -0.0000289778  -0.0021382017  -0.0009924223
        0.0013217133  -0.0093434045   0.0059765666  -0.0018576897   0.0517815050
       -0.0959714994   0.0039072064   0.0270774430   0.5259186644   0.0008162861
       -0.0017477602  -0.0676605218  -0.0011895212  -0.0002373666  -0.0000672389
        0.0000865116   0.0000309144   0.0000037981  -0.0000438228   0.0000393527
        0.0000216913  -0.0000096566  -0.0000287426   0.0000550109   0.0000608071
        0.0000193040  -0.0000444930  -0.0000616075   0.0000654797   0.0003031322
       -0.0000836801  -0.0014558191   0.0006388623   0.0001275254   0.0040076671
       -0.0013813753   0.0012477035   0.0263760253  -0.0188692427   0.0005097281
       -0.0723760156  -0.0978940862   0.0621620495  -0.0218161715  -0.2473489771
       -0.0665516845  -0.0101509190  -0.0026790310  -0.0284213510   0.0056519472
       -0.0001306660   0.0117222728   0.0049636975  -0.0002818765   0.0162861874
        0.0007019603  -0.0001749057   0.0002011914   0.0020051474   0.0011628941
       -0.0010701749   0.0123484454  -0.0055550987   0.0014475755  -0.0067704386
        0.0034062225  -0.0657518719  -0.0176028061   0.0008162861   0.4853121525
       -0.0430696434  -0.0009998723  -0.1863089251   0.0001596214   0.0000788260
       -0.0000838751  -0.0000198276  -0.0000374767   0.0000083128  -0.0000191592
       -0.0000364971   0.0000300793  -0.0000537964   0.0000172145  -0.0000292385
        0.0000278204   0.0000632986  -0.0000344982   0.0001064321  -0.0002797518
       -0.0001563492  -0.0004052104  -0.0002493160   0.0003193945  -0.0264968529
        0.0146671840  -0.0061677031   0.0092794778  -0.0066437804   0.0010141292
        0.0885346522   0.0619252934  -0.1203429879  -0.0052126924  -0.0670431406
       -0.0657059697  -0.0055711532  -0.0046484747  -0.0149541257  -0.0034902051
        0.0010190773  -0.0042087706  -0.0044517717   0.0025120175  -0.0235183453
        0.0000349787   0.0000123622   0.0000291993   0.0000354042  -0.0000390832
       -0.0002203852   0.0005376550   0.0000069570   0.0001521962  -0.0132982447
        0.0030238524  -0.0254814329  -0.0810022217  -0.0017477602  -0.0430696434
        0.5145313049  -0.0000169605  -0.0240676482   0.0000084099  -0.0000296516
        0.0000145024  -0.0000240933  -0.0000028526  -0.0000090023  -0.0000197328
        0.0000047638   0.0000340191   0.0000243634  -0.0000688589  -0.0000470779
       -0.0000739404   0.0000727457   0.0000492153  -0.0010177041   0.0003453817
       -0.0005879720  -0.0001753261  -0.0000638346  -0.0001648308  -0.0047795884
        0.0025763434  -0.0016354397   0.0008515494  -0.0010501652  -0.0002338341
        0.0054830169  -0.0001762518   0.0170242304  -0.0011172883  -0.0012557871
       -0.0053767411  -0.0454401738  -0.0109974460  -0.0026412735  -0.2454637358
        0.0872421266   0.0001716520  -0.1290946331  -0.0778358811   0.0860602664
       -0.0000005819  -0.0000183343  -0.0000207371   0.0000124024   0.0000716726
        0.0000403272   0.0000409716   0.0000792626   0.0000397485   0.0061139624
       -0.0007285164   0.0118434819  -0.0019685011  -0.0676605218  -0.0009998723
       -0.0000169605   0.5254012398  -0.0021187361   0.0000287135  -0.0000041640
        0.0000096423  -0.0000048402  -0.0000179466  -0.0000105874  -0.0000228948
        0.0000174197   0.0000110012  -0.0000065822   0.0000071234   0.0000161709
        0.0000117630  -0.0000346243   0.0000159962  -0.0002931685   0.0002236894
        0.0001509977   0.0000996391  -0.0000324799  -0.0000402018   0.0030599246
       -0.0008326857   0.0009429024   0.0004310892   0.0006266332   0.0012099729
        0.0037217661   0.0001562859   0.0156035525  -0.0097943483  -0.0025544589
       -0.0281450061  -0.0111640980  -0.2548587529  -0.0759651355   0.0874649163
       -0.0833475273   0.0002429933  -0.0777131725  -0.1164933147   0.0771734895
        0.0000285290  -0.0000143259   0.0000166917   0.0000746891   0.0001095745
       -0.0000422988  -0.0000078778  -0.0001157318   0.0002536632  -0.0075948808
        0.0026647141  -0.0053497637  -0.0413766047  -0.0011895212  -0.1863089251
       -0.0240676482  -0.0021187361   0.4698005885   0.0000121109   0.0000004203
        0.0000020399   0.0000081831   0.0000231979   0.0000147082   0.0000006571
       -0.0000131337  -0.0000322291  -0.0000433756  -0.0000105326  -0.0000063303
        0.0000173680  -0.0000038496  -0.0000073881   0.0002370716  -0.0001922390
       -0.0000464744  -0.0000188467   0.0000462153   0.0000279629  -0.0006977427
        0.0001205198   0.0007125124   0.0009138035  -0.0003741709   0.0008041983
       -0.0052846685   0.0024100276  -0.0251540509  -0.0056566686  -0.0034001984
       -0.0149183113  -0.0026867930  -0.0756015036  -0.0707408804   0.0002354749
        0.0002130350  -0.0417735168   0.0859072195   0.0774462384  -0.1272521964
       -0.2224878076   0.0986313020  -0.0368656135  -0.0250896093   0.0091528566
       -0.0018083249  -0.0038089050  -0.0031196268   0.0029439463  -0.0012133393
        0.0007502005  -0.0002536894  -0.0002235726  -0.0002373666   0.0001596214
        0.0000084099   0.0000287135   0.0000121109   0.2597371981  -0.1128678281
        0.0405998809  -0.0004586326   0.0024635602  -0.0000604056  -0.0080327450
        0.0050900950  -0.0044370896   0.0004047506   0.0001978000  -0.0004812638
        0.0006086333   0.0004114927  -0.0001173862   0.0003820492  -0.0001213515
        0.0003262017   0.0002652230  -0.0003618826  -0.0000788158   0.0000134966
        0.0000284525   0.0000166826   0.0000061814  -0.0000026830  -0.0000237123
       -0.0001691816   0.0000113012   0.0000350864   0.0000531106  -0.0000284266
       -0.0000204834   0.0000180820  -0.0000178384   0.0000019262  -0.0000536540
        0.0000221989   0.0000024474   0.0000403124  -0.0000309693   0.0000488807
        0.0984094309  -0.0970400876   0.0183750699  -0.0122799643   0.0060217422
       -0.0017580267  -0.0019423678  -0.0005967978   0.0011451205  -0.0006305748
        0.0003599001   0.0000199358  -0.0001989018  -0.0000672389   0.0000788260
       -0.0000296516  -0.0000041640   0.0000004203  -0.1128678281   0.1102235004
       -0.0230081489   0.0284073006  -0.0196072431   0.0047363041   0.0016184131
       -0.0003460629   0.0009318060  -0.0004187225   0.0006060947  -0.0000776038
        0.0000869856   0.0002406029  -0.0004007167  -0.0000759516  -0.0000850986
       -0.0000980625  -0.0001856164   0.0001552605   0.0001510279   0.0000453299
        0.0000249071  -0.0000672154   0.0000753624   0.0000875955  -0.0000191930
       -0.0000231261   0.0000344614  -0.0000177408  -0.0000094640  -0.0000150902
        0.0000090831   0.0000115781   0.0000213704   0.0000101360   0.0000185704
       -0.0000047468  -0.0000006455  -0.0000108018  -0.0000089053  -0.0000103762
       -0.0366967710   0.0183239515  -0.0514343312   0.0132528535  -0.0056555946
        0.0018884107   0.0021355704   0.0013745817  -0.0008023717   0.0007047248
       -0.0002454360   0.0002416486   0.0001806957   0.0000865116  -0.0000838751
        0.0000145024   0.0000096423   0.0000020399   0.0405998809  -0.0230081489
        0.0568268405   0.0095368066  -0.0066523226   0.0022279326  -0.0297960040
        0.0164130005  -0.0094632528  -0.0003886268  -0.0002844954   0.0001856872
        0.0004436693  -0.0003669287   0.0003284689   0.0001493155   0.0000438829
        0.0000664703  -0.0000809215   0.0000491039  -0.0000567854  -0.0000576578
       -0.0000481592   0.0000774019  -0.0000222903  -0.0000216215  -0.0000014268
        0.0000438963  -0.0000251630   0.0000084217  -0.0000175468   0.0000167351
       -0.0000018435  -0.0000045713   0.0000005342  -0.0000064668  -0.0000115035
       -0.0000040046   0.0000051710   0.0000139776  -0.0000060693  -0.0000081398
       -0.0444606173  -0.0127381194  -0.0059222277  -0.0038310311  -0.0231365937
       -0.0062242734   0.0008720697  -0.0012753376  -0.0003158593  -0.0000382866
        0.0000539084   0.0000608879   0.0000034881   0.0000309144  -0.0000198276
       -0.0000240933  -0.0000048402   0.0000081831  -0.0004586326   0.0284073006
        0.0095368066   0.0508867895   0.0172644600   0.0045978769   0.0002032432
       -0.0064638682  -0.0037152209  -0.0033908296  -0.0031729442   0.0023371968
        0.0005834956   0.0003783250  -0.0005631231  -0.0000459585   0.0000064741
       -0.0000771395  -0.0004937504   0.0003932893   0.0003625546   0.0000536639
       -0.0000030950  -0.0000683961   0.0001062500   0.0001751671   0.0000138399
        0.0000558119   0.0000159341  -0.0000115031  -0.0000444185   0.0000464451
        0.0000222413   0.0000276887   0.0000230977   0.0000123996   0.0000044397
        0.0000101813   0.0000010798  -0.0000093225  -0.0000106990  -0.0000354958
       -0.0122858683  -0.2541861148  -0.0762183003  -0.0054634219  -0.0195132564
       -0.0032913081   0.0008419320   0.0007660500  -0.0003216948   0.0001960366
        0.0001130979  -0.0000868415   0.0000802316   0.0000037981  -0.0000374767
       -0.0000028526  -0.0000179466   0.0000231979   0.0024635602  -0.0196072431
       -0.0066523226   0.0172644600   0.2955332586   0.0874549022  -0.0001000630
       -0.0025492238  -0.0031836059  -0.0032172117  -0.0015541852   0.0023347442
        0.0005168488   0.0003286150  -0.0001714111  -0.0000593375  -0.0001543467
       -0.0000601319  -0.0004525967   0.0006289839   0.0001929082   0.0000342756
       -0.0000310154   0.0000046546   0.0001908556   0.0001168994   0.0000084755
        0.0000305046  -0.0000106031   0.0000076699  -0.0000394669   0.0000984334
        0.0000294072   0.0000283412   0.0000088561   0.0000092767  -0.0000230827
        0.0000253868  -0.0000058106  -0.0000031450   0.0000005557  -0.0000363330
       -0.0059726443  -0.0760371432  -0.0724419868   0.0015618046   0.0132519739
        0.0048367832  -0.0003740781   0.0001580308   0.0002010870   0.0000267454
        0.0000374845  -0.0000669617   0.0000039235  -0.0000438228   0.0000083128
       -0.0000090023  -0.0000105874   0.0000147082  -0.0000604056   0.0047363041
        0.0022279326   0.0045978769   0.0874549022   0.0807710068  -0.0022123822
       -0.0322910117  -0.0157107143   0.0025699091   0.0021703009  -0.0004096392
       -0.0000619133   0.0006801845   0.0006558140  -0.0000216768  -0.0001846119
       -0.0002374325  -0.0000412278   0.0000178685   0.0001975732   0.0000112228
        0.0000438305   0.0000121465  -0.0000061291  -0.0000075010  -0.0000396301
       -0.0000121477   0.0000041312   0.0000010255   0.0000036754   0.0000146029
        0.0000224509   0.0000059536   0.0000048088  -0.0000135901  -0.0000046856
        0.0000087274  -0.0000076139  -0.0000048184  -0.0000084723  -0.0000212719
       -0.0512954694   0.0013054947  -0.0429212147   0.0022550260  -0.0012424272
        0.0230178317   0.0010573908  -0.0003756875   0.0012208962  -0.0001075599
       -0.0000635738  -0.0000077199  -0.0000248926   0.0000393527  -0.0000191592
       -0.0000197328  -0.0000228948   0.0000006571  -0.0080327450   0.0016184131
       -0.0297960040   0.0002032432  -0.0001000630  -0.0022123822   0.0588931740
        0.0005709388   0.0480796105   0.0006029253   0.0005804630  -0.0000386940
       -0.0030816792  -0.0023790694   0.0031965133  -0.0005212574  -0.0000685165
       -0.0002217277  -0.0000374692   0.0000316043  -0.0000753476   0.0000230108
        0.0000353395  -0.0001748529   0.0000470212   0.0000412675   0.0000162104
        0.0000489508   0.0000042355  -0.0000269809   0.0000032161  -0.0000068462
        0.0000044224  -0.0000078095  -0.0000094318  -0.0000008174   0.0000307498
        0.0000031702  -0.0000203154  -0.0000360931   0.0000382311  -0.0000209259
        0.0015329546  -0.0451769697   0.0019561481   0.0010400538  -0.0007468406
        0.0161011977   0.0004792524   0.0002654254  -0.0003679091   0.0000468848
       -0.0000283337  -0.0000052031   0.0000188637   0.0000216913  -0.0000364971
        0.0000047638   0.0000174197  -0.0000131337   0.0050900950  -0.0003460629
        0.0164130005  -0.0064638682  -0.0025492238  -0.0322910117   0.0005709388
        0.0492273772  -0.0044941384   0.0003679790   0.0002970282   0.0006708246
       -0.0026665819  -0.0009748446   0.0023016550  -0.0000054633   0.0002326689
       -0.0000673519  -0.0000580293  -0.0001528841  -0.0001627534   0.0000414045
       -0.0000307514  -0.0000413196  -0.0000080111  -0.0000227878   0.0000412950
        0.0000161536  -0.0000111538   0.0000036753   0.0000044818  -0.0000133630
       -0.0000134245  -0.0000182487  -0.0000217215   0.0000036829  -0.0000026004
       -0.0000075766  -0.0000025313   0.0000089774   0.0000209027   0.0000037947
       -0.0433466837   0.0019135704  -0.2745072558   0.0012391640   0.0031829085
       -0.0200607920  -0.0008335678  -0.0002998451   0.0005101606  -0.0001743506
       -0.0000970091   0.0001336156  -0.0000643047  -0.0000096566   0.0000300793
        0.0000340191   0.0000110012  -0.0000322291  -0.0044370896   0.0009318060
       -0.0094632528  -0.0037152209  -0.0031836059  -0.0157107143   0.0480796105
       -0.0044941384   0.3190420809  -0.0004894757  -0.0001943771   0.0006714796
        0.0032060971   0.0024107557  -0.0013019513   0.0007237071  -0.0000545525
        0.0006066681  -0.0000102480  -0.0000530055  -0.0002230308  -0.0001598263
       -0.0000446747   0.0001868336  -0.0000384726   0.0000235840   0.0000122034
       -0.0000416332   0.0000063242   0.0000076767   0.0000002444  -0.0000179391
       -0.0000226909   0.0000086304   0.0000324445   0.0000226196  -0.0000011872
       -0.0000121610   0.0000288638   0.0000205877  -0.0000514296   0.0000696357
       -0.0042007071  -0.0234199826  -0.0054574739  -0.0420768127  -0.0096322289
       -0.0052055298  -0.0028416086   0.0266223607   0.0087836153   0.0008074748
        0.0012429130   0.0000040374  -0.0000556631  -0.0000287426  -0.0000537964
        0.0000243634  -0.0000065822  -0.0000433756   0.0004047506  -0.0004187225
       -0.0003886268  -0.0033908296  -0.0032172117   0.0025699091   0.0006029253
        0.0003679790  -0.0004894757   0.0545431990   0.0119897753   0.0038715549
        0.0007076397  -0.0061127585  -0.0033504964   0.0008644554  -0.0000746567
        0.0004649079  -0.0048888135   0.0034589653  -0.0006704145  -0.0000088035
       -0.0000582340   0.0000397491  -0.0006166982  -0.0004013950  -0.0000958834
        0.0000314895  -0.0000743286   0.0000023337   0.0000903783  -0.0001818682
       -0.0000351969  -0.0000557386  -0.0000377491  -0.0000266031   0.0000336080
       -0.0000318843   0.0000174897   0.0000253911   0.0000143514   0.0000632754
       -0.0051047412  -0.0188832971  -0.0038521739  -0.0102155351  -0.2435735146
       -0.0731282670   0.0042608124  -0.0187864404  -0.0055136773  -0.0008979474
        0.0006255327   0.0000600194  -0.0001644239   0.0000550109   0.0000172145
       -0.0000688589   0.0000071234  -0.0000105326   0.0001978000   0.0006060947
       -0.0002844954  -0.0031729442  -0.0015541852   0.0021703009   0.0005804630
        0.0002970282  -0.0001943771   0.0119897753   0.2850395635   0.0835823303
       -0.0006614806  -0.0031185381  -0.0037679400  -0.0005813106   0.0002558017
       -0.0000004184   0.0034741782  -0.0017274908   0.0009558960   0.0000781502
       -0.0001398747  -0.0001352204   0.0004608562   0.0006438898   0.0000546983
       -0.0000203073   0.0000826353  -0.0000258270  -0.0001662482   0.0001167644
        0.0000598626   0.0000679157   0.0001141792   0.0000506353  -0.0000468817
        0.0000082700  -0.0000044023  -0.0000092719  -0.0000685529  -0.0000336260
        0.0021914294   0.0133852951   0.0044735555  -0.0052039928  -0.0733369166
       -0.0734556945   0.0005508385   0.0034747825   0.0021028830   0.0001257654
       -0.0002435895   0.0001020786  -0.0000395672   0.0000608071  -0.0000292385
       -0.0000470779   0.0000161709  -0.0000063303  -0.0004812638  -0.0000776038
        0.0001856872   0.0023371968   0.0023347442  -0.0004096392  -0.0000386940
        0.0006708246   0.0006714796   0.0038715549   0.0835823303   0.0813309485
       -0.0028010498  -0.0316652940  -0.0162715356  -0.0000539875   0.0007747516
        0.0004525461  -0.0006422719   0.0009186141   0.0009228389  -0.0000572067
       -0.0001890988  -0.0002768134   0.0003360729   0.0001908994   0.0002346437
        0.0000164882   0.0000072053  -0.0000251094  -0.0000615783   0.0000708910
       -0.0000165480  -0.0000016710   0.0000163322   0.0000323912  -0.0000021242
       -0.0000026396  -0.0000202725   0.0000011388   0.0000114939   0.0000021291
        0.0015697683  -0.0021408823   0.0232517538  -0.0498405905   0.0008391273
       -0.0439327582  -0.0101779499   0.0023448952  -0.0273281583   0.0006000932
        0.0004423455  -0.0014080716   0.0001416680   0.0000193040   0.0000278204
       -0.0000739404   0.0000117630   0.0000173680   0.0006086333   0.0000869856
        0.0004436693   0.0005834956   0.0005168488  -0.0000619133  -0.0030816792
       -0.0026665819   0.0032060971   0.0007076397  -0.0006614806  -0.0028010498
        0.0636914130  -0.0008630241   0.0491695704  -0.0051764920   0.0029216689
       -0.0015684857   0.0009153424  -0.0005760963  -0.0000486933  -0.0006347916
       -0.0000907327   0.0008134929   0.0000022375  -0.0000375706   0.0000098034
        0.0000394959  -0.0000593812   0.0000339143   0.0000444117  -0.0000093243
       -0.0000495829   0.0000434238   0.0000364729   0.0000241315  -0.0000255825
       -0.0000138595   0.0000924810   0.0000634037  -0.0001004777   0.0001086109
        0.0006337230  -0.0006133572   0.0160233756   0.0005141835  -0.0465194400
        0.0006069879   0.0052011176  -0.0005059541   0.0145221626  -0.0005924041
        0.0002248663  -0.0001410893  -0.0000395983  -0.0000444930   0.0000632986
        0.0000727457  -0.0000346243  -0.0000038496   0.0004114927   0.0002406029
       -0.0003669287   0.0003783250   0.0003286150   0.0006801845  -0.0023790694
       -0.0009748446   0.0024107557  -0.0061127585  -0.0031185381  -0.0316652940
       -0.0008630241   0.0514483517  -0.0041528434   0.0029710394  -0.0008295370
        0.0014275405  -0.0000689558   0.0002955567   0.0008080526  -0.0001093551
        0.0002354626  -0.0000263600   0.0000236816  -0.0001376230  -0.0001623125
       -0.0000382215   0.0000172415  -0.0000041902   0.0000222697  -0.0000306621
        0.0000372666  -0.0000011579  -0.0000098516  -0.0000172312   0.0000058796
        0.0000051458  -0.0000108686  -0.0000299129   0.0000230825  -0.0000286572
        0.0008164100   0.0026340027  -0.0195387451  -0.0433514477   0.0007464821
       -0.2625170125  -0.0054447860   0.0020162365  -0.0090400679   0.0007616209
       -0.0003733549   0.0005680057   0.0001720629  -0.0000616075  -0.0000344982
        0.0000492153   0.0000159962  -0.0000073881  -0.0001173862  -0.0004007167
        0.0003284689  -0.0005631231  -0.0001714111   0.0006558140   0.0031965133
        0.0023016550  -0.0013019513  -0.0033504964  -0.0037679400  -0.0162715356
        0.0491695704  -0.0041528434   0.3057235008  -0.0015960244   0.0013916958
        0.0002929682   0.0004823914   0.0000052362   0.0004978910  -0.0002692689
       -0.0001072856   0.0006809990  -0.0000547929  -0.0000245670  -0.0002167703
        0.0000140918  -0.0000455386   0.0000626311   0.0000288653   0.0000378760
        0.0000026538   0.0000373939   0.0000170815   0.0000067518  -0.0000146139
        0.0000117399   0.0000558480   0.0000338041  -0.0000727373   0.0000524367
        0.0006720841   0.0002429220  -0.0011077610  -0.0100107214   0.0027418139
       -0.0276460561  -0.0477782264   0.0006783862  -0.0405171182   0.0020606583
       -0.0020719686   0.0227149751   0.0005555283   0.0000654797   0.0001064321
       -0.0010177041  -0.0002931685   0.0002370716   0.0003820492  -0.0000759516
        0.0001493155  -0.0000459585  -0.0000593375  -0.0000216768  -0.0005212574
       -0.0000054633   0.0007237071   0.0008644554  -0.0005813106  -0.0000539875
       -0.0051764920   0.0029710394  -0.0015960244   0.0630416267  -0.0017967405
        0.0474918491   0.0007980960  -0.0005311656  -0.0023928484  -0.0031052794
       -0.0025070130   0.0030619725   0.0007428931   0.0005229332  -0.0000437879
        0.0001367198   0.0000288780  -0.0002453753  -0.0000098361   0.0000349542
        0.0000245933  -0.0001185834  -0.0002706568  -0.0000537497   0.0002056951
        0.0000770005  -0.0001272507  -0.0016757474   0.0008293690  -0.0007042803
       -0.0005872057   0.0002601479  -0.0001626074   0.0050508590  -0.0005494385
        0.0146144230   0.0005609647  -0.0462468875   0.0026811580   0.0007912083
       -0.0009768340   0.0162707231   0.0003447490   0.0003031322  -0.0002797518
        0.0003453817   0.0002236894  -0.0001922390  -0.0001213515  -0.0000850986
        0.0000438829   0.0000064741  -0.0001543467  -0.0001846119  -0.0000685165
        0.0002326689  -0.0000545525  -0.0000746567   0.0002558017   0.0007747516
        0.0029216689  -0.0008295370   0.0013916958  -0.0017967405   0.0512654485
       -0.0069548049  -0.0057003059  -0.0027216959  -0.0314779508  -0.0023827551
       -0.0011399109   0.0026529849   0.0003708928   0.0003405331   0.0007529396
        0.0000691799  -0.0000461864  -0.0000243965  -0.0000678231  -0.0001168042
       -0.0001251078  -0.0002453206  -0.0002402503   0.0000473909   0.0000005372
       -0.0001603847   0.0000417604   0.0005827600   0.0003859531   0.0001843125
        0.0007533611  -0.0003819802   0.0008070481  -0.0053302491   0.0020642399
       -0.0094092415  -0.0402846599   0.0028325159  -0.2663952053   0.0009345959
        0.0029984573  -0.0192812401  -0.0002994531  -0.0000836801  -0.0001563492
       -0.0005879720   0.0001509977  -0.0000464744   0.0003262017  -0.0000980625
        0.0000664703  -0.0000771395  -0.0000601319  -0.0002374325  -0.0002217277
       -0.0000673519   0.0006066681   0.0004649079  -0.0000004184   0.0004525461
       -0.0015684857   0.0014275405   0.0002929682   0.0474918491  -0.0069548049
        0.3094405113  -0.0032128618  -0.0035772019  -0.0165869054   0.0028801804
        0.0024037047  -0.0014505694  -0.0005286802  -0.0002773174   0.0007382472
       -0.0002921719  -0.0001587315   0.0001409442  -0.0000279895  -0.0000089714
       -0.0002109713   0.0000709799   0.0000776785   0.0001597423  -0.0002000628
        0.0000398087   0.0001290643  -0.0002906230  -0.0003262912   0.0009401792
        0.0007794326   0.0010517402  -0.0000228778  -0.0028790804   0.0266121955
        0.0090024851  -0.0419931828  -0.0095740642  -0.0046776084  -0.0044120562
       -0.0227221807  -0.0061043907   0.0007229873  -0.0014558191  -0.0004052104
       -0.0001753261   0.0000996391  -0.0000188467   0.0002652230  -0.0001856164
       -0.0000809215  -0.0004937504  -0.0004525967  -0.0000412278  -0.0000374692
       -0.0000580293  -0.0000102480  -0.0048888135   0.0034741782  -0.0006422719
        0.0009153424  -0.0000689558   0.0004823914   0.0007980960  -0.0057003059
       -0.0032128618   0.0543748561   0.0108176130   0.0035121348   0.0005697892
        0.0003811113  -0.0004730979  -0.0033611840  -0.0030823186   0.0024417656
        0.0002620701   0.0001974627  -0.0000503512  -0.0005854743   0.0005031224
        0.0003514761   0.0001254894   0.0001629989   0.0001383716  -0.0000026133
        0.0000342143   0.0000245082   0.0000156641  -0.0000343886  -0.0002132188
       -0.0008140179   0.0008333310   0.0000598336   0.0040733365  -0.0187944979
       -0.0056264861  -0.0095878248  -0.2403440554  -0.0753599671  -0.0053848723
       -0.0200320431  -0.0044794156   0.0008169022   0.0006388623  -0.0002493160
       -0.0000638346  -0.0000324799   0.0000462153  -0.0003618826   0.0001552605
        0.0000491039   0.0003932893   0.0006289839   0.0000178685   0.0000316043
       -0.0001528841  -0.0000530055   0.0034589653  -0.0017274908   0.0009186141
       -0.0005760963   0.0002955567   0.0000052362  -0.0005311656  -0.0027216959
       -0.0035772019   0.0108176130   0.2821004035   0.0862096567   0.0004732187
        0.0002418984  -0.0002075473  -0.0028392570  -0.0021250752   0.0022781914
        0.0004071940   0.0001601566  -0.0000607790  -0.0004269103   0.0007245610
        0.0001583760   0.0001532953   0.0000971891   0.0001393836   0.0000454528
        0.0000399711   0.0000066085  -0.0000850100   0.0000140484  -0.0002753694
        0.0001191909  -0.0002341646   0.0000659939   0.0004165572   0.0034661368
        0.0021306909  -0.0044722906  -0.0751662926  -0.0757046902   0.0017301997
        0.0124703381   0.0048304950  -0.0003083945   0.0001275254   0.0003193945
       -0.0001648308  -0.0000402018   0.0000279629  -0.0000788158   0.0001510279
       -0.0000567854   0.0003625546   0.0001929082   0.0001975732  -0.0000753476
       -0.0001627534  -0.0002230308  -0.0006704145   0.0009558960   0.0009228389
       -0.0000486933   0.0008080526   0.0004978910  -0.0023928484  -0.0314779508
       -0.0165869054   0.0035121348   0.0862096567   0.0834021736  -0.0000432160
        0.0005851304   0.0005713363   0.0022312333   0.0020850342  -0.0002689487
       -0.0000868584   0.0000841149  -0.0000232128  -0.0000295674  -0.0000141064
        0.0002127140   0.0001413446   0.0001384540  -0.0000774939  -0.0000351143
        0.0000442792  -0.0000133544  -0.0001068236  -0.0002230848  -0.0002246427
       -0.0000709115  -0.0000271455  -0.0000712818   0.0009107360  -0.0005307682
        0.0014590857   0.0018650885  -0.0028142860   0.0222719559  -0.0521649887
        0.0026297264  -0.0497642236  -0.0114429113   0.0040076671  -0.0264968529
       -0.0047795884   0.0030599246  -0.0006977427   0.0000134966   0.0000453299
       -0.0000576578   0.0000536639   0.0000342756   0.0000112228   0.0000230108
        0.0000414045  -0.0001598263  -0.0000088035   0.0000781502  -0.0000572067
       -0.0006347916  -0.0001093551  -0.0002692689  -0.0031052794  -0.0023827551
        0.0028801804   0.0005697892   0.0004732187  -0.0000432160   0.0684757961
       -0.0037763713   0.0565617880   0.0003517472  -0.0005770342  -0.0038082394
        0.0001915662  -0.0001918566  -0.0008774875   0.0005029615  -0.0002734096
       -0.0000499775   0.0000548262   0.0001963594   0.0003725208  -0.0006773302
        0.0001761886  -0.0013806265  -0.0001280775  -0.0000592634   0.0001768541
        0.0000551661  -0.0000488056  -0.0000322763   0.0006255243   0.0003507100
       -0.0003034941   0.0011009361  -0.0015546308   0.0173759377   0.0028909202
       -0.0472777799   0.0141040355   0.0062227257  -0.0013813753   0.0146671840
        0.0025763434  -0.0008326857   0.0001205198   0.0000284525   0.0000249071
       -0.0000481592  -0.0000030950  -0.0000310154   0.0000438305   0.0000353395
       -0.0000307514  -0.0000446747  -0.0000582340  -0.0001398747  -0.0001890988
       -0.0000907327   0.0002354626  -0.0001072856  -0.0025070130  -0.0011399109
        0.0024037047   0.0003811113   0.0002418984   0.0005851304  -0.0037763713
        0.0520039720  -0.0189075938  -0.0070931457  -0.0010004639  -0.0305718532
       -0.0006220247   0.0004627477  -0.0001412214  -0.0000545343   0.0000198052
        0.0004424122   0.0000809499   0.0000221993  -0.0000301574   0.0003026218
        0.0000882733   0.0007541948  -0.0000949402  -0.0000126819  -0.0001211351
       -0.0001778685  -0.0001145787   0.0001888249  -0.0008819891  -0.0002275363
        0.0004557100   0.0009902638   0.0041535839  -0.0206603522  -0.0502771926
        0.0136739032  -0.2572442147  -0.0038569330   0.0012477035  -0.0061677031
       -0.0016354397   0.0009429024   0.0007125124   0.0000166826  -0.0000672154
        0.0000774019  -0.0000683961   0.0000046546   0.0000121465  -0.0001748529
       -0.0000413196   0.0001868336   0.0000397491  -0.0001352204  -0.0002768134
        0.0008134929  -0.0000263600   0.0006809990   0.0030619725   0.0026529849
       -0.0014505694  -0.0004730979  -0.0002075473   0.0005713363   0.0565617880
       -0.0189075938   0.2994985332  -0.0044089039  -0.0028009666  -0.0177994623
        0.0001264406  -0.0004638582   0.0007967935   0.0002824580   0.0001671740
        0.0001863987   0.0001930744   0.0002082329   0.0002987060  -0.0002047812
        0.0001332238  -0.0003923376   0.0000735330  -0.0001921669   0.0003252566
       -0.0000294890   0.0001350796   0.0000697126   0.0005952078  -0.0012756774
       -0.0001780712  -0.0048241536  -0.0222773378  -0.0066593263  -0.0432483155
       -0.0163893661  -0.0074387211  -0.0015675046   0.0263760253   0.0092794778
        0.0008515494   0.0004310892   0.0009138035   0.0000061814   0.0000753624
       -0.0000222903   0.0001062500   0.0001908556  -0.0000061291   0.0000470212
       -0.0000080111  -0.0000384726  -0.0006166982   0.0004608562   0.0003360729
        0.0000022375   0.0000236816  -0.0000547929   0.0007428931   0.0003708928
       -0.0005286802  -0.0033611840  -0.0028392570   0.0022312333   0.0003517472
       -0.0070931457  -0.0044089039   0.0552435676   0.0185461483   0.0069718007
        0.0005286846   0.0002309633   0.0000959350  -0.0047561911   0.0036176377
       -0.0003063617  -0.0001996893  -0.0002633534  -0.0004719838   0.0001879332
       -0.0001713586   0.0001896439  -0.0000600478  -0.0001410849   0.0000260536
        0.0001386318   0.0001510289  -0.0000560720   0.0006733485   0.0004651015
       -0.0002702339  -0.0057555391  -0.0198504826  -0.0047921583  -0.0163096638
       -0.2343884370  -0.0807573271   0.0035423774  -0.0188692427  -0.0066437804
       -0.0010501652   0.0006266332  -0.0003741709  -0.0000026830   0.0000875955
       -0.0000216215   0.0001751671   0.0001168994  -0.0000075010   0.0000412675
       -0.0000227878   0.0000235840  -0.0004013950   0.0006438898   0.0001908994
       -0.0000375706  -0.0001376230  -0.0000245670   0.0005229332   0.0003405331
       -0.0002773174  -0.0030823186  -0.0021250752   0.0020850342  -0.0005770342
       -0.0010004639  -0.0028009666   0.0185461483   0.2745904935   0.0933734147
       -0.0002469719   0.0003978462  -0.0001114446   0.0037161527  -0.0016010055
       -0.0000523488   0.0004902181   0.0005176097   0.0006556837  -0.0003929743
        0.0002517306  -0.0001309336   0.0000100712  -0.0001942435  -0.0000081728
        0.0000674747   0.0000331197  -0.0000599694  -0.0003202962   0.0001997302
        0.0001445642   0.0022577304   0.0126073453   0.0051752800  -0.0078438561
       -0.0807543847  -0.0801779532   0.0007358567   0.0005097281   0.0010141292
       -0.0002338341   0.0012099729   0.0008041983  -0.0000237123  -0.0000191930
       -0.0000014268   0.0000138399   0.0000084755  -0.0000396301   0.0000162104
        0.0000412950   0.0000122034  -0.0000958834   0.0000546983   0.0002346437
        0.0000098034  -0.0001623125  -0.0002167703  -0.0000437879   0.0007529396
        0.0007382472   0.0024417656   0.0022781914  -0.0002689487  -0.0038082394
       -0.0305718532  -0.0177994623   0.0069718007   0.0933734147   0.0901557127
        0.0001907607  -0.0001972707  -0.0001986278  -0.0001135953   0.0005830743
        0.0006206328  -0.0002495666   0.0000282912   0.0000963152  -0.0000165936
       -0.0000283250  -0.0001393555   0.0000441223   0.0000530630  -0.0000937826
       -0.0004143618   0.0001988110  -0.0000814320  -0.0010851664  -0.0007773278
        0.0008587047  -0.0050377442   0.0034100065  -0.0005375557  -0.0252542080
       -0.0108908781   0.0153736242  -0.1397394042  -0.0723760156   0.0885346522
        0.0054830169   0.0037217661  -0.0052846685  -0.0001691816  -0.0000231261
        0.0000438963   0.0000558119   0.0000305046  -0.0000121477   0.0000489508
        0.0000161536  -0.0000416332   0.0000314895  -0.0000203073   0.0000164882
        0.0000394959  -0.0000382215   0.0000140918   0.0001367198   0.0000691799
       -0.0002921719   0.0002620701   0.0004071940  -0.0000868584   0.0001915662
       -0.0006220247   0.0001264406   0.0005286846  -0.0002469719   0.0001907607
        0.1667118472   0.0813288393  -0.0993414248  -0.0032368093  -0.0050164837
        0.0031609733   0.0001303090   0.0002709202   0.0001386396   0.0008636153
        0.0002395557  -0.0005284190   0.0004532984   0.0003184258  -0.0022519604
        0.0001988045  -0.0000375097  -0.0000040705   0.0004756736   0.0003446894
       -0.0001891329   0.0018935175  -0.0005494492   0.0001701080   0.0100127654
        0.0057207519  -0.0067945513  -0.0721601662  -0.0978940862   0.0619252934
       -0.0001762518   0.0001562859   0.0024100276   0.0000113012   0.0000344614
       -0.0000251630   0.0000159341  -0.0000106031   0.0000041312   0.0000042355
       -0.0000111538   0.0000063242  -0.0000743286   0.0000826353   0.0000072053
       -0.0000593812   0.0000172415  -0.0000455386   0.0000288780  -0.0000461864
       -0.0001587315   0.0001974627   0.0001601566   0.0000841149  -0.0001918566
        0.0004627477  -0.0004638582   0.0002309633   0.0003978462  -0.0001972707
        0.0813288393   0.1101714625  -0.0743936342  -0.0225616113  -0.0204479676
        0.0175731257   0.0003039394   0.0004635610  -0.0005202654   0.0000763458
       -0.0001036432   0.0002572848   0.0004449352   0.0010887598   0.0003546011
       -0.0000322411  -0.0000315899   0.0000163437  -0.0000405664   0.0001401597
       -0.0000480786  -0.0000698916  -0.0002379094   0.0007858647   0.0011446207
        0.0002661571   0.0002582803   0.0882692266   0.0621620495  -0.1203429879
        0.0170242304   0.0156035525  -0.0251540509   0.0000350864  -0.0000177408
        0.0000084217  -0.0000115031   0.0000076699   0.0000010255  -0.0000269809
        0.0000036753   0.0000076767   0.0000023337  -0.0000258270  -0.0000251094
        0.0000339143  -0.0000041902   0.0000626311  -0.0002453753  -0.0000243965
        0.0001409442  -0.0000503512  -0.0000607790  -0.0000232128  -0.0008774875
       -0.0001412214   0.0007967935   0.0000959350  -0.0001114446  -0.0001986278
       -0.0993414248  -0.0743936342   0.1438617041  -0.0046678787  -0.0035877072
        0.0052898970   0.0005521209   0.0002115642   0.0006211008   0.0004495393
        0.0001708655   0.0008132165  -0.0022433068   0.0000707464  -0.0068718325
        0.0000260489  -0.0000700598   0.0000182876  -0.0000373414  -0.0000117529
       -0.0000679960   0.0011328712   0.0014224583   0.0000367725  -0.0012383249
        0.0268198419   0.0081711265  -0.0458006389  -0.0218161715  -0.0052126924
       -0.0011172883  -0.0097943483  -0.0056566686   0.0000531106  -0.0000094640
       -0.0000175468  -0.0000444185  -0.0000394669   0.0000036754   0.0000032161
        0.0000044818   0.0000002444   0.0000903783  -0.0001662482  -0.0000615783
        0.0000444117   0.0000222697   0.0000288653  -0.0000098361  -0.0000678231
       -0.0000279895  -0.0005854743  -0.0004269103  -0.0000295674   0.0005029615
       -0.0000545343   0.0002824580  -0.0047561911   0.0037161527  -0.0001135953
       -0.0032368093  -0.0225616113  -0.0046678787   0.0548728069   0.0229628313
        0.0092511457  -0.0002184866   0.0001015852  -0.0024737730  -0.0000314820
       -0.0004110005  -0.0000606839   0.0003504859   0.0003797702   0.0005973944
       -0.0000926280   0.0000289783   0.0000095395  -0.0002419774   0.0000704871
        0.0000146216  -0.0011481100   0.0008753267   0.0000765290   0.0034794121
       -0.0191150311  -0.0052202698  -0.0222393161  -0.2473489771  -0.0670431406
       -0.0012557871  -0.0025544589  -0.0034001984  -0.0000284266  -0.0000150902
        0.0000167351   0.0000464451   0.0000984334   0.0000146029  -0.0000068462
       -0.0000133630  -0.0000179391  -0.0001818682   0.0001167644   0.0000708910
       -0.0000093243  -0.0000306621   0.0000378760   0.0000349542  -0.0001168042
       -0.0000089714   0.0005031224   0.0007245610  -0.0000141064  -0.0002734096
        0.0000198052   0.0001671740   0.0036176377  -0.0016010055   0.0005830743
       -0.0050164837  -0.0204479676  -0.0035877072   0.0229628313   0.2872208954
        0.0784689846  -0.0002447475   0.0011480884  -0.0006620323  -0.0002524730
        0.0002808528   0.0001756869   0.0003469948   0.0006591669   0.0003186504
       -0.0000094613  -0.0000119963  -0.0000051725  -0.0000205753   0.0000612934
       -0.0000371271  -0.0001773065  -0.0004248258   0.0000190635   0.0005515963
        0.0002525556   0.0010317416  -0.0050791229  -0.0665516845  -0.0657059697
       -0.0053767411  -0.0281450061  -0.0149183113  -0.0000204834   0.0000090831
       -0.0000018435   0.0000222413   0.0000294072   0.0000224509   0.0000044224
       -0.0000134245  -0.0000226909  -0.0000351969   0.0000598626  -0.0000165480
       -0.0000495829   0.0000372666   0.0000026538   0.0000245933  -0.0001251078
       -0.0002109713   0.0003514761   0.0001583760   0.0002127140  -0.0000499775
        0.0004424122   0.0001863987  -0.0003063617  -0.0000523488   0.0006206328
        0.0031609733   0.0175731257   0.0052898970   0.0092511457   0.0784689846
        0.0785509142  -0.0026839637  -0.0008834005  -0.0064151658   0.0002388106
       -0.0001573900   0.0005502204   0.0002035142  -0.0007271827   0.0008471130
        0.0000060343   0.0000007835   0.0000060094  -0.0000656179   0.0000002573
       -0.0000167390  -0.0001871486   0.0000501685  -0.0000762699   0.0005634744
       -0.0012918639  -0.0004002045  -0.0010715139  -0.0101509190  -0.0055711532
       -0.0454401738  -0.0111640980  -0.0026867930   0.0000180820   0.0000115781
       -0.0000045713   0.0000276887   0.0000283412   0.0000059536  -0.0000078095
       -0.0000182487   0.0000086304  -0.0000557386   0.0000679157  -0.0000016710
        0.0000434238  -0.0000011579   0.0000373939  -0.0001185834  -0.0002453206
        0.0000709799   0.0001254894   0.0001532953   0.0001413446   0.0000548262
        0.0000809499   0.0001930744  -0.0001996893   0.0004902181  -0.0002495666
        0.0001303090   0.0003039394   0.0005521209  -0.0002184866  -0.0002447475
       -0.0026839637   0.0491288162   0.0126095870   0.0056837998  -0.0010904139
        0.0305296570   0.0101155074  -0.0016429684  -0.0212103354  -0.0051238821
        0.0000317305  -0.0000019462  -0.0000268381   0.0000768469  -0.0000623377
        0.0000371975  -0.0000705612  -0.0000410495  -0.0001607173   0.0001616156
        0.0007384494   0.0007152231  -0.0014684451  -0.0026790310  -0.0046484747
       -0.0109974460  -0.2548587529  -0.0756015036  -0.0000178384   0.0000213704
        0.0000005342   0.0000230977   0.0000088561   0.0000048088  -0.0000094318
       -0.0000217215   0.0000324445  -0.0000377491   0.0001141792   0.0000163322
        0.0000364729  -0.0000098516   0.0000170815  -0.0002706568  -0.0002402503
        0.0000776785   0.0001629989   0.0000971891   0.0001384540   0.0001963594
        0.0000221993   0.0002082329  -0.0002633534   0.0005176097   0.0000282912
        0.0002709202   0.0004635610   0.0002115642   0.0001015852   0.0011480884
       -0.0008834005   0.0126095870   0.2939397701   0.0897220393   0.0021733776
       -0.0169359621  -0.0052710762  -0.0027091100  -0.0222203697  -0.0046178717
        0.0000330476  -0.0000009471  -0.0000015096   0.0000402311  -0.0000175399
        0.0000021211  -0.0000459471   0.0000069670  -0.0000144536   0.0007907889
       -0.0007243171   0.0008179504  -0.0039289390  -0.0284213510  -0.0149541257
       -0.0026412735  -0.0759651355  -0.0707408804   0.0000019262   0.0000101360
       -0.0000064668   0.0000123996   0.0000092767  -0.0000135901  -0.0000008174
        0.0000036829   0.0000226196  -0.0000266031   0.0000506353   0.0000323912
        0.0000241315  -0.0000172312   0.0000067518  -0.0000537497   0.0000473909
        0.0001597423   0.0001383716   0.0001393836  -0.0000774939   0.0003725208
       -0.0000301574   0.0002987060  -0.0004719838   0.0006556837   0.0000963152
        0.0001386396  -0.0005202654   0.0006211008  -0.0024737730  -0.0006620323
       -0.0064151658   0.0056837998   0.0897220393   0.0839140059   0.0009226563
       -0.0021546913   0.0002817454   0.0014845735   0.0178684729   0.0059702362
        0.0000163455   0.0000240953  -0.0000007291   0.0000960841  -0.0000239852
       -0.0000248029   0.0000368809   0.0001690248  -0.0000593928  -0.0003863659
       -0.0002708124  -0.0030860827  -0.0132554588   0.0056519472  -0.0034902051
       -0.2454637358   0.0874649163   0.0002354749  -0.0000536540   0.0000185704
       -0.0000115035   0.0000044397  -0.0000230827  -0.0000046856   0.0000307498
       -0.0000026004  -0.0000011872   0.0000336080  -0.0000468817  -0.0000021242
       -0.0000255825   0.0000058796  -0.0000146139   0.0002056951   0.0000005372
       -0.0002000628  -0.0000026133   0.0000454528  -0.0000351143  -0.0006773302
        0.0003026218  -0.0002047812   0.0001879332  -0.0003929743  -0.0000165936
        0.0008636153   0.0000763458   0.0004495393  -0.0000314820  -0.0002524730
        0.0002388106  -0.0010904139   0.0021733776   0.0009226563   0.2835919345
       -0.1025139744   0.0019912116  -0.0240806496   0.0075940152   0.0033141860
       -0.0000067806   0.0000010676   0.0000025344  -0.0000768055   0.0000389218
       -0.0000722667  -0.0001540893   0.0000744250  -0.0000621063   0.0001982350
        0.0004954183   0.0006674082   0.0013669760  -0.0001306660   0.0010190773
        0.0872421266  -0.0833475273   0.0002130350   0.0000221989  -0.0000047468
       -0.0000040046   0.0000101813   0.0000253868   0.0000087274   0.0000031702
       -0.0000075766  -0.0000121610  -0.0000318843   0.0000082700  -0.0000026396
       -0.0000138595   0.0000051458   0.0000117399   0.0000770005  -0.0001603847
        0.0000398087   0.0000342143   0.0000399711   0.0000442792   0.0001761886
        0.0000882733   0.0001332238  -0.0001713586   0.0002517306  -0.0000283250
        0.0002395557  -0.0001036432   0.0001708655  -0.0004110005   0.0002808528
       -0.0001573900   0.0305296570  -0.0169359621  -0.0021546913  -0.1025139744
        0.0927346530  -0.0008947396  -0.0165197514   0.0066463906   0.0010776245
       -0.0000244036  -0.0000021721   0.0000205625  -0.0000391586  -0.0000643482
        0.0001333348   0.0001972716   0.0000573166  -0.0001302314  -0.0022353262
       -0.0000907490  -0.0053898841  -0.0275603178   0.0117222728  -0.0042087706
        0.0001716520   0.0002429933  -0.0417735168   0.0000024474  -0.0000006455
        0.0000051710   0.0000010798  -0.0000058106  -0.0000076139  -0.0000203154
       -0.0000025313   0.0000288638   0.0000174897  -0.0000044023  -0.0000202725
        0.0000924810  -0.0000108686   0.0000558480  -0.0001272507   0.0000417604
        0.0001290643   0.0000245082   0.0000066085  -0.0000133544  -0.0013806265
        0.0007541948  -0.0003923376   0.0001896439  -0.0001309336  -0.0001393555
       -0.0005284190   0.0002572848   0.0008132165  -0.0000606839   0.0001756869
        0.0005502204   0.0101155074  -0.0052710762   0.0002817454   0.0019912116
       -0.0008947396   0.0507383662   0.0191732093  -0.0067798410  -0.0006810560
       -0.0000175360  -0.0000371738   0.0000153487  -0.0000000657   0.0000780494
        0.0001082915  -0.0007404852   0.0000865631  -0.0008300530   0.0003841631
        0.0000059387   0.0000061550   0.0064440718   0.0049636975  -0.0044517717
       -0.1290946331  -0.0777131725   0.0859072195   0.0000403124  -0.0000108018
        0.0000139776  -0.0000093225  -0.0000031450  -0.0000048184  -0.0000360931
        0.0000089774   0.0000205877   0.0000253911  -0.0000092719   0.0000011388
        0.0000634037  -0.0000299129   0.0000338041  -0.0016757474   0.0005827600
       -0.0002906230   0.0000156641  -0.0000850100  -0.0001068236  -0.0001280775
       -0.0000949402   0.0000735330  -0.0000600478   0.0000100712   0.0000441223
        0.0004532984   0.0004449352  -0.0022433068   0.0003504859   0.0003469948
        0.0002035142  -0.0016429684  -0.0027091100   0.0014845735  -0.0240806496
       -0.0165197514   0.0191732093   0.1497088360   0.0906843022  -0.0991580787
       -0.0000039886   0.0000169532   0.0000209543   0.0000106959   0.0000110118
       -0.0001392545  -0.0000568801   0.0000783143   0.0004830331  -0.0002196383
       -0.0000508768   0.0002663395  -0.0001655543  -0.0002818765   0.0025120175
       -0.0778358811  -0.1164933147   0.0774462384  -0.0000309693  -0.0000089053
       -0.0000060693  -0.0000106990   0.0000005557  -0.0000084723   0.0000382311
        0.0000209027  -0.0000514296   0.0000143514  -0.0000685529   0.0000114939
       -0.0001004777   0.0000230825  -0.0000727373   0.0008293690   0.0003859531
       -0.0003262912  -0.0000343886   0.0000140484  -0.0002230848  -0.0000592634
       -0.0000126819  -0.0001921669  -0.0001410849  -0.0001942435   0.0000530630
        0.0003184258   0.0010887598   0.0000707464   0.0003797702   0.0006591669
       -0.0007271827  -0.0212103354  -0.0222203697   0.0178684729   0.0075940152
        0.0066463906  -0.0067798410   0.0906843022   0.1303856826  -0.0902058296
        0.0000280401  -0.0000115774   0.0000132558   0.0000141423  -0.0000832504
        0.0000695647   0.0001215834  -0.0000231450  -0.0001329402   0.0005009936
        0.0000566836   0.0006367181   0.0164475612   0.0162861874  -0.0235183453
        0.0860602664   0.0771734895  -0.1272521964   0.0000488807  -0.0000103762
       -0.0000081398  -0.0000354958  -0.0000363330  -0.0000212719  -0.0000209259
        0.0000037947   0.0000696357   0.0000632754  -0.0000336260   0.0000021291
        0.0001086109  -0.0000286572   0.0000524367  -0.0007042803   0.0001843125
        0.0009401792  -0.0002132188  -0.0002753694  -0.0002246427   0.0001768541
       -0.0001211351   0.0003252566   0.0000260536  -0.0000081728  -0.0000937826
       -0.0022519604   0.0003546011  -0.0068718325   0.0005973944   0.0003186504
        0.0008471130  -0.0051238821  -0.0046178717   0.0059702362   0.0033141860
        0.0010776245  -0.0006810560  -0.0991580787  -0.0902058296   0.1498776823
