           1           2   1.01913302752144     
           2           3   1.00767585034976     
           3           4   1.00825662529177     
           4           5   1.00699013877435     
           5           6   1.02003753879111     
           1           7  0.987590570911725     
           1           8  0.988053528886386     
           1           9  0.988001330405989     
           2          10  0.978705804094440     
           2          11  0.978595317519154     
           3          12  0.975756143799343     
           3          13  0.977397381562405     
           4          14  0.977486773610477     
           4          15  0.977378290486844     
           5          16  0.978736322394211     
           5          17  0.978324380376487     
           6          18  0.987699469864417     
           6          19  0.987640260360755     
           6          20  0.986354195793100     
