$coord
          9.981576289956         -1.568455686475         -0.178408640235     c 
          7.175978687746         -1.869928488802          0.366115505417     c 
          5.687400659091          0.542315933228         -0.201457124594     c 
          2.870485328111          0.316956933486          0.405436808641     c 
          1.389000988629          2.652435944432         -0.419281931351     c 
         -1.372415597186          2.666748939287          0.436021512716     c 
         -2.881728900633          0.358932463954         -0.430791404566     c 
         -5.697893491304          0.579761531892          0.200204244604     c 
         -7.170143848018         -1.857866876782         -0.358110297483     c 
         -9.985086660375         -1.604679121132          0.179469944532     c 
         10.310712676127         -1.045045957190         -2.150342168520     h 
         10.788115149544         -0.071039900883          0.985153609586     h 
         11.041769800161         -3.302609396708          0.196500236802     h 
          6.394129904977         -3.443610423282         -0.745070248672     h 
          6.870912424128         -2.425935279229          2.344281724804     h 
          6.495415504438          2.134403968152          0.845842398821     h 
          5.934505684541          1.036434908975         -2.203434868120     h 
          2.103409947359         -1.374718354111         -0.514993419974     h 
          2.620689072127         -0.009653241146          2.439930010220     h 
          1.485485982334          2.831469533101         -2.483090435330     h 
          2.346252656624          4.345084860600          0.304234057223     h 
         -2.318081982208          4.388251392926         -0.242395562689     h 
         -1.459678020556          2.795994947137          2.504153009334     h 
         -2.625907508951          0.058795978686         -2.473635998833     h 
         -2.107673647768         -1.351394629278          0.459102446503     h 
         -6.523043556142          2.165422846590         -0.877689149568     h 
         -5.936222255280          1.107616117707          2.199677707428     h 
         -6.859784859992         -2.400770186157         -2.338589058230     h 
         -6.364223337942         -3.416023941581          0.760842191140     h 
        -10.849327212587         -0.177049772509         -1.036105189970     h 
        -10.990830732409         -3.390847178505         -0.102617768383     h 
        -10.322942165542         -1.031457823792          2.137796432900     h 
$end
