$hessian                                                                        
        0.4764065748  -0.0278317444  -0.0055529584  -0.1658044001  -0.0587354568
       -0.0108185404  -0.0220920134  -0.0070623544  -0.0078684485  -0.0017403700
        0.0017918396  -0.0024402757   0.0000082118  -0.0000910570  -0.0001364505
        0.0000552708  -0.0000103840  -0.0000290856  -0.1013515567  -0.0016440169
        0.1022427853  -0.1170143457   0.0638332614  -0.0909666214  -0.0512756563
        0.0422561619   0.0139682335   0.0013759321  -0.0011726534  -0.0006815533
       -0.0190506376  -0.0101548070   0.0012449620   0.0010319729  -0.0004278352
        0.0009589498   0.0003579242  -0.0005866390   0.0003791273  -0.0000881429
        0.0001945318   0.0000290527  -0.0008858616  -0.0005123575  -0.0002977836
        0.0000331374   0.0001056840   0.0000082745   0.0000699663   0.0000897452
       -0.0000439806   0.0000195537   0.0000248738  -0.0000293108  -0.0000654372
       -0.0000381622   0.0000002549   0.0000098774  -0.0000286298   0.0000333687
       -0.0278317444   0.5075216214  -0.0050354000  -0.0580511575  -0.1004663643
       -0.0085175013   0.0084408674   0.0054540915   0.0010668796   0.0016133490
       -0.0006669844   0.0015852346   0.0000029274  -0.0000720999   0.0001230641
        0.0000357584   0.0000277701  -0.0000198399  -0.0018151436  -0.0452531850
        0.0050934436   0.0640658293  -0.0964443356   0.0767821347   0.0416908455
       -0.2518319675  -0.0674794007  -0.0261786806  -0.0190194343  -0.0048739433
       -0.0039315840  -0.0009268763   0.0006267197   0.0005394209   0.0003524713
       -0.0001017047   0.0009011018   0.0007538267   0.0005272981   0.0000280252
        0.0001184063   0.0001100239   0.0005238646   0.0003487421   0.0003166466
        0.0000173191   0.0000407777  -0.0000647784  -0.0000250339   0.0000072151
       -0.0001426310   0.0000135229   0.0000224805  -0.0000161330  -0.0000047173
        0.0000032047  -0.0000023179  -0.0000347703   0.0000306399   0.0000222054
       -0.0055529584  -0.0050354000   0.5235019063  -0.0111034571  -0.0088673198
       -0.0673567952  -0.0195375115  -0.0076787622  -0.0050888456  -0.0025681997
        0.0018761588  -0.0026524022   0.0002052406   0.0001035959  -0.0000906947
        0.0000016096  -0.0000331761   0.0000686833   0.1027379771   0.0053336077
       -0.2242171801  -0.0911222689   0.0766594899  -0.1574648263   0.0139873004
       -0.0673426237  -0.0676895216  -0.0086007593  -0.0065013165  -0.0007992382
        0.0236466923   0.0130117115   0.0010042607  -0.0012333842  -0.0006339868
        0.0006425199   0.0002462144  -0.0004105360   0.0003366702   0.0000641311
        0.0001074418   0.0000192860  -0.0011054445  -0.0004277044  -0.0004052531
        0.0000346988  -0.0000561172   0.0001574321  -0.0001230475  -0.0001602210
        0.0000171090  -0.0000242662   0.0000040929   0.0000258374  -0.0000074663
        0.0000906699  -0.0000253824   0.0000548993  -0.0000396044   0.0000164343
       -0.1658044001  -0.0580511575  -0.0111034571   0.4707285323  -0.0069884635
       -0.0335113874  -0.1023545560   0.0367206623  -0.0467579258  -0.0193999468
        0.0080547505  -0.0187539191   0.0005182212  -0.0000438620   0.0000185357
        0.0000890827  -0.0001366232  -0.0000764748  -0.0187539605  -0.0098961601
        0.0021268209  -0.0195976051  -0.0086091371  -0.0048316295   0.0024383453
       -0.0017580862  -0.0007123420  -0.0509045544   0.0414217490   0.0157435331
       -0.0930799733  -0.0011011915   0.0979404669   0.0067274290  -0.0061135230
        0.0081735281  -0.0061685215   0.0074431468  -0.0066612426   0.0008876846
        0.0008999930   0.0005681796  -0.0042764972  -0.0021490328  -0.0017712462
        0.0001041796   0.0001741834  -0.0001666953  -0.0010772864  -0.0001508328
       -0.0003813736   0.0000045039   0.0000532866  -0.0000065379  -0.0001105875
        0.0002089517   0.0000922387   0.0000299102   0.0000213465   0.0000709283
       -0.0587354568  -0.1004663643  -0.0088673198  -0.0069884635   0.5123236908
        0.0169372577   0.0354268763  -0.0962809266   0.0410431698  -0.0059204314
        0.0062318429  -0.0085341453   0.0000085864   0.0000838051  -0.0000801725
       -0.0000173390  -0.0001730151  -0.0000423600  -0.0033685352  -0.0010419373
        0.0017103324   0.0104643800   0.0061158584   0.0015891776  -0.0258930787
       -0.0197608481  -0.0049333759   0.0418981047  -0.2409354852  -0.0645216370
       -0.0012391029  -0.0461875038   0.0038966587   0.0014914054  -0.0014520299
        0.0047931437   0.0176795245  -0.0186475674   0.0192856193  -0.0011862228
        0.0007502298  -0.0008254378  -0.0032812144  -0.0008160372  -0.0013594857
       -0.0001717075   0.0000638869  -0.0000626566  -0.0002659796   0.0001189839
       -0.0000380753  -0.0000207146   0.0000449843   0.0000325724   0.0001586982
        0.0000167745  -0.0000119837  -0.0000393290   0.0000116582  -0.0000112820
       -0.0108185404  -0.0085175013  -0.0673567952  -0.0335113874   0.0169372577
        0.5133795122  -0.0454079559   0.0414287346  -0.1276544195  -0.0084277773
        0.0007437724  -0.0053478127  -0.0000581317  -0.0001680213   0.0004846169
        0.0001132630   0.0001261951  -0.0002609283   0.0235976651   0.0132584304
        0.0011958913  -0.0195378365  -0.0094043020  -0.0037054558  -0.0086623251
       -0.0063139310  -0.0011409261   0.0158825655  -0.0647678804  -0.0674116097
        0.0977672517   0.0034180557  -0.2219873876  -0.0138401634   0.0152504116
       -0.0258597708   0.0029367910  -0.0022228541   0.0052256550   0.0002546039
        0.0003813044   0.0001378662  -0.0010852457  -0.0004727048   0.0004280037
        0.0001244855  -0.0000041675  -0.0001871476   0.0005755913   0.0005728177
        0.0000584091   0.0001238852  -0.0000034062  -0.0000573320   0.0000933539
       -0.0002974207   0.0001852707  -0.0001200928   0.0000552099  -0.0001256398
       -0.0220920134   0.0084408674  -0.0195375115  -0.1023545560   0.0354268763
       -0.0454079559   0.4715541714  -0.0134674882  -0.0282051575  -0.1503095372
       -0.0530885560  -0.0237255370  -0.0201099004  -0.0104548240   0.0018311769
        0.0005321942   0.0000323847  -0.0000563948   0.0006096006   0.0006696264
       -0.0008566136  -0.0050216505  -0.0022476797  -0.0014850302   0.0009487926
        0.0008698031   0.0002454409  -0.0058333282   0.0072086051  -0.0058962866
        0.0072385271  -0.0053800622   0.0076003803  -0.1027610245  -0.0076169787
        0.1015144135  -0.0547775551   0.0493838795   0.0191722995   0.0028111997
       -0.0006648876   0.0002134927  -0.0181666909  -0.0086462039  -0.0076264779
       -0.0021709158  -0.0006411536   0.0028405538   0.0006391410   0.0004263809
       -0.0007157607   0.0000664600  -0.0001928112  -0.0002172987  -0.0006929053
       -0.0000634561   0.0003363645  -0.0001100095   0.0000056779  -0.0000240977
       -0.0070623544   0.0054540915  -0.0076787622   0.0367206623  -0.0962809266
        0.0414287346  -0.0134674882   0.5103773540   0.0188151505  -0.0532037789
       -0.1011365028  -0.0157247505  -0.0058732333  -0.0016737527   0.0023160940
       -0.0000555679   0.0001876587   0.0002371396  -0.0001818798   0.0002680905
       -0.0005345061  -0.0033627133  -0.0006233104  -0.0009859732  -0.0010463510
        0.0007669199  -0.0006561447   0.0183177559  -0.0188480379   0.0193398545
        0.0010404454  -0.0008626340   0.0033913080  -0.0073829287  -0.0469281420
        0.0139934256   0.0497524871  -0.2366253606  -0.0683262413  -0.0243282050
       -0.0205867716  -0.0089767807   0.0097408140   0.0061243412   0.0036570004
       -0.0003201773   0.0005842505   0.0004647166   0.0000646803  -0.0000453221
       -0.0000393857   0.0000497575  -0.0001907862  -0.0000433020   0.0004304836
        0.0001114027  -0.0007716979   0.0001675917  -0.0000725622   0.0000941206
       -0.0078684485   0.0010668796  -0.0050888456  -0.0467579258   0.0410431698
       -0.1276544195  -0.0282051575   0.0188151505   0.5052161343  -0.0196121824
       -0.0138740070  -0.0713523859   0.0179182758   0.0108124149   0.0051897200
       -0.0001853599   0.0000170853   0.0001317331   0.0014318705   0.0000390466
        0.0009124182  -0.0007038621  -0.0003942783   0.0003867844   0.0002378766
        0.0003585597   0.0001448112   0.0026550434  -0.0018847170   0.0049404219
       -0.0146125781   0.0143607282  -0.0246801307   0.1013253968   0.0142649194
       -0.2066729724   0.0188023134  -0.0684433812  -0.0689946266  -0.0089563635
       -0.0074316309  -0.0024271292  -0.0202366496  -0.0102651245  -0.0072253802
        0.0039856394   0.0012378854  -0.0031980159  -0.0001217290   0.0002182384
        0.0006035987   0.0001628432   0.0000950709   0.0001184702   0.0006659419
       -0.0000161123  -0.0002729634   0.0000750554  -0.0000198974  -0.0000772226
       -0.0017403700   0.0016133490  -0.0025681997  -0.0193999468  -0.0059204314
       -0.0084277773  -0.1503095372  -0.0532037789  -0.0196121824   0.4723061918
       -0.0280282619   0.0141491452  -0.1120066132  -0.0089623691   0.0564802638
       -0.0087076841   0.0038112505   0.0106623204   0.0001953969   0.0000604821
       -0.0001500070  -0.0008508945  -0.0005248633  -0.0002234031  -0.0000782571
        0.0001945359   0.0000098675   0.0004256727  -0.0007072515   0.0003389831
        0.0004420233  -0.0002458771   0.0004890689  -0.0197853026  -0.0119529636
       -0.0007803406   0.0035597181  -0.0001543123  -0.0004781599  -0.0566902826
        0.0535542941   0.0166908623  -0.0944553160   0.0544111884  -0.0801779756
       -0.0207189544  -0.0064448846   0.0205366644   0.0078208850   0.0014879610
       -0.0079339884  -0.0004109262   0.0019817901   0.0010723688   0.0002184569
       -0.0004443858  -0.0004502739   0.0001857397  -0.0005254717   0.0003727634
        0.0017918396  -0.0006669844   0.0018761588   0.0080547505   0.0062318429
        0.0007437724  -0.0530885560  -0.1011365028  -0.0138740070  -0.0280282619
        0.5214121776  -0.0083590745  -0.0073003769  -0.0675000482   0.0109470401
        0.0168082216   0.0007997647  -0.0193236323  -0.0000180983  -0.0000528814
       -0.0000791118   0.0007485378   0.0003533897   0.0002946113  -0.0000138271
        0.0000663330   0.0000539679   0.0011936309   0.0006736682   0.0005696835
       -0.0000430035   0.0002310550  -0.0000104624  -0.0052915102  -0.0023540977
       -0.0001143353  -0.0240530802  -0.0194421226  -0.0074410317   0.0529075803
       -0.2324284800  -0.0660839882   0.0542758878  -0.0979879909   0.0793830086
       -0.0120754410  -0.0028154197   0.0121186079  -0.0085543399  -0.0022715542
        0.0131924656   0.0025371698  -0.0044830386  -0.0029826250  -0.0001182896
        0.0005514301  -0.0001418508   0.0002671662   0.0008194594  -0.0007691971
       -0.0024402757   0.0015852346  -0.0026524022  -0.0187539191  -0.0085341453
       -0.0053478127  -0.0237255370  -0.0157247505  -0.0713523859   0.0141491452
       -0.0083590745   0.4847679190   0.0599937023   0.0126871038  -0.1436562683
        0.0103683671  -0.0037901963  -0.0114184456   0.0000738243   0.0001012566
       -0.0001172463  -0.0010938956  -0.0004088441  -0.0000771214   0.0000319978
        0.0001224189  -0.0000024768   0.0004612674  -0.0004407368   0.0005978286
        0.0001426326  -0.0003684249   0.0000397748   0.0214455482   0.0129161986
        0.0024716536  -0.0088848990  -0.0074316555  -0.0020497279   0.0167555883
       -0.0657369559  -0.0676891792  -0.0800412049   0.0788116258  -0.1643257031
       -0.0021851684  -0.0004417894   0.0036898705   0.0141135805   0.0057163580
       -0.0236838787   0.0006280788  -0.0019105442  -0.0004109779  -0.0000997460
        0.0003327590   0.0001083473  -0.0009390868   0.0008741622   0.0011082322
        0.0000082118   0.0000029274   0.0002052406   0.0005182212   0.0000085864
       -0.0000581317  -0.0201099004  -0.0058732333   0.0179182758  -0.1120066132
       -0.0073003769   0.0599937023   0.5005123318   0.0061456269   0.0407102479
       -0.0812840845   0.0379742806   0.0128416156  -0.0000149864  -0.0000578130
       -0.0000695983   0.0000377310   0.0000063196  -0.0000308954  -0.0000107606
        0.0000445691   0.0000348536  -0.0001578889   0.0000803868   0.0000726835
       -0.0012155943  -0.0003101214   0.0000343046  -0.0042507678  -0.0027375607
       -0.0004137626   0.0008399194   0.0007697301   0.0001659040  -0.0073066185
        0.0011684858   0.0103789201   0.0069392518   0.0007340246  -0.0083915935
       -0.1825744887  -0.0953439359  -0.0583707966  -0.0926180001   0.0508152330
       -0.0797891676  -0.0091091482   0.0192110534   0.0097695810   0.0074583007
       -0.0196551831  -0.0080085425  -0.0056551164   0.0143170007   0.0030071592
       -0.0000910570  -0.0000720999   0.0001035959  -0.0000438620   0.0000838051
       -0.0001680213  -0.0104548240  -0.0016737527   0.0108124149  -0.0089623691
       -0.0675000482   0.0126871038   0.0061456269   0.4915689469  -0.0108209388
        0.0394240809  -0.1719005487  -0.0403639358  -0.0000203057  -0.0000311213
        0.0000135858   0.0000810093  -0.0000025783   0.0000195764  -0.0000393579
       -0.0000240330   0.0000028487   0.0000784531  -0.0001316421  -0.0000762905
        0.0001092298   0.0003799316   0.0002471461  -0.0031378937  -0.0012902265
       -0.0002119299   0.0001290997  -0.0000355952   0.0003714511   0.0166589346
       -0.0002181215  -0.0225057806  -0.0078959857  -0.0021338345   0.0143158539
       -0.0956408018  -0.1091055395  -0.0365859827   0.0512022050  -0.0997383943
        0.0844370614   0.0004663553   0.0013146223  -0.0008513842   0.0029377936
       -0.0196265230  -0.0084375603   0.0090536686  -0.0198632474  -0.0029888140
       -0.0001364505   0.0001230641  -0.0000906947   0.0000185357  -0.0000801725
        0.0004846169   0.0018311769   0.0023160940   0.0051897200   0.0564802638
        0.0109470401  -0.1436562683   0.0407102479  -0.0108209388   0.4987686037
        0.0130898740  -0.0393587531  -0.0816894767   0.0000267718  -0.0000018274
       -0.0000524480  -0.0001056070   0.0000180252  -0.0000594984   0.0000452091
       -0.0000135461   0.0000379202  -0.0000949469   0.0000849702   0.0000021701
       -0.0006616920  -0.0003110394  -0.0002423375  -0.0015027180  -0.0009822311
        0.0007272267  -0.0000829647  -0.0001469807   0.0003191838   0.0093105541
       -0.0011400483  -0.0115934058   0.0140192151   0.0055738884  -0.0253082904
       -0.0584838406  -0.0368480985  -0.0660687894  -0.0796855076   0.0843187737
       -0.1687176034   0.0099173101  -0.0199478292  -0.0098847782   0.0027624728
       -0.0132171189  -0.0051096684  -0.0074579040   0.0194867283   0.0069438179
        0.0000552708   0.0000357584   0.0000016096   0.0000890827  -0.0000173390
        0.0001132630   0.0005321942  -0.0000555679  -0.0001853599  -0.0087076841
        0.0168082216   0.0103683671  -0.0812840845   0.0394240809   0.0130898740
        0.5153655564   0.0221376576   0.0093830224   0.0000050228  -0.0000019610
       -0.0000481099  -0.0000305641  -0.0000138814   0.0000085111  -0.0000482133
       -0.0000569086  -0.0000004009   0.0000210937  -0.0000610993  -0.0000847904
       -0.0001745230   0.0001655836  -0.0000725339   0.0000834221   0.0002454920
       -0.0000183662  -0.0008250189   0.0003002530   0.0008818808  -0.0021407526
        0.0003655615   0.0035344698   0.0005037147  -0.0001375835  -0.0009797689
        0.0062073760  -0.0201844748  -0.0074250247  -0.0055488554   0.0156205084
        0.0036036531  -0.1599855638  -0.0294554781   0.1152695720  -0.1795178769
       -0.0948261076  -0.0745286635  -0.0845995970   0.0497072842  -0.0729112045
       -0.0000103840   0.0000277701  -0.0000331761  -0.0001366232  -0.0001730151
        0.0001261951   0.0000323847   0.0001876587   0.0000170853   0.0038112505
        0.0007997647  -0.0037901963   0.0379742806  -0.1719005487  -0.0393587531
        0.0221376576   0.4762024466  -0.0186154969   0.0000272386   0.0000112538
       -0.0000144925  -0.0000109732   0.0000089908  -0.0000083092  -0.0000216481
       -0.0000484942   0.0000020551  -0.0000046249  -0.0000277501  -0.0000423347
        0.0000443321   0.0001457338  -0.0000508987  -0.0001386783   0.0000899507
        0.0000117504  -0.0002526052   0.0000512856   0.0003343134  -0.0003808489
        0.0009170683   0.0006803869  -0.0007674863   0.0008618589   0.0006578974
        0.0039898506  -0.0212932160  -0.0093245371   0.0084917095  -0.0193177996
       -0.0040364706  -0.0295542818  -0.0492202650   0.0301283266  -0.0948445010
       -0.1084366005  -0.0502960329   0.0496139509  -0.1088860928   0.0936126881
       -0.0000290856  -0.0000198399   0.0000686833  -0.0000764748  -0.0000423600
       -0.0002609283  -0.0000563948   0.0002371396   0.0001317331   0.0106623204
       -0.0193236323  -0.0114184456   0.0128416156  -0.0403639358  -0.0816894767
        0.0093830224  -0.0186154969   0.5176214296  -0.0000333234  -0.0000244068
        0.0000013651   0.0000416943  -0.0000002296   0.0000172484  -0.0000411031
       -0.0000257389  -0.0000106795   0.0000598019  -0.0000722508  -0.0000158106
       -0.0000598388   0.0001808252   0.0001082524  -0.0000608039  -0.0002631790
       -0.0000341322   0.0002137760  -0.0004038435   0.0000756092   0.0035388000
       -0.0003909013  -0.0036957044   0.0003176483  -0.0010538932   0.0006752750
        0.0023833750  -0.0127011091  -0.0043906616  -0.0070319123   0.0187206063
        0.0063162776   0.1154880893   0.0300501201  -0.1612613768  -0.0744315320
       -0.0499668148  -0.0847438350  -0.0731096745   0.0940789408  -0.1774948229
       -0.1013515567  -0.0018151436   0.1027379771  -0.0187539605  -0.0033685352
        0.0235976651   0.0006096006  -0.0001818798   0.0014318705   0.0001953969
       -0.0000180983   0.0000738243  -0.0000149864  -0.0000203057   0.0000267718
        0.0000050228   0.0000272386  -0.0000333234   0.1193662135   0.0052224781
       -0.1198121288   0.0083123653   0.0008710835  -0.0150910159  -0.0037239084
        0.0018952508   0.0084897989   0.0009079429   0.0005742462   0.0001324081
       -0.0053901845  -0.0034166350  -0.0003332447  -0.0003042866   0.0000602267
       -0.0010832017  -0.0000577274   0.0000443267   0.0000482167   0.0000289289
       -0.0000074348   0.0000499245   0.0000658351   0.0000749469  -0.0000202680
        0.0000061894   0.0000248866  -0.0000898694   0.0000791512   0.0001160088
       -0.0000854814   0.0000345631  -0.0000148861  -0.0000212052   0.0000168820
       -0.0000887495   0.0000121118  -0.0000314813   0.0000209752  -0.0000308303
       -0.0016440169  -0.0452531850   0.0053336077  -0.0098961601  -0.0010419373
        0.0132584304   0.0006696264   0.0002680905   0.0000390466   0.0000604821
       -0.0000528814   0.0001012566  -0.0000578130  -0.0000311213  -0.0000018274
       -0.0000019610   0.0000112538  -0.0000244068   0.0052224781   0.0494391810
       -0.0063839168  -0.0066453757  -0.0005652924   0.0158339786   0.0158131932
       -0.0020771675  -0.0287076720  -0.0001295860   0.0002944216   0.0007508924
       -0.0035561343  -0.0010751059   0.0000406714   0.0000684818   0.0002493564
       -0.0000620238   0.0000552439  -0.0001504295  -0.0001529845  -0.0000357038
       -0.0000374185   0.0000232643   0.0000480620   0.0000219465   0.0000130234
       -0.0000106461   0.0000096840  -0.0000182204   0.0000478342   0.0000360549
       -0.0000265297   0.0000096798  -0.0000086100   0.0000004592  -0.0000188098
       -0.0000442247  -0.0000094356   0.0000011250   0.0000073850  -0.0000076137
        0.1022427853   0.0050934436  -0.2242171801   0.0021268209   0.0017103324
        0.0011958913  -0.0008566136  -0.0005345061   0.0009124182  -0.0001500070
       -0.0000791118  -0.0001172463  -0.0000695983   0.0000135858  -0.0000524480
       -0.0000481099  -0.0000144925   0.0000013651  -0.1198121288  -0.0063839168
        0.2583255317   0.0103972581   0.0020911914  -0.0255932557   0.0067602686
       -0.0023412115  -0.0122917538  -0.0003133351   0.0002187545   0.0004041969
       -0.0003595894   0.0003166512   0.0011178966  -0.0000197438  -0.0000944739
        0.0003946674   0.0001111741  -0.0000099458  -0.0001958143  -0.0000116156
        0.0000455518   0.0000227008  -0.0000125822  -0.0000318442   0.0000410844
        0.0000117725   0.0000239089   0.0000338079  -0.0000172429  -0.0000495426
        0.0000059659  -0.0000064833   0.0000073026  -0.0000082818  -0.0000026109
        0.0000410575  -0.0000174364   0.0000295812  -0.0000227343   0.0000378903
       -0.1170143457   0.0640658293  -0.0911222689  -0.0195976051   0.0104643800
       -0.0195378365  -0.0050216505  -0.0033627133  -0.0007038621  -0.0008508945
        0.0007485378  -0.0010938956   0.0000377310   0.0000810093  -0.0001056070
       -0.0000305641  -0.0000109732   0.0000416943   0.0083123653  -0.0066453757
        0.0103972581   0.1375471366  -0.0719583451   0.1074857968  -0.0043521795
        0.0064179481  -0.0055531833   0.0007403834   0.0003289083  -0.0000000246
        0.0003237396   0.0005526110  -0.0001255455   0.0000111793  -0.0001593294
        0.0003111429   0.0002198750  -0.0002672970   0.0001091307   0.0000402258
        0.0000270872   0.0000062448  -0.0003832832  -0.0002089321  -0.0001175025
       -0.0000069156  -0.0000131525   0.0000343566  -0.0000044799  -0.0000035286
        0.0000034115  -0.0000431884  -0.0000145231   0.0000353983   0.0000168214
       -0.0000089521  -0.0000746759   0.0000556491  -0.0000331890   0.0000099680
        0.0638332614  -0.0964443356   0.0766594899  -0.0086091371   0.0061158584
       -0.0094043020  -0.0022476797  -0.0006233104  -0.0003942783  -0.0005248633
        0.0003533897  -0.0004088441   0.0000063196  -0.0000025783   0.0000180252
       -0.0000138814   0.0000089908  -0.0000002296   0.0008710835  -0.0005652924
        0.0020911914  -0.0719583451   0.1096411434  -0.0893995943   0.0188833106
       -0.0194471362   0.0216692791  -0.0002530940   0.0005995306  -0.0003145371
        0.0003210396   0.0002626257  -0.0002683502   0.0000154637  -0.0000963412
       -0.0001458901  -0.0002598700   0.0001499762  -0.0000159604   0.0000742657
        0.0000967450   0.0000303354  -0.0001855409  -0.0000766271  -0.0000825240
        0.0000303127   0.0000226191  -0.0000048937   0.0000185396   0.0000329906
       -0.0000340300   0.0000271461   0.0000066766  -0.0000190871  -0.0000183674
       -0.0000236661   0.0000280038  -0.0000099635  -0.0000112588  -0.0000038038
       -0.0909666214   0.0767821347  -0.1574648263  -0.0048316295   0.0015891776
       -0.0037054558  -0.0014850302  -0.0009859732   0.0003867844  -0.0002234031
        0.0002946113  -0.0000771214  -0.0000308954   0.0000195764  -0.0000594984
        0.0000085111  -0.0000083092   0.0000172484  -0.0150910159   0.0158339786
       -0.0255932557   0.1074857968  -0.0893995943   0.1796392906   0.0044832704
       -0.0036463183   0.0059296712   0.0000845253  -0.0000815602  -0.0001572280
        0.0004705199  -0.0000073273   0.0006201726   0.0000689314  -0.0000817466
        0.0004406489   0.0001351805  -0.0001681287  -0.0000100920   0.0000099335
       -0.0000100948  -0.0000137883  -0.0000504170  -0.0000655635  -0.0000178973
       -0.0000391578  -0.0000312393   0.0000259780  -0.0000146906  -0.0000230594
        0.0000435025  -0.0000319106  -0.0000054695   0.0000355718  -0.0000059519
        0.0000021126  -0.0000303949   0.0000240546  -0.0000072070  -0.0000093102
       -0.0512756563   0.0416908455   0.0139873004   0.0024383453  -0.0258930787
       -0.0086623251   0.0009487926  -0.0010463510   0.0002378766  -0.0000782571
       -0.0000138271   0.0000319978  -0.0000107606  -0.0000393579   0.0000452091
       -0.0000482133  -0.0000216481  -0.0000411031  -0.0037239084   0.0158131932
        0.0067602686  -0.0043521795   0.0188833106   0.0044832704   0.0599790676
       -0.0460779076  -0.0153561284  -0.0044754382  -0.0038326460  -0.0011697760
        0.0009196514  -0.0001447684  -0.0003581569  -0.0000667224   0.0001191941
        0.0000533388  -0.0003707919   0.0002479373  -0.0000875662   0.0000261317
        0.0001441380   0.0000577302   0.0000310851   0.0000646964   0.0000213145
        0.0000384003   0.0000395382   0.0000016668   0.0000371026  -0.0000045104
       -0.0000610359   0.0000469211   0.0000282918   0.0000041459  -0.0000719017
        0.0000195868   0.0000474645   0.0000083317   0.0000233633   0.0000045080
        0.0422561619  -0.2518319675  -0.0673426237  -0.0017580862  -0.0197608481
       -0.0063139310   0.0008698031   0.0007669199   0.0003585597   0.0001945359
        0.0000663330   0.0001224189   0.0000445691  -0.0000240330  -0.0000135461
       -0.0000569086  -0.0000484942  -0.0000257389   0.0018952508  -0.0020771675
       -0.0023412115   0.0064179481  -0.0194471362  -0.0036463183  -0.0460779076
        0.2929106617   0.0794058634  -0.0039938630  -0.0016460815  -0.0002904223
        0.0005236381   0.0003034883   0.0001981873  -0.0000204863  -0.0001466096
       -0.0001234580  -0.0004868607   0.0005979221  -0.0001447735   0.0001304842
        0.0001157599   0.0001221464   0.0000270488   0.0000962379  -0.0000132606
        0.0000412941   0.0000110883   0.0000121427   0.0000249085  -0.0000532926
       -0.0000457005   0.0000089005   0.0000213389   0.0000270478  -0.0000504023
        0.0001051856   0.0000586846   0.0000099717   0.0000406947  -0.0000040664
        0.0139682335  -0.0674794007  -0.0676895216  -0.0007123420  -0.0049333759
       -0.0011409261   0.0002454409  -0.0006561447   0.0001448112   0.0000098675
        0.0000539679  -0.0000024768   0.0000348536   0.0000028487   0.0000379202
       -0.0000004009   0.0000020551  -0.0000106795   0.0084897989  -0.0287076720
       -0.0122917538  -0.0055531833   0.0216692791   0.0059296712  -0.0153561284
        0.0794058634   0.0740876253  -0.0009726833  -0.0004204740   0.0007678083
        0.0001521352   0.0007673854   0.0003293031   0.0001256802  -0.0001522616
       -0.0002386407  -0.0005101022   0.0002458056   0.0000868338   0.0000608745
        0.0001184906   0.0000186907  -0.0000006843   0.0000326001  -0.0000261835
        0.0000285136   0.0000078602  -0.0000233694   0.0000031662   0.0000099417
       -0.0000159955   0.0000237772   0.0000135700  -0.0000086225  -0.0000054237
        0.0000081613   0.0000703557  -0.0000313932   0.0000114997  -0.0000248500
        0.0013759321  -0.0261786806  -0.0086007593  -0.0509045544   0.0418981047
        0.0158825655  -0.0058333282   0.0183177559   0.0026550434   0.0004256727
        0.0011936309   0.0004612674  -0.0001578889   0.0000784531  -0.0000949469
        0.0000210937  -0.0000046249   0.0000598019   0.0009079429  -0.0001295860
       -0.0003133351   0.0007403834  -0.0002530940   0.0000845253  -0.0044754382
       -0.0039938630  -0.0009726833   0.0627849373  -0.0471282757  -0.0139646494
       -0.0033579947   0.0154605950   0.0076914039   0.0004425038  -0.0005327160
        0.0004459332  -0.0018435271   0.0022462331  -0.0031109615  -0.0002976737
       -0.0004920919  -0.0005636647   0.0002179133  -0.0002088712   0.0001197192
       -0.0000117668  -0.0000441118  -0.0000046989  -0.0001613977   0.0000846735
        0.0003386439   0.0000089969  -0.0000848654  -0.0000229104   0.0000496664
       -0.0001282010  -0.0000912484   0.0000685269  -0.0001004645   0.0000009542
       -0.0011726534  -0.0190194343  -0.0065013165   0.0414217490  -0.2409354852
       -0.0647678804   0.0072086051  -0.0188480379  -0.0018847170  -0.0007072515
        0.0006736682  -0.0004407368   0.0000803868  -0.0001316421   0.0000849702
       -0.0000610993  -0.0000277501  -0.0000722508   0.0005742462   0.0002944216
        0.0002187545   0.0003289083   0.0005995306  -0.0000815602  -0.0038326460
       -0.0016460815  -0.0004204740  -0.0471282757   0.2820785248   0.0743419531
        0.0017368594  -0.0025640126  -0.0030888213  -0.0003819552   0.0002116291
       -0.0003319094   0.0019225022  -0.0018029705   0.0029904239   0.0003198283
        0.0006804197   0.0003086035  -0.0003594312   0.0001333678  -0.0001709031
       -0.0000432248   0.0000656828  -0.0000061937   0.0001790683   0.0000590084
       -0.0002802753   0.0000004536   0.0000667693  -0.0000063639   0.0000015630
        0.0000617671   0.0001186699  -0.0000876332   0.0000506249  -0.0000099726
       -0.0006815533  -0.0048739433  -0.0007992382   0.0157435331  -0.0645216370
       -0.0674116097  -0.0058962866   0.0193398545   0.0049404219   0.0003389831
        0.0005696835   0.0005978286   0.0000726835  -0.0000762905   0.0000021701
       -0.0000847904  -0.0000423347  -0.0000158106   0.0001324081   0.0007508924
        0.0004041969  -0.0000000246  -0.0003145371  -0.0001572280  -0.0011697760
       -0.0002904223   0.0007678083  -0.0139646494   0.0743419531   0.0758295779
        0.0082033371  -0.0280010921  -0.0126061329  -0.0000379251   0.0004364103
        0.0007237878  -0.0028460036   0.0028525831  -0.0021435898  -0.0001407370
       -0.0002011988  -0.0000125103   0.0001672087  -0.0000044931   0.0000342284
        0.0000247980   0.0000344511  -0.0000132700   0.0001953230  -0.0001649163
       -0.0001205744  -0.0000219649  -0.0000121066   0.0000132568  -0.0000942092
        0.0001223084  -0.0000823364   0.0000596456   0.0000548353   0.0000490235
       -0.0190506376  -0.0039315840   0.0236466923  -0.0930799733  -0.0012391029
        0.0977672517   0.0072385271   0.0010404454  -0.0146125781   0.0004420233
       -0.0000430035   0.0001426326  -0.0012155943   0.0001092298  -0.0006616920
       -0.0001745230   0.0000443321  -0.0000598388  -0.0053901845  -0.0035561343
       -0.0003595894   0.0003237396   0.0003210396   0.0004705199   0.0009196514
        0.0005236381   0.0001521352  -0.0033579947   0.0017368594   0.0082033371
        0.1155997971   0.0045152964  -0.1116582449  -0.0013272287   0.0015804676
       -0.0031841431   0.0005815982  -0.0003990631  -0.0000271961  -0.0000365546
       -0.0000180405   0.0000204179  -0.0000342620   0.0000216151   0.0001789957
        0.0001237677  -0.0001053584   0.0000967710  -0.0016203138  -0.0008960751
       -0.0002511904  -0.0000524047  -0.0000011399   0.0000663853   0.0000139002
        0.0002898917   0.0000245746   0.0000966667   0.0000066864   0.0000447595
       -0.0101548070  -0.0009268763   0.0130117115  -0.0011011915  -0.0461875038
        0.0034180557  -0.0053800622  -0.0008626340   0.0143607282  -0.0002458771
        0.0002310550  -0.0003684249  -0.0003101214   0.0003799316  -0.0003110394
        0.0001655836   0.0001457338   0.0001808252  -0.0034166350  -0.0010751059
        0.0003166512   0.0005526110   0.0002626257  -0.0000073273  -0.0001447684
        0.0003034883   0.0007673854   0.0154605950  -0.0025640126  -0.0280010921
        0.0045152964   0.0515698028  -0.0069169122   0.0013681759  -0.0009573927
        0.0031354772  -0.0005557244   0.0003353472   0.0005859515   0.0001209336
       -0.0001131401  -0.0000692725  -0.0000633639  -0.0000414096  -0.0000127665
        0.0000318245  -0.0001486083   0.0000616693  -0.0008883506   0.0001493864
       -0.0000097898  -0.0000552043  -0.0000516866  -0.0000386592   0.0001800582
       -0.0003354496  -0.0000303615  -0.0000789725  -0.0001135513  -0.0000728097
        0.0012449620   0.0006267197   0.0010042607   0.0979404669   0.0038966587
       -0.2219873876   0.0076003803   0.0033913080  -0.0246801307   0.0004890689
       -0.0000104624   0.0000397748   0.0000343046   0.0002471461  -0.0002423375
       -0.0000725339  -0.0000508987   0.0001082524  -0.0003332447   0.0000406714
        0.0011178966  -0.0001255455  -0.0002683502   0.0006201726  -0.0003581569
        0.0001981873   0.0003293031   0.0076914039  -0.0030888213  -0.0126061329
       -0.1116582449  -0.0069169122   0.2573539942  -0.0030243596   0.0028815744
       -0.0035344914   0.0005381042  -0.0004235767   0.0009143306   0.0001131740
        0.0000383745  -0.0001445749   0.0002267002  -0.0001345388   0.0002660968
        0.0002127885  -0.0000408595   0.0002076515  -0.0006119063  -0.0006821761
        0.0009875561   0.0000697400   0.0000279871   0.0000462999  -0.0000949050
        0.0003890519   0.0001653985   0.0001178034  -0.0001210830   0.0000340670
        0.0010319729   0.0005394209  -0.0012333842   0.0067274290   0.0014914054
       -0.0138401634  -0.1027610245  -0.0073829287   0.1013253968  -0.0197853026
       -0.0052915102   0.0214455482  -0.0042507678  -0.0031378937  -0.0015027180
        0.0000834221  -0.0001386783  -0.0000608039  -0.0003042866   0.0000684818
       -0.0000197438   0.0000111793   0.0000154637   0.0000689314  -0.0000667224
       -0.0000204863   0.0001256802   0.0004425038  -0.0003819552  -0.0000379251
       -0.0013272287   0.0013681759  -0.0030243596   0.1251385132   0.0110471929
       -0.1142531987  -0.0047540676   0.0015293363   0.0097522645   0.0007321760
        0.0002861176   0.0002285300  -0.0000480663   0.0003279198   0.0005367678
       -0.0010220900  -0.0003165341   0.0010236937   0.0000162072   0.0001224748
       -0.0003039874   0.0000806935  -0.0000149205  -0.0001033847   0.0000637947
       -0.0000685442  -0.0001423354  -0.0000083350  -0.0000425379   0.0000151914
       -0.0004278352   0.0003524713  -0.0006339868  -0.0061135230  -0.0014520299
        0.0152504116  -0.0076169787  -0.0469281420   0.0142649194  -0.0119529636
       -0.0023540977   0.0129161986  -0.0027375607  -0.0012902265  -0.0009822311
        0.0002454920   0.0000899507  -0.0002631790   0.0000602267   0.0002493564
       -0.0000944739  -0.0001593294  -0.0000963412  -0.0000817466   0.0001191941
       -0.0001466096  -0.0001522616  -0.0005327160   0.0002116291   0.0004364103
        0.0015804676  -0.0009573927   0.0028815744   0.0110471929   0.0526730222
       -0.0183136603   0.0165212419  -0.0008267816  -0.0266672617  -0.0001672828
        0.0001072466   0.0006386604   0.0005672520   0.0004197414   0.0000534266
       -0.0006173282  -0.0002048630   0.0006399530   0.0001654147  -0.0000099093
       -0.0001330113   0.0001116258   0.0001102792   0.0000380257  -0.0000386296
        0.0000264747   0.0002617244  -0.0000539606   0.0000262218  -0.0000594922
        0.0009589498  -0.0001017047   0.0006425199   0.0081735281   0.0047931437
       -0.0258597708   0.1015144135   0.0139934256  -0.2066729724  -0.0007803406
       -0.0001143353   0.0024716536  -0.0004137626  -0.0002119299   0.0007272267
       -0.0000183662   0.0000117504  -0.0000341322  -0.0010832017  -0.0000620238
        0.0003946674   0.0003111429  -0.0001458901   0.0004406489   0.0000533388
       -0.0001234580  -0.0002386407   0.0004459332  -0.0003319094   0.0007237878
       -0.0031841431   0.0031354772  -0.0035344914  -0.1142531987  -0.0183136603
        0.2425477090   0.0090106658  -0.0024268466  -0.0131384700  -0.0002649876
        0.0002553745   0.0002836191  -0.0002358194  -0.0003488829   0.0007965105
       -0.0000662811  -0.0000209621   0.0000668964  -0.0001459508  -0.0001964227
        0.0001836359  -0.0000551907   0.0000744072   0.0000714943  -0.0000001782
        0.0001470483   0.0001057788   0.0000334485  -0.0000126010   0.0000223291
        0.0003579242   0.0009011018   0.0002462144  -0.0061685215   0.0176795245
        0.0029367910  -0.0547775551   0.0497524871   0.0188023134   0.0035597181
       -0.0240530802  -0.0088848990   0.0008399194   0.0001290997  -0.0000829647
       -0.0008250189  -0.0002526052   0.0002137760  -0.0000577274   0.0000552439
        0.0001111741   0.0002198750  -0.0002598700   0.0001351805  -0.0003707919
       -0.0004868607  -0.0005101022  -0.0018435271   0.0019225022  -0.0028460036
        0.0005815982  -0.0005557244   0.0005381042  -0.0047540676   0.0165212419
        0.0090106658   0.0674704451  -0.0577748189  -0.0194509410  -0.0039892152
       -0.0039367113  -0.0014513707   0.0006372471  -0.0001953883   0.0001220424
        0.0001482782   0.0002575974  -0.0000702210  -0.0000215207   0.0000445953
       -0.0000386619   0.0001458952   0.0000810941  -0.0000633888  -0.0007185346
        0.0001011344   0.0015232093  -0.0004344202   0.0000694364  -0.0002409182
       -0.0005866390   0.0007538267  -0.0004105360   0.0074431468  -0.0186475674
       -0.0022228541   0.0493838795  -0.2366253606  -0.0684433812  -0.0001543123
       -0.0194421226  -0.0074316555   0.0007697301  -0.0000355952  -0.0001469807
        0.0003002530   0.0000512856  -0.0004038435   0.0000443267  -0.0001504295
       -0.0000099458  -0.0002672970   0.0001499762  -0.0001681287   0.0002479373
        0.0005979221   0.0002458056   0.0022462331  -0.0018029705   0.0028525831
       -0.0003990631   0.0003353472  -0.0004235767   0.0015293363  -0.0008267816
       -0.0024268466  -0.0577748189   0.2757903060   0.0797126494  -0.0036184479
       -0.0019437801  -0.0012146280   0.0003175692   0.0005238328   0.0000313708
        0.0003564101   0.0001646426   0.0000189464   0.0000025177  -0.0001598077
       -0.0000688562   0.0002086294   0.0001876437  -0.0000807821   0.0000840526
        0.0008688448   0.0006266788  -0.0001334437   0.0002107873  -0.0000360191
        0.0003791273   0.0005272981   0.0003366702  -0.0066612426   0.0192856193
        0.0052256550   0.0191722995  -0.0683262413  -0.0689946266  -0.0004781599
       -0.0074410317  -0.0020497279   0.0001659040   0.0003714511   0.0003191838
        0.0008818808   0.0003343134   0.0000756092   0.0000482167  -0.0001529845
       -0.0001958143   0.0001091307  -0.0000159604  -0.0000100920  -0.0000875662
       -0.0001447735   0.0000868338  -0.0031109615   0.0029904239  -0.0021435898
       -0.0000271961   0.0005859515   0.0009143306   0.0097522645  -0.0266672617
       -0.0131384700  -0.0194509410   0.0797126494   0.0805536681  -0.0016001483
       -0.0007784503   0.0002833876   0.0000338735  -0.0003227828  -0.0001683591
        0.0000782529  -0.0000423438  -0.0001116090  -0.0000232650   0.0000942544
       -0.0001189297  -0.0001479028   0.0000109013  -0.0001443247   0.0011954441
       -0.0000358479  -0.0006873113  -0.0002290105   0.0000148154  -0.0000324840
       -0.0000881429   0.0000280252   0.0000641311   0.0008876846  -0.0011862228
        0.0002546039   0.0028111997  -0.0243282050  -0.0089563635  -0.0566902826
        0.0529075803   0.0167555883  -0.0073066185   0.0166589346   0.0093105541
       -0.0021407526  -0.0003808489   0.0035388000   0.0000289289  -0.0000357038
       -0.0000116156   0.0000402258   0.0000742657   0.0000099335   0.0000261317
        0.0001304842   0.0000608745  -0.0002976737   0.0003198283  -0.0001407370
       -0.0000365546   0.0001209336   0.0001131740   0.0007321760  -0.0001672828
       -0.0002649876  -0.0039892152  -0.0036184479  -0.0016001483   0.0706158136
       -0.0584837754  -0.0226580788  -0.0045190533   0.0170180335   0.0032429283
       -0.0001599262   0.0006382445   0.0000778092   0.0004606882  -0.0000241845
       -0.0004381313  -0.0003765251   0.0008499337   0.0005974283  -0.0001603588
       -0.0001399624  -0.0000059347   0.0001622551  -0.0003816302   0.0000501717
        0.0001945318   0.0001184063   0.0001074418   0.0008999930   0.0007502298
        0.0003813044  -0.0006648876  -0.0205867716  -0.0074316309   0.0535542941
       -0.2324284800  -0.0657369559   0.0011684858  -0.0002181215  -0.0011400483
        0.0003655615   0.0009170683  -0.0003909013  -0.0000074348  -0.0000374185
        0.0000455518   0.0000270872   0.0000967450  -0.0000100948   0.0001441380
        0.0001157599   0.0001184906  -0.0004920919   0.0006804197  -0.0002011988
       -0.0000180405  -0.0001131401   0.0000383745   0.0002861176   0.0001072466
        0.0002553745  -0.0039367113  -0.0019437801  -0.0007784503  -0.0584837754
        0.2709722521   0.0775060101   0.0073727077  -0.0198360876  -0.0032027344
        0.0001627436   0.0006085761   0.0003879275  -0.0003162857   0.0003886772
       -0.0000090846   0.0000049121  -0.0000594684  -0.0001504327  -0.0000026370
        0.0001977192   0.0002440670  -0.0002587085   0.0002701675  -0.0000330099
        0.0000290527   0.0001100239   0.0000192860   0.0005681796  -0.0008254378
        0.0001378662   0.0002134927  -0.0089767807  -0.0024271292   0.0166908623
       -0.0660839882  -0.0676891792   0.0103789201  -0.0225057806  -0.0115934058
        0.0035344698   0.0006803869  -0.0036957044   0.0000499245   0.0000232643
        0.0000227008   0.0000062448   0.0000303354  -0.0000137883   0.0000577302
        0.0001221464   0.0000186907  -0.0005636647   0.0003086035  -0.0000125103
        0.0000204179  -0.0000692725  -0.0001445749   0.0002285300   0.0006386604
        0.0002836191  -0.0014513707  -0.0012146280   0.0002833876  -0.0226580788
        0.0775060101   0.0783144970  -0.0070240087   0.0217725424   0.0061559459
       -0.0003547901  -0.0001585070   0.0006410351  -0.0002167825  -0.0005612303
        0.0002109127   0.0005586584  -0.0012373068  -0.0005756589  -0.0000306788
        0.0002066763   0.0001180731  -0.0000371087   0.0002342824  -0.0000540634
       -0.0008858616   0.0005238646  -0.0011054445  -0.0042764972  -0.0032812144
       -0.0010852457  -0.0181666909   0.0097408140  -0.0202366496  -0.0944553160
        0.0542758878  -0.0800412049   0.0069392518  -0.0078959857   0.0140192151
        0.0005037147  -0.0007674863   0.0003176483   0.0000658351   0.0000480620
       -0.0000125822  -0.0003832832  -0.0001855409  -0.0000504170   0.0000310851
        0.0000270488  -0.0000006843   0.0002179133  -0.0003594312   0.0001672087
       -0.0000342620  -0.0000633639   0.0002267002  -0.0000480663   0.0005672520
       -0.0002358194   0.0006372471   0.0003175692   0.0000338735  -0.0045190533
        0.0073727077  -0.0070240087   0.1151752089  -0.0596837060   0.0912460311
        0.0007362859  -0.0001373541   0.0003760905  -0.0014487468  -0.0005568236
        0.0036996955  -0.0000224926  -0.0000920232  -0.0000619976  -0.0001269517
        0.0000267571  -0.0001658090   0.0000606797   0.0001229659  -0.0000666000
       -0.0005123575   0.0003487421  -0.0004277044  -0.0021490328  -0.0008160372
       -0.0004727048  -0.0086462039   0.0061243412  -0.0102651245   0.0544111884
       -0.0979879909   0.0788116258   0.0007340246  -0.0021338345   0.0055738884
       -0.0001375835   0.0008618589  -0.0010538932   0.0000749469   0.0000219465
       -0.0000318442  -0.0002089321  -0.0000766271  -0.0000655635   0.0000646964
        0.0000962379   0.0000326001  -0.0002088712   0.0001333678  -0.0000044931
        0.0000216151  -0.0000414096  -0.0001345388   0.0003279198   0.0004197414
       -0.0003488829  -0.0001953883   0.0005238328  -0.0003227828   0.0170180335
       -0.0198360876   0.0217725424  -0.0596837060   0.1121193721  -0.0939081561
       -0.0000266700  -0.0002404318   0.0002223918  -0.0009848158   0.0005155453
        0.0008153978   0.0000693809  -0.0001464688  -0.0000658855  -0.0000388520
       -0.0001209597  -0.0000274648   0.0000706074   0.0002348612  -0.0000994075
       -0.0002977836   0.0003166466  -0.0004052531  -0.0017712462  -0.0013594857
        0.0004280037  -0.0076264779   0.0036570004  -0.0072253802  -0.0801779756
        0.0793830086  -0.1643257031  -0.0083915935   0.0143158539  -0.0253082904
       -0.0009797689   0.0006578974   0.0006752750  -0.0000202680   0.0000130234
        0.0000410844  -0.0001175025  -0.0000825240  -0.0000178973   0.0000213145
       -0.0000132606  -0.0000261835   0.0001197192  -0.0001709031   0.0000342284
        0.0001789957  -0.0000127665   0.0002660968   0.0005367678   0.0000534266
        0.0007965105   0.0001220424   0.0000313708  -0.0001683591   0.0032429283
       -0.0032027344   0.0061559459   0.0912460311  -0.0939081561   0.1925991259
       -0.0004238042  -0.0000587513   0.0006963981   0.0038831131   0.0010849723
       -0.0047142726  -0.0002314827   0.0000342694   0.0004405914   0.0000089761
        0.0000643829  -0.0000683894   0.0006780151  -0.0008032706   0.0001264686
        0.0000331374   0.0000173191   0.0000346988   0.0001041796  -0.0001717075
        0.0001244855  -0.0021709158  -0.0003201773   0.0039856394  -0.0207189544
       -0.0120754410  -0.0021851684  -0.1825744887  -0.0956408018  -0.0584838406
        0.0062073760   0.0039898506   0.0023833750   0.0000061894  -0.0000106461
        0.0000117725  -0.0000069156   0.0000303127  -0.0000391578   0.0000384003
        0.0000412941   0.0000285136  -0.0000117668  -0.0000432248   0.0000247980
        0.0001237677   0.0000318245   0.0002127885  -0.0010220900  -0.0006173282
       -0.0000662811   0.0001482782   0.0003564101   0.0000782529  -0.0001599262
        0.0001627436  -0.0003547901   0.0007362859  -0.0000266700  -0.0004238042
        0.2132239082   0.1102114336   0.0628777565  -0.0159207041  -0.0082258037
       -0.0093880483   0.0008578093   0.0004291572  -0.0000611761   0.0007355222
        0.0018712505   0.0009287157   0.0003709073  -0.0000097957   0.0003114703
        0.0001056840   0.0000407777  -0.0000561172   0.0001741834   0.0000638869
       -0.0000041675  -0.0006411536   0.0005842505   0.0012378854  -0.0064448846
       -0.0028154197  -0.0004417894  -0.0953439359  -0.1091055395  -0.0368480985
       -0.0201844748  -0.0212932160  -0.0127011091   0.0000248866   0.0000096840
        0.0000239089  -0.0000131525   0.0000226191  -0.0000312393   0.0000395382
        0.0000110883   0.0000078602  -0.0000441118   0.0000656828   0.0000344511
       -0.0001053584  -0.0001486083  -0.0000408595  -0.0003165341  -0.0002048630
       -0.0000209621   0.0002575974   0.0001646426  -0.0000423438   0.0006382445
        0.0006085761  -0.0001585070  -0.0001373541  -0.0002404318  -0.0000587513
        0.1102114336   0.1291450982   0.0461365938   0.0108749964   0.0076893959
        0.0050985083  -0.0004069126   0.0008892755   0.0002442664   0.0019504622
       -0.0059472662  -0.0024684838  -0.0006391537   0.0004603669   0.0000889544
        0.0000082745  -0.0000647784   0.0001574321  -0.0001666953  -0.0000626566
       -0.0001871476   0.0028405538   0.0004647166  -0.0031980159   0.0205366644
        0.0121186079   0.0036898705  -0.0583707966  -0.0365859827  -0.0660687894
       -0.0074250247  -0.0093245371  -0.0043906616  -0.0000898694  -0.0000182204
        0.0000338079   0.0000343566  -0.0000048937   0.0000259780   0.0000016668
        0.0000121427  -0.0000233694  -0.0000046989  -0.0000061937  -0.0000132700
        0.0000967710   0.0000616693   0.0002076515   0.0010236937   0.0006399530
        0.0000668964  -0.0000702210   0.0000189464  -0.0001116090   0.0000778092
        0.0003879275   0.0006410351   0.0003760905   0.0002223918   0.0006963981
        0.0628777565   0.0461365938   0.0788813954  -0.0225596211  -0.0115659992
       -0.0104331985  -0.0004241334  -0.0002313290  -0.0001081198   0.0010568020
       -0.0027868442  -0.0002029345   0.0001806215   0.0005884860   0.0003366505
        0.0000699663  -0.0000250339  -0.0001230475  -0.0010772864  -0.0002659796
        0.0005755913   0.0006391410   0.0000646803  -0.0001217290   0.0078208850
       -0.0085543399   0.0141135805  -0.0926180001   0.0512022050  -0.0796855076
       -0.0055488554   0.0084917095  -0.0070319123   0.0000791512   0.0000478342
       -0.0000172429  -0.0000044799   0.0000185396  -0.0000146906   0.0000371026
        0.0000249085   0.0000031662  -0.0001613977   0.0001790683   0.0001953230
       -0.0016203138  -0.0008883506  -0.0006119063   0.0000162072   0.0001654147
       -0.0001459508  -0.0000215207   0.0000025177  -0.0000232650   0.0004606882
       -0.0003162857  -0.0002167825  -0.0014487468  -0.0009848158   0.0038831131
       -0.0159207041   0.0108749964  -0.0225596211   0.1090105760  -0.0616208459
        0.0905880223  -0.0002117007   0.0000214674  -0.0001978390   0.0006402881
       -0.0007551847   0.0001797553  -0.0001410001   0.0023174945   0.0012109429
        0.0000897452   0.0000072151  -0.0001602210  -0.0001508328   0.0001189839
        0.0005728177   0.0004263809  -0.0000453221   0.0002182384   0.0014879610
       -0.0022715542   0.0057163580   0.0508152330  -0.0997383943   0.0843187737
        0.0156205084  -0.0193177996   0.0187206063   0.0001160088   0.0000360549
       -0.0000495426  -0.0000035286   0.0000329906  -0.0000230594  -0.0000045104
       -0.0000532926   0.0000099417   0.0000846735   0.0000590084  -0.0001649163
       -0.0008960751   0.0001493864  -0.0006821761   0.0001224748  -0.0000099093
       -0.0001964227   0.0000445953  -0.0001598077   0.0000942544  -0.0000241845
        0.0003886772  -0.0005612303  -0.0005568236   0.0005155453   0.0010849723
       -0.0082258037   0.0076893959  -0.0115659992  -0.0616208459   0.1172297647
       -0.0965451903  -0.0001407497   0.0005030029   0.0002375224   0.0000178202
        0.0006910173   0.0008279425   0.0027979532  -0.0058249628  -0.0018526696
       -0.0000439806  -0.0001426310   0.0000171090  -0.0003813736  -0.0000380753
        0.0000584091  -0.0007157607  -0.0000393857   0.0006035987  -0.0079339884
        0.0131924656  -0.0236838787  -0.0797891676   0.0844370614  -0.1687176034
        0.0036036531  -0.0040364706   0.0063162776  -0.0000854814  -0.0000265297
        0.0000059659   0.0000034115  -0.0000340300   0.0000435025  -0.0000610359
       -0.0000457005  -0.0000159955   0.0003386439  -0.0002802753  -0.0001205744
       -0.0002511904  -0.0000097898   0.0009875561  -0.0003039874  -0.0001330113
        0.0001836359  -0.0000386619  -0.0000688562  -0.0001189297  -0.0004381313
       -0.0000090846   0.0002109127   0.0036996955   0.0008153978  -0.0047142726
       -0.0093880483   0.0050985083  -0.0104331985   0.0905880223  -0.0965451903
        0.1978829251  -0.0000751505  -0.0001647519   0.0004652538   0.0003573989
        0.0000049554   0.0005533939   0.0009151328  -0.0019746063   0.0004759124
        0.0000195537   0.0000135229  -0.0000242662   0.0000045039  -0.0000207146
        0.0001238852   0.0000664600   0.0000497575   0.0001628432  -0.0004109262
        0.0025371698   0.0006280788  -0.0091091482   0.0004663553   0.0099173101
       -0.1599855638  -0.0295542818   0.1154880893   0.0000345631   0.0000096798
       -0.0000064833  -0.0000431884   0.0000271461  -0.0000319106   0.0000469211
        0.0000089005   0.0000237772   0.0000089969   0.0000004536  -0.0000219649
       -0.0000524047  -0.0000552043   0.0000697400   0.0000806935   0.0001116258
       -0.0000551907   0.0001458952   0.0002086294  -0.0001479028  -0.0003765251
        0.0000049121   0.0005586584  -0.0000224926   0.0000693809  -0.0002314827
        0.0008578093  -0.0004069126  -0.0004241334  -0.0002117007  -0.0001407497
       -0.0000751505   0.1832468829   0.0328799925  -0.1360598324  -0.0225458177
       -0.0082291709   0.0181779256   0.0082454878   0.0020195077  -0.0080719901
        0.0000248738   0.0000224805   0.0000040929   0.0000532866   0.0000449843
       -0.0000034062  -0.0001928112  -0.0001907862   0.0000950709   0.0019817901
       -0.0044830386  -0.0019105442   0.0192110534   0.0013146223  -0.0199478292
       -0.0294554781  -0.0492202650   0.0300501201  -0.0000148861  -0.0000086100
        0.0000073026  -0.0000145231   0.0000066766  -0.0000054695   0.0000282918
        0.0000213389   0.0000135700  -0.0000848654   0.0000667693  -0.0000121066
       -0.0000011399  -0.0000516866   0.0000279871  -0.0000149205   0.0001102792
        0.0000744072   0.0000810941   0.0001876437   0.0000109013   0.0008499337
       -0.0000594684  -0.0012373068  -0.0000920232  -0.0001464688   0.0000342694
        0.0004291572   0.0008892755  -0.0002313290   0.0000214674   0.0005030029
       -0.0001647519   0.0328799925   0.0585615278  -0.0324654820  -0.0139500337
       -0.0037598571   0.0116462744  -0.0117402594  -0.0038084204   0.0140142295
       -0.0000293108  -0.0000161330   0.0000258374  -0.0000065379   0.0000325724
       -0.0000573320  -0.0002172987  -0.0000433020   0.0001184702   0.0010723688
       -0.0029826250  -0.0004109779   0.0097695810  -0.0008513842  -0.0098847782
        0.1152695720   0.0301283266  -0.1612613768  -0.0000212052   0.0000004592
       -0.0000082818   0.0000353983  -0.0000190871   0.0000355718   0.0000041459
        0.0000270478  -0.0000086225  -0.0000229104  -0.0000063639   0.0000132568
        0.0000663853  -0.0000386592   0.0000462999  -0.0001033847   0.0000380257
        0.0000714943  -0.0000633888  -0.0000807821  -0.0001443247   0.0005974283
       -0.0001504327  -0.0005756589  -0.0000619976  -0.0000658855   0.0004405914
       -0.0000611761   0.0002442664  -0.0001081198  -0.0001978390   0.0002375224
        0.0004652538  -0.1360598324  -0.0324654820   0.1852623551  -0.0078408729
       -0.0019620375   0.0081495044   0.0178708749   0.0079739537  -0.0221691628
       -0.0000654372  -0.0000047173  -0.0000074663  -0.0001105875   0.0001586982
        0.0000933539  -0.0006929053   0.0004304836   0.0006659419   0.0002184569
       -0.0001182896  -0.0000997460   0.0074583007   0.0029377936   0.0027624728
       -0.1795178769  -0.0948445010  -0.0744315320   0.0000168820  -0.0000188098
       -0.0000026109   0.0000168214  -0.0000183674  -0.0000059519  -0.0000719017
       -0.0000504023  -0.0000054237   0.0000496664   0.0000015630  -0.0000942092
        0.0000139002   0.0001800582  -0.0000949050   0.0000637947  -0.0000386296
       -0.0000001782  -0.0007185346   0.0000840526   0.0011954441  -0.0001603588
       -0.0000026370  -0.0000306788  -0.0001269517  -0.0000388520   0.0000089761
        0.0007355222   0.0019504622   0.0010568020   0.0006402881   0.0000178202
        0.0003573989  -0.0225458177  -0.0139500337  -0.0078408729   0.2079031755
        0.1100177321   0.0847722321  -0.0131064370  -0.0066934240  -0.0082990468
       -0.0000381622   0.0000032047   0.0000906699   0.0002089517   0.0000167745
       -0.0002974207  -0.0000634561   0.0001114027  -0.0000161123  -0.0004443858
        0.0005514301   0.0003327590  -0.0196551831  -0.0196265230  -0.0132171189
       -0.0948261076  -0.1084366005  -0.0499668148  -0.0000887495  -0.0000442247
        0.0000410575  -0.0000089521  -0.0000236661   0.0000021126   0.0000195868
        0.0001051856   0.0000081613  -0.0001282010   0.0000617671   0.0001223084
        0.0002898917  -0.0003354496   0.0003890519  -0.0000685442   0.0000264747
        0.0001470483   0.0001011344   0.0008688448  -0.0000358479  -0.0001399624
        0.0001977192   0.0002066763   0.0000267571  -0.0001209597   0.0000643829
        0.0018712505  -0.0059472662  -0.0027868442  -0.0007551847   0.0006910173
        0.0000049554  -0.0082291709  -0.0037598571  -0.0019620375   0.1100177321
        0.1274374359   0.0600660977   0.0119107552   0.0082232904   0.0068069152
        0.0000002549  -0.0000023179  -0.0000253824   0.0000922387  -0.0000119837
        0.0001852707   0.0003363645  -0.0007716979  -0.0002729634  -0.0004502739
       -0.0001418508   0.0001083473  -0.0080085425  -0.0084375603  -0.0051096684
       -0.0745286635  -0.0502960329  -0.0847438350   0.0000121118  -0.0000094356
       -0.0000174364  -0.0000746759   0.0000280038  -0.0000303949   0.0000474645
        0.0000586846   0.0000703557  -0.0000912484   0.0001186699  -0.0000823364
        0.0000245746  -0.0000303615   0.0001653985  -0.0001423354   0.0002617244
        0.0001057788   0.0015232093   0.0006266788  -0.0006873113  -0.0000059347
        0.0002440670   0.0001180731  -0.0001658090  -0.0000274648  -0.0000683894
        0.0009287157  -0.0024684838  -0.0002029345   0.0001797553   0.0008279425
        0.0005533939   0.0181779256   0.0116462744   0.0081495044   0.0847722321
        0.0600660977   0.0948286961  -0.0226273637  -0.0116809541  -0.0130441666
        0.0000098774  -0.0000347703   0.0000548993   0.0000299102  -0.0000393290
       -0.0001200928  -0.0001100095   0.0001675917   0.0000750554   0.0001857397
        0.0002671662  -0.0009390868  -0.0056551164   0.0090536686  -0.0074579040
       -0.0845995970   0.0496139509  -0.0731096745  -0.0000314813   0.0000011250
        0.0000295812   0.0000556491  -0.0000099635   0.0000240546   0.0000083317
        0.0000099717  -0.0000313932   0.0000685269  -0.0000876332   0.0000596456
        0.0000966667  -0.0000789725   0.0001178034  -0.0000083350  -0.0000539606
        0.0000334485  -0.0004344202  -0.0001334437  -0.0002290105   0.0001622551
       -0.0002587085  -0.0000371087   0.0000606797   0.0000706074   0.0006780151
        0.0003709073  -0.0006391537   0.0001806215  -0.0001410001   0.0027979532
        0.0009151328   0.0082454878  -0.0117402594   0.0178708749  -0.0131064370
        0.0119107552  -0.0226273637   0.0947923647  -0.0608165959   0.0845125019
       -0.0000286298   0.0000306399  -0.0000396044   0.0000213465   0.0000116582
        0.0000552099   0.0000056779  -0.0000725622  -0.0000198974  -0.0005254717
        0.0008194594   0.0008741622   0.0143170007  -0.0198632474   0.0194867283
        0.0497072842  -0.1088860928   0.0940789408   0.0000209752   0.0000073850
       -0.0000227343  -0.0000331890  -0.0000112588  -0.0000072070   0.0000233633
        0.0000406947   0.0000114997  -0.0001004645   0.0000506249   0.0000548353
        0.0000066864  -0.0001135513  -0.0001210830  -0.0000425379   0.0000262218
       -0.0000126010   0.0000694364   0.0002107873   0.0000148154  -0.0003816302
        0.0002701675   0.0002342824   0.0001229659   0.0002348612  -0.0008032706
       -0.0000097957   0.0004603669   0.0005884860   0.0023174945  -0.0058249628
       -0.0019746063   0.0020195077  -0.0038084204   0.0079739537  -0.0066934240
        0.0082232904  -0.0116809541  -0.0608165959   0.1281939383  -0.1086909555
        0.0000333687   0.0000222054   0.0000164343   0.0000709283  -0.0000112820
       -0.0001256398  -0.0000240977   0.0000941206  -0.0000772226   0.0003727634
       -0.0007691971   0.0011082322   0.0030071592  -0.0029888140   0.0069438179
       -0.0729112045   0.0936126881  -0.1774948229  -0.0000308303  -0.0000076137
        0.0000378903   0.0000099680  -0.0000038038  -0.0000093102   0.0000045080
       -0.0000040664  -0.0000248500   0.0000009542  -0.0000099726   0.0000490235
        0.0000447595  -0.0000728097   0.0000340670   0.0000151914  -0.0000594922
        0.0000223291  -0.0002409182  -0.0000360191  -0.0000324840   0.0000501717
       -0.0000330099  -0.0000540634  -0.0000666000  -0.0000994075   0.0001264686
        0.0003114703   0.0000889544   0.0003366505   0.0012109429  -0.0018526696
        0.0004759124  -0.0080719901   0.0140142295  -0.0221691628  -0.0082990468
        0.0068069152  -0.0130441666   0.0845125019  -0.1086909555   0.2038808965
