           1           2   1.01881009087052     
           2           3   1.00897995105226     
           3           4   1.00719036192831     
           4           5   1.00763300742652     
           5           6   1.02002990747647     
           1           7  0.987949380212114     
           1           8  0.987722700917346     
           1           9  0.988151474691312     
           2          10  0.978544992940060     
           2          11  0.976601903671206     
           3          12  0.976991527793741     
           3          13  0.975452498651538     
           4          14  0.977730727169815     
           4          15  0.977506137423803     
           5          16  0.978590839721954     
           5          17  0.976536435892550     
           6          18  0.987661077873432     
           6          19  0.986004601994009     
           6          20  0.987769604123996     
