   -0.10107440
   -0.05153356
   -0.05779159
   -0.05785518
   -0.05856847
   -0.05816376
   -0.05731898
   -0.05705830
   -0.05814640
   -0.05246329
   -0.10152418
    0.03122628
    0.03123071
    0.03155913
    0.03151353
    0.02745577
    0.03032816
    0.02737233
    0.02716446
    0.02711092
    0.02549278
    0.03669100
    0.03589206
    0.02547967
    0.02733628
    0.02699549
    0.02885124
    0.02592968
    0.02850238
    0.03446923
    0.02685052
    0.02656168
    0.03330145
    0.03264352
    0.03153986
