           1           2   1.01888218394833     
           2           3   1.00889785457201     
           3           4   1.00700325888544     
           4           5   1.00667980909288     
           5           6   1.00950413509276     
           6           7   1.00667147337712     
           7           8   1.00641113031648     
           8           9   1.00820907129174     
           9          10   1.00753360859022     
          10          11   1.01902320072769     
           1          12  0.987667307715462     
           1          13  0.987955964864685     
           1          14  0.988097979461365     
           2          15  0.973938753754278     
           2          16  0.978393185796597     
           3          17  0.974752855945282     
           3          18  0.976908819797560     
           4          19  0.977422871039791     
           4          20  0.977636044743039     
           5          21  0.977488953193134     
           5          22  0.971217324941457     
           6          23  0.971596293666706     
           6          24  0.977304428638423     
           7          25  0.977945275905055     
           7          26  0.977611839338257     
           8          27  0.975396536404643     
           8          28  0.976982217910772     
           9          29  0.977557555385010     
           9          30  0.972807214014586     
          10          31  0.978650055796382     
          10          32  0.978775538382867     
          11          33  0.987902774686767     
          11          34  0.988106699568881     
          11          35  0.987637439458813     
