           1           2   1.01912054866135     
           2           3   1.00779037660098     
           3           4   1.00695415680893     
           4           5   1.00797544602200     
           5           6   1.00597488741653     
           6           7   1.00799241999155     
           7           8   1.00655985156147     
           8           9   1.00785247954834     
           9          10   1.00611727448865     
          10          11   1.00819650898668     
          11          12   1.00765144675451     
          12          13   1.01916029546538     
           1          14  0.987553933015516     
           1          15  0.988006593910401     
           1          16  0.988018683083590     
           2          17  0.978662446274653     
           2          18  0.978612787888212     
           3          19  0.977415784263997     
           3          20  0.977591384111502     
           4          21  0.975553245028279     
           4          22  0.977278144539483     
           5          23  0.977171425161885     
           5          24  0.977374572692625     
           6          25  0.977196532912378     
           6          26  0.977235849740483     
           7          27  0.977487783478002     
           7          28  0.975333218855961     
           8          29  0.975772937882559     
           8          30  0.977258792924513     
           9          31  0.977564726028840     
           9          32  0.977028991625234     
          10          33  0.977289898972497     
          10          34  0.977171513562934     
          11          35  0.975697866000999     
          11          36  0.977361644828452     
          12          37  0.978555247249519     
          12          38  0.978690302184152     
          13          39  0.988035414582440     
          13          40  0.987986124323566     
          13          41  0.987577924819341     
