$hessian                                                                        
        0.4992578598  -0.0110662090  -0.0307216819  -0.1092666813  -0.0224681498
       -0.0593841668  -0.0212405009  -0.0035914262  -0.0213215036   0.0005458659
        0.0000275570   0.0001252521  -0.0859269519  -0.0276026429   0.0888513752
       -0.0486646649  -0.0318987339   0.0017117439  -0.2312411518   0.0968202928
        0.0211904544  -0.0046991591  -0.0045248555  -0.0067849918   0.0063190226
        0.0031343313   0.0078114598   0.0010236517  -0.0011365046   0.0000785634
       -0.0050882957   0.0023565811  -0.0008669265   0.0000475498  -0.0001224305
       -0.0002584318  -0.0008791913   0.0001194815  -0.0003526936  -0.0001873529
       -0.0000472913  -0.0000784528
       -0.0110662090   0.5199953433  -0.0142315719  -0.0220569520  -0.0775604665
       -0.0278755939   0.0072807523   0.0031946135   0.0094566243   0.0000277507
        0.0000812206   0.0000365338  -0.0276376948  -0.0637362224   0.0578742161
       -0.0321861291  -0.2782342273   0.0021592521   0.0970081813  -0.0947445985
       -0.0093356068  -0.0185839519  -0.0119201025  -0.0244222372   0.0029152493
        0.0025083408   0.0045622957   0.0009478643   0.0009449043   0.0009452162
        0.0032982983  -0.0007325211   0.0006671184   0.0000880003   0.0000704770
        0.0000810359  -0.0001380151   0.0001645228   0.0001306961   0.0001028555
       -0.0000312840  -0.0000479789
       -0.0307216819  -0.0142315719   0.4900472268  -0.0577078111  -0.0280692800
       -0.1475911053  -0.0060841490   0.0015440031  -0.0013102333  -0.0001256567
       -0.0000368335   0.0001531444   0.0887369443   0.0581464233  -0.2234259928
        0.0017384561   0.0024250507  -0.0442315426   0.0211792870  -0.0092930981
       -0.0447123057  -0.0025656118  -0.0027725316  -0.0019205401  -0.0156049333
       -0.0073435969  -0.0283112488   0.0005765046  -0.0001748723   0.0003313273
       -0.0001368683   0.0000074118   0.0009024311   0.0001417835   0.0000535135
       -0.0000054307   0.0005604211  -0.0003357930   0.0000306890   0.0000133155
        0.0000811750   0.0000435807
       -0.1092666813  -0.0220569520  -0.0577078111   0.4690794356   0.0202585389
       -0.0215583701  -0.1600314354   0.0538263658  -0.0012442627  -0.0212351747
        0.0072810794   0.0060896414   0.0074762548   0.0031226304   0.0074396564
       -0.0043907095  -0.0046628626  -0.0055684415  -0.0204798197  -0.0060143189
       -0.0224890420  -0.0490509681  -0.0377834535   0.0034596735  -0.0929576298
       -0.0251972272   0.0933040861   0.0007834400   0.0021904334   0.0001276663
       -0.0190687550   0.0091222172  -0.0036058460  -0.0020588695  -0.0007155441
        0.0030398767   0.0005321417   0.0000283855  -0.0006480338   0.0006687711
        0.0006007077  -0.0006387933
       -0.0224681498  -0.0775604665  -0.0280692800   0.0202585389   0.5198702795
       -0.0153904853   0.0538208973  -0.0986887610   0.0002977419  -0.0035996000
        0.0032011885  -0.0015437230   0.0044019925   0.0023812916   0.0052402493
       -0.0190355797  -0.0124362053  -0.0245201756   0.0083447942   0.0034011234
        0.0097255981  -0.0374115177  -0.2651280262   0.0094066629  -0.0251355590
       -0.0579674340   0.0434837711   0.0275079466  -0.0209983477   0.0001933311
       -0.0037113402   0.0027850003  -0.0004032977  -0.0015623805   0.0002373276
        0.0013690165   0.0000557747   0.0001356576  -0.0001877160  -0.0014658172
        0.0007673722   0.0003983067
       -0.0593841668  -0.0278755939  -0.1475911053  -0.0215583701  -0.0153904853
        0.5011056772   0.0012742479  -0.0003147317  -0.0653078719   0.0213206601
       -0.0094581665  -0.0013183286  -0.0150353501  -0.0067067466  -0.0271136665
       -0.0023519865  -0.0037994569  -0.0018172461  -0.0018899922   0.0004627234
       -0.0005266241   0.0032113265   0.0089879333  -0.0451326687   0.0934528290
        0.0433393190  -0.2075483459   0.0005806936  -0.0007488480   0.0007184812
       -0.0232186700   0.0117606612  -0.0028543774   0.0037106861   0.0007945444
       -0.0035058019   0.0000047130  -0.0004766442   0.0002853321  -0.0001166205
       -0.0005745083   0.0006065459
       -0.0212405009   0.0072807523  -0.0060841490  -0.1600314354   0.0538208973
        0.0012742479   0.4690987610   0.0202550634   0.0215681291  -0.1092639822
       -0.0220815731   0.0576976525   0.0005308572   0.0000281387   0.0006459778
        0.0006693226   0.0006020815   0.0006400708  -0.0020596652  -0.0007129145
       -0.0030415385   0.0007850529   0.0021894660  -0.0001269472  -0.0190687256
        0.0091202044   0.0036118965  -0.0490529213  -0.0377896185  -0.0034761359
       -0.0929742143  -0.0251543171  -0.0933250015  -0.0204724096  -0.0060184037
        0.0224827259   0.0074845659   0.0031309389  -0.0074503743  -0.0044047050
       -0.0046707155   0.0055834460
       -0.0035914262   0.0031946135   0.0015440031   0.0538263658  -0.0986887610
       -0.0003147317   0.0202550634   0.5198401086   0.0153967912  -0.0224940764
       -0.0775847862   0.0281020789   0.0000557294   0.0001344602   0.0001878010
       -0.0014678667   0.0007685066  -0.0003992367  -0.0015622696   0.0002371849
       -0.0013678168   0.0275084928  -0.0209956834  -0.0002055824  -0.0037218061
        0.0027903361   0.0004061966  -0.0374166349  -0.2651096391  -0.0095021071
       -0.0250928071  -0.0579253231  -0.0434093847   0.0083572228   0.0034085382
       -0.0097420694   0.0043816944   0.0023758531  -0.0052092285  -0.0190376817
       -0.0124454085   0.0245132866
       -0.0213215036   0.0094566243  -0.0013102333  -0.0012442627   0.0002977419
       -0.0653078719   0.0215681291   0.0153967912   0.5011207006   0.0593751632
        0.0279084612  -0.1475776174  -0.0000046360   0.0004758183   0.0002838679
        0.0001154017   0.0005753086   0.0006082821  -0.0037098408  -0.0007923143
       -0.0035055362  -0.0005693063   0.0007390225   0.0007190129   0.0232191059
       -0.0117584531  -0.0028617391  -0.0032292623  -0.0090848293  -0.0451430460
       -0.0934721703  -0.0432669512  -0.2075731218   0.0019039615  -0.0004571057
       -0.0005419896   0.0150340264   0.0067207991  -0.0271162135   0.0023351942
        0.0037890865  -0.0017944945
        0.0005458659   0.0000277507  -0.0001256567  -0.0212351747  -0.0035996000
        0.0213206601  -0.1092639822  -0.0224940764   0.0593751632   0.4992587342
       -0.0110679952   0.0307211416  -0.0008789084   0.0001189562   0.0003528977
       -0.0001871558  -0.0000473464   0.0000779720   0.0000475821  -0.0001228401
        0.0002581264   0.0010241679  -0.0011357416  -0.0000794744  -0.0050879834
        0.0023564591   0.0008683570  -0.0047042067  -0.0045302454   0.0067864284
        0.0063231319   0.0031364996  -0.0078157684  -0.2310800117   0.0969647610
       -0.0210130318  -0.0860377407  -0.0275100121  -0.0889803896  -0.0487243183
       -0.0320965694  -0.0017464257
        0.0000275570   0.0000812206  -0.0000368335   0.0072810794   0.0032011885
       -0.0094581665  -0.0220815731  -0.0775847862   0.0279084612  -0.0110679952
        0.5199903105   0.0142358126  -0.0001373725   0.0001638515  -0.0001308232
        0.0001028250  -0.0000311087   0.0000479687   0.0000880151   0.0000707857
       -0.0000807154   0.0009461648   0.0009453653  -0.0009435003   0.0032994193
       -0.0007321673  -0.0006684912  -0.0185836872  -0.0119323124   0.0244189115
        0.0029059421   0.0025049340  -0.0045436675   0.0971504513  -0.0949340628
        0.0092664157  -0.0275450616  -0.0635670033  -0.0576183190  -0.0323857645
       -0.2781762154  -0.0023970532
        0.0001252521   0.0000365338   0.0001531444   0.0060896414  -0.0015437230
       -0.0013183286   0.0576976525   0.0281020789  -0.1475776174   0.0307211416
        0.0142358126   0.4900594553  -0.0005597430   0.0003359605   0.0000305183
       -0.0000134607  -0.0000812836   0.0000435235  -0.0001418822  -0.0000536098
       -0.0000058631  -0.0005752523   0.0001748679   0.0003306531   0.0001384785
       -0.0000086060   0.0009020586   0.0025575081   0.0027669101  -0.0019048365
        0.0156035956   0.0073587195  -0.0283117546  -0.0210030355   0.0092236502
       -0.0446796046  -0.0888678396  -0.0578871435  -0.2234879652  -0.0017720565
       -0.0026601676  -0.0442333833
       -0.0859269519  -0.0276376948   0.0887369443   0.0074762548   0.0044019925
       -0.0150353501   0.0005308572   0.0000557294  -0.0000046360  -0.0008789084
       -0.0001373725  -0.0005597430   0.1000899049   0.0326690110  -0.1020737557
       -0.0020660354  -0.0024265742   0.0047257205  -0.0168397758  -0.0071207953
        0.0273303713   0.0005648983   0.0004703545   0.0001319465  -0.0012329033
       -0.0007219961  -0.0037544766  -0.0000457464   0.0000114390   0.0000263865
       -0.0000304752  -0.0000651079   0.0002169193   0.0001728913   0.0000249432
        0.0001364396  -0.0017248530   0.0006692435   0.0002147819  -0.0000891570
       -0.0001931724  -0.0000915486
       -0.0276026429  -0.0637362224   0.0581464233   0.0031226304   0.0023812916
       -0.0067067466   0.0000281387   0.0001344602   0.0004758183   0.0001189562
        0.0001638515   0.0003359605   0.0326690110   0.0694346934  -0.0658258231
       -0.0159477270  -0.0132884166   0.0295175865   0.0077985454   0.0041156596
       -0.0127197686   0.0003797039   0.0004625608  -0.0007300985  -0.0009208477
        0.0004899123  -0.0019487416  -0.0001082162  -0.0001606415   0.0001070161
       -0.0000026428  -0.0000809861  -0.0000690325  -0.0000443164  -0.0000989592
       -0.0001290960   0.0006697077   0.0003161866  -0.0002616492  -0.0001603004
       -0.0001333903  -0.0001918485
        0.0888513752   0.0578742161  -0.2234259928   0.0074396564   0.0052402493
       -0.0271136665   0.0006459778   0.0001878010   0.0002838679   0.0003528977
       -0.0001308232   0.0000305183  -0.1020737557  -0.0658258231   0.2606180280
        0.0023537472   0.0030155356  -0.0025077833   0.0054405809   0.0011883125
       -0.0053894130   0.0005711572   0.0002676759   0.0007621969  -0.0036795682
       -0.0017621847  -0.0046467048   0.0000461655   0.0000114366  -0.0001419741
        0.0003029174   0.0000127764   0.0002919730   0.0001538970  -0.0001202784
        0.0001408551  -0.0002143969   0.0002607812   0.0010741048  -0.0001906515
       -0.0002196751   0.0000239906
       -0.0486646649  -0.0321861291   0.0017384561  -0.0043907095  -0.0190355797
       -0.0023519865   0.0006693226  -0.0014678667   0.0001154017  -0.0001871558
        0.0001028250  -0.0000134607  -0.0020660354  -0.0159477270   0.0023537472
        0.0544530038   0.0385727154   0.0013143123   0.0018423042   0.0304604524
       -0.0002404745  -0.0019347417  -0.0016356499  -0.0035409244   0.0003554127
        0.0003595829   0.0005600424  -0.0003459675   0.0005552948  -0.0003089941
        0.0002138891   0.0001459197   0.0001829575  -0.0000081116   0.0000380275
       -0.0000005405  -0.0000892300  -0.0001606740   0.0001909072   0.0001526841
        0.0001988088   0.0000005563
       -0.0318987339  -0.2782342273   0.0024250507  -0.0046628626  -0.0124362053
       -0.0037994569   0.0006020815   0.0007685066   0.0005753086  -0.0000473464
       -0.0000311087  -0.0000812836  -0.0024265742  -0.0132884166   0.0030155356
        0.0385727154   0.3223145498  -0.0005891945   0.0008059162  -0.0202927390
        0.0004326245  -0.0013431385   0.0000807122  -0.0025079238   0.0003817716
        0.0003556116   0.0001641113  -0.0003491152   0.0006534232  -0.0000459280
        0.0003448729   0.0000712049   0.0001685843   0.0000152304   0.0000609319
        0.0000241502  -0.0001938263  -0.0001342479   0.0002201347   0.0001990091
        0.0001120044  -0.0000017132
        0.0017117439   0.0021592521  -0.0442315426  -0.0055684415  -0.0245201756
       -0.0018172461   0.0006400708  -0.0003992367   0.0006082821   0.0000779720
        0.0000479687   0.0000435235   0.0047257205   0.0295175865  -0.0025077833
        0.0013143123  -0.0005891945   0.0502046921   0.0002511778  -0.0039501769
        0.0007203474  -0.0034632650  -0.0022186103  -0.0036510206   0.0001109201
       -0.0005691314   0.0005818028  -0.0002318553   0.0003518292   0.0001158126
        0.0002952844  -0.0000129558   0.0000949435   0.0000450851  -0.0000110232
       -0.0000159113   0.0000916252   0.0001917718   0.0000241761  -0.0000003503
        0.0000020961  -0.0001700763
       -0.2312411518   0.0970081813   0.0211792870  -0.0204798197   0.0083447942
       -0.0018899922  -0.0020596652  -0.0015622696  -0.0037098408   0.0000475821
        0.0000880151  -0.0001418822  -0.0168397758   0.0077985454   0.0054405809
        0.0018423042   0.0008059162   0.0002511778   0.2684539167  -0.1126800403
       -0.0214993284   0.0000675414  -0.0000608847   0.0004304226   0.0008174811
        0.0002731683   0.0003560491   0.0002081955  -0.0004155302   0.0000263647
       -0.0010989399   0.0004521492  -0.0001897345   0.0001173788  -0.0000230765
       -0.0000539132   0.0001728583  -0.0000442313  -0.0001540353  -0.0000079057
        0.0000152630  -0.0000451555
        0.0968202928  -0.0947445985  -0.0092930981  -0.0060143189   0.0034011234
        0.0004627234  -0.0007129145   0.0002371849  -0.0007923143  -0.0001228401
        0.0000707857  -0.0000536098  -0.0071207953   0.0041156596   0.0011883125
        0.0304604524  -0.0202927390  -0.0039501769  -0.1126800403   0.1062909425
        0.0120861056  -0.0004128667   0.0003967589  -0.0000107403   0.0000893167
        0.0000703201   0.0003552829  -0.0001414835   0.0002046545  -0.0001064299
       -0.0002050594   0.0003020169  -0.0000174850  -0.0000230581  -0.0000137584
        0.0000000898   0.0000252844  -0.0000993940   0.0001201482   0.0000380306
        0.0000610433   0.0000111918
        0.0211904544  -0.0093356068  -0.0447123057  -0.0224890420   0.0097255981
       -0.0005266241  -0.0030415385  -0.0013678168  -0.0035055362   0.0002581264
       -0.0000807154  -0.0000058631   0.0273303713  -0.0127197686  -0.0053894130
       -0.0002404745   0.0004326245   0.0007203474  -0.0214993284   0.0120861056
        0.0524282968   0.0002096617   0.0002882994   0.0004140074  -0.0005504402
        0.0004698734   0.0006239775   0.0001384763  -0.0001453942  -0.0001148997
       -0.0012244584   0.0005418349  -0.0002146546   0.0000539553  -0.0000002093
        0.0001571746  -0.0001363677   0.0001290331   0.0001411013   0.0000006044
       -0.0000238580  -0.0000156087
       -0.0046991591  -0.0185839519  -0.0025656118  -0.0490509681  -0.0374115177
        0.0032113265   0.0007850529   0.0275084928  -0.0005693063   0.0010241679
        0.0009461648  -0.0005752523   0.0005648983   0.0003797039   0.0005711572
       -0.0019347417  -0.0013431385  -0.0034632650   0.0000675414  -0.0004128667
        0.0002096617   0.0603266326   0.0424365927  -0.0002463677  -0.0027991464
       -0.0168650845   0.0031255300  -0.0046566697   0.0038027539   0.0000856489
        0.0005556874   0.0001414847   0.0001706105   0.0002081795  -0.0001418463
       -0.0001386634  -0.0000457544  -0.0001079195  -0.0000460371  -0.0003457205
       -0.0003488679   0.0002305687
       -0.0045248555  -0.0119201025  -0.0027725316  -0.0377834535  -0.2651280262
        0.0089879333   0.0021894660  -0.0209956834   0.0007390225  -0.0011357416
        0.0009453653   0.0001748679   0.0004703545   0.0004625608   0.0002676759
       -0.0016356499   0.0000807122  -0.0022186103  -0.0000608847   0.0003967589
        0.0002882994   0.0424365927   0.3086943104  -0.0092575852  -0.0036406247
       -0.0117709713   0.0034738424   0.0038022812  -0.0017290638   0.0003346056
       -0.0002686314   0.0002674480   0.0001998761  -0.0004154972   0.0002047864
        0.0001455084   0.0000114810  -0.0001609782  -0.0000121359   0.0005551629
        0.0006528832  -0.0003507684
       -0.0067849918  -0.0244222372  -0.0019205401   0.0034596735   0.0094066629
       -0.0451326687  -0.0001269472  -0.0002055824   0.0007190129  -0.0000794744
       -0.0009435003   0.0003306531   0.0001319465  -0.0007300985   0.0007621969
       -0.0035409244  -0.0025079238  -0.0036510206   0.0004304226  -0.0000107403
        0.0004140074  -0.0002463677  -0.0092575852   0.0518650115   0.0066666853
        0.0285539902  -0.0037599101  -0.0000837821  -0.0003362300   0.0005798240
       -0.0000815708   0.0004079790  -0.0000659328  -0.0000265963   0.0001064786
       -0.0001146520  -0.0000265393  -0.0001073519  -0.0001422787   0.0003084661
        0.0000461389   0.0001162970
        0.0063190226   0.0029152493  -0.0156049333  -0.0929576298  -0.0251355590
        0.0934528290  -0.0190687256  -0.0037218061   0.0232191059  -0.0050879834
        0.0032994193   0.0001384785  -0.0012329033  -0.0009208477  -0.0036795682
        0.0003554127   0.0003817716   0.0001109201   0.0008174811   0.0000893167
       -0.0005504402  -0.0027991464  -0.0036406247   0.0066666853   0.1139558044
        0.0273701682  -0.1049814928   0.0005558239  -0.0002687551   0.0000814320
        0.0000580375  -0.0005048183   0.0005207293  -0.0010991827  -0.0002058081
        0.0012246352  -0.0000299160  -0.0000022988  -0.0003038395   0.0002139050
        0.0003445928  -0.0002945412
        0.0031343313   0.0025083408  -0.0073435969  -0.0251972272  -0.0579674340
        0.0433393190   0.0091202044   0.0027903361  -0.0117584531   0.0023564591
       -0.0007321673  -0.0000086060  -0.0007219961   0.0004899123  -0.0017621847
        0.0003595829   0.0003556116  -0.0005691314   0.0002731683   0.0000703201
        0.0004698734  -0.0168650845  -0.0117709713   0.0285539902   0.0273701682
        0.0633195562  -0.0497589774   0.0001416496   0.0002678497  -0.0004080143
       -0.0005045402   0.0003766453  -0.0002124388   0.0004521358   0.0003022170
       -0.0005417039  -0.0000651679  -0.0000813843  -0.0000128641   0.0001463163
        0.0000711680   0.0000127879
        0.0078114598   0.0045622957  -0.0283112488   0.0933040861   0.0434837711
       -0.2075483459   0.0036118965   0.0004061966  -0.0028617391   0.0008683570
       -0.0006684912   0.0009020586  -0.0037544766  -0.0019487416  -0.0046467048
        0.0005600424   0.0001641113   0.0005818028   0.0003560491   0.0003552829
        0.0006239775   0.0031255300   0.0034738424  -0.0037599101  -0.1049814928
       -0.0497589774   0.2439310395  -0.0001705922  -0.0001997120  -0.0000661369
       -0.0005209543   0.0002122288   0.0009831900   0.0001900393   0.0000178536
       -0.0002149355  -0.0002170936   0.0000686575   0.0002922271  -0.0001828510
       -0.0001683177   0.0000947256
        0.0010236517   0.0009478643   0.0005765046   0.0007834400   0.0275079466
        0.0005806936  -0.0490529213  -0.0374166349  -0.0032292623  -0.0047042067
       -0.0185836872   0.0025575081  -0.0000457464  -0.0001082162   0.0000461655
       -0.0003459675  -0.0003491152  -0.0002318553   0.0002081955  -0.0001414835
        0.0001384763  -0.0046566697   0.0038022812  -0.0000837821   0.0005558239
        0.0001416496  -0.0001705922   0.0603373439   0.0424451777   0.0002653827
       -0.0028003466  -0.0168653587  -0.0031333740   0.0000679522  -0.0004143289
       -0.0002099726   0.0005634078   0.0003799299  -0.0005704778  -0.0019339568
       -0.0013460249   0.0034645856
       -0.0011365046   0.0009449043  -0.0001748723   0.0021904334  -0.0209983477
       -0.0007488480  -0.0377896185  -0.2651096391  -0.0090848293  -0.0045302454
       -0.0119323124   0.0027669101   0.0000114390  -0.0001606415   0.0000114366
        0.0005552948   0.0006534232   0.0003518292  -0.0004155302   0.0002046545
       -0.0001453942   0.0038027539  -0.0017290638  -0.0003362300  -0.0002687551
        0.0002678497  -0.0001997120   0.0424451777   0.3086759064   0.0093716538
       -0.0036380649  -0.0117556756  -0.0034771264  -0.0000599853   0.0003994529
       -0.0002892394   0.0004697317   0.0004604068  -0.0002672078  -0.0016361263
        0.0000790822   0.0022216298
        0.0000785634   0.0009452162   0.0003313273   0.0001276663   0.0001933311
        0.0007184812  -0.0034761359  -0.0095021071  -0.0451430460   0.0067864284
        0.0244189115  -0.0019048365   0.0000263865   0.0001070161  -0.0001419741
       -0.0003089941  -0.0000459280   0.0001158126   0.0000263647  -0.0001064299
       -0.0001148997   0.0000856489   0.0003346056   0.0005798240   0.0000814320
       -0.0004080143  -0.0000661369   0.0002653827   0.0093716538   0.0518714753
       -0.0066691922  -0.0285562792  -0.0037739432  -0.0004313985   0.0000113431
        0.0004157082  -0.0001317185   0.0007280283   0.0007615717   0.0035395663
        0.0025086528  -0.0036493639
       -0.0050882957   0.0032982983  -0.0001368683  -0.0190687550  -0.0037113402
       -0.0232186700  -0.0929742143  -0.0250928071  -0.0934721703   0.0063231319
        0.0029059421   0.0156035956  -0.0000304752  -0.0000026428   0.0003029174
        0.0002138891   0.0003448729   0.0002952844  -0.0010989399  -0.0002050594
       -0.0012244584   0.0005556874  -0.0002686314  -0.0000815708   0.0000580375
       -0.0005045402  -0.0005209543  -0.0028003466  -0.0036380649  -0.0066691922
        0.1139700020   0.0273253892   0.1050062562   0.0008159297   0.0000885023
        0.0005475697  -0.0012327216  -0.0009223158   0.0036784285   0.0003570707
        0.0003823970  -0.0001101675
        0.0023565811  -0.0007325211   0.0000074118   0.0091222172   0.0027850003
        0.0117606612  -0.0251543171  -0.0579253231  -0.0432669512   0.0031364996
        0.0025049340   0.0073587195  -0.0000651079  -0.0000809861   0.0000127764
        0.0001459197   0.0000712049  -0.0000129558   0.0004521492   0.0003020169
        0.0005418349   0.0001414847   0.0002674480   0.0004079790  -0.0005048183
        0.0003766453   0.0002122288  -0.0168653587  -0.0117556756  -0.0285562792
        0.0273253892   0.0632730368   0.0496675099   0.0002724118   0.0000693994
       -0.0004700171  -0.0007238441   0.0004881995   0.0017664154   0.0003607935
        0.0003566207   0.0005706664
       -0.0008669265   0.0006671184   0.0009024311  -0.0036058460  -0.0004032977
       -0.0028543774  -0.0933250015  -0.0434093847  -0.2075731218  -0.0078157684
       -0.0045436675  -0.0283117546   0.0002169193  -0.0000690325   0.0002919730
        0.0001829575   0.0001685843   0.0000949435  -0.0001897345  -0.0000174850
       -0.0002146546   0.0001706105   0.0001998761  -0.0000659328   0.0005207293
       -0.0002124388   0.0009831900  -0.0031333740  -0.0034771264  -0.0037739432
        0.1050062562   0.0496675099   0.2439606960  -0.0003553797  -0.0003552154
        0.0006221161   0.0037554920   0.0019489609  -0.0046456293  -0.0005609342
       -0.0001644015   0.0005840639
        0.0000475498   0.0000880003   0.0001417835  -0.0020588695  -0.0015623805
        0.0037106861  -0.0204724096   0.0083572228   0.0019039615  -0.2310800117
        0.0971504513  -0.0210030355   0.0001728913  -0.0000443164   0.0001538970
       -0.0000081116   0.0000152304   0.0000450851   0.0001173788  -0.0000230581
        0.0000539553   0.0002081795  -0.0004154972  -0.0000265963  -0.0010991827
        0.0004521358   0.0001900393   0.0000679522  -0.0000599853  -0.0004313985
        0.0008159297   0.0002724118  -0.0003553797   0.2682694002  -0.1128435225
        0.0212934076  -0.0168499847   0.0078266694  -0.0054289653   0.0018692885
        0.0007866381  -0.0002474400
       -0.0001224305   0.0000704770   0.0000535135  -0.0007155441   0.0002373276
        0.0007945444  -0.0060184037   0.0034085382  -0.0004571057   0.0969647610
       -0.0949340628   0.0092236502   0.0000249432  -0.0000989592  -0.0001202784
        0.0000380275   0.0000609319  -0.0000110232  -0.0000230765  -0.0000137584
       -0.0000002093  -0.0001418463   0.0002047864   0.0001064786  -0.0002058081
        0.0003022170   0.0000178536  -0.0004143289   0.0003994529   0.0000113431
        0.0000885023   0.0000693994  -0.0003552154  -0.1128435225   0.1065145847
       -0.0120094832  -0.0070735370   0.0041025935  -0.0011709514   0.0304422636
       -0.0203235283   0.0039168834
       -0.0002584318   0.0000810359  -0.0000054307   0.0030398767   0.0013690165
       -0.0035058019   0.0224827259  -0.0097420694  -0.0005419896  -0.0210130318
        0.0092664157  -0.0446796046   0.0001364396  -0.0001290960   0.0001408551
       -0.0000005405   0.0000241502  -0.0000159113  -0.0000539132   0.0000000898
        0.0001571746  -0.0001386634   0.0001455084  -0.0001146520   0.0012246352
       -0.0005417039  -0.0002149355  -0.0002099726  -0.0002892394   0.0004157082
        0.0005475697  -0.0004700171   0.0006221161   0.0212934076  -0.0120094832
        0.0523840136  -0.0273224473   0.0127510119  -0.0053654337   0.0002723460
       -0.0004556193   0.0007238916
       -0.0008791913  -0.0001380151   0.0005604211   0.0005321417   0.0000557747
        0.0000047130   0.0074845659   0.0043816944   0.0150340264  -0.0860377407
       -0.0275450616  -0.0888678396  -0.0017248530   0.0006697077  -0.0002143969
       -0.0000892300  -0.0001938263   0.0000916252   0.0001728583   0.0000252844
       -0.0001363677  -0.0000457544   0.0000114810  -0.0000265393  -0.0000299160
       -0.0000651679  -0.0002170936   0.0005634078   0.0004697317  -0.0001317185
       -0.0012327216  -0.0007238441   0.0037554920  -0.0168499847  -0.0070735370
       -0.0273224473   0.1002207190   0.0325580197   0.1022240377  -0.0020843010
       -0.0024322417  -0.0047539125
        0.0001194815   0.0001645228  -0.0003357930   0.0000283855   0.0001356576
       -0.0004766442   0.0031309389   0.0023758531   0.0067207991  -0.0275100121
       -0.0635670033  -0.0578871435   0.0006692435   0.0003161866   0.0002607812
       -0.0001606740  -0.0001342479   0.0001917718  -0.0000442313  -0.0000993940
        0.0001290331  -0.0001079195  -0.0001609782  -0.0001073519  -0.0000022988
       -0.0000813843   0.0000686575   0.0003799299   0.0004604068   0.0007280283
       -0.0009223158   0.0004881995   0.0019489609   0.0078266694   0.0041025935
        0.0127510119   0.0325580197   0.0692378852   0.0655268169  -0.0159652170
       -0.0132382974  -0.0295189279
       -0.0003526936   0.0001306961   0.0000306890  -0.0006480338  -0.0001877160
        0.0002853321  -0.0074503743  -0.0052092285  -0.0271162135  -0.0889803896
       -0.0576183190  -0.2234879652   0.0002147819  -0.0002616492   0.0010741048
        0.0001909072   0.0002201347   0.0000241761  -0.0001540353   0.0001201482
        0.0001411013  -0.0000460371  -0.0000121359  -0.0001422787  -0.0003038395
       -0.0000128641   0.0002922271  -0.0005704778  -0.0002672078   0.0007615717
        0.0036784285   0.0017664154  -0.0046456293  -0.0054289653  -0.0011709514
       -0.0053654337   0.1022240377   0.0655268169   0.2606880407  -0.0023733091
       -0.0030241394  -0.0025397223
       -0.0001873529   0.0001028555   0.0000133155   0.0006687711  -0.0014658172
       -0.0001166205  -0.0044047050  -0.0190376817   0.0023351942  -0.0487243183
       -0.0323857645  -0.0017720565  -0.0000891570  -0.0001603004  -0.0001906515
        0.0001526841   0.0001990091  -0.0000003503  -0.0000079057   0.0000380306
        0.0000006044  -0.0003457205   0.0005551629   0.0003084661   0.0002139050
        0.0001463163  -0.0001828510  -0.0019339568  -0.0016361263   0.0035395663
        0.0003570707   0.0003607935  -0.0005609342   0.0018692885   0.0304422636
        0.0002723460  -0.0020843010  -0.0159652170  -0.0023733091   0.0545156979
        0.0388064756  -0.0012727195
       -0.0000472913  -0.0000312840   0.0000811750   0.0006007077   0.0007673722
       -0.0005745083  -0.0046707155  -0.0124454085   0.0037890865  -0.0320965694
       -0.2781762154  -0.0026601676  -0.0001931724  -0.0001333903  -0.0002196751
        0.0001988088   0.0001120044   0.0000020961   0.0000152630   0.0000610433
       -0.0000238580  -0.0003488679   0.0006528832   0.0000461389   0.0003445928
        0.0000711680  -0.0001683177  -0.0013460249   0.0000790822   0.0025086528
        0.0003823970   0.0003566207  -0.0001644015   0.0007866381  -0.0203235283
       -0.0004556193  -0.0024322417  -0.0132382974  -0.0030241394   0.0388064756
        0.3222479499   0.0008635376
       -0.0000784528  -0.0000479789   0.0000435807  -0.0006387933   0.0003983067
        0.0006065459   0.0055834460   0.0245132866  -0.0017944945  -0.0017464257
       -0.0023970532  -0.0442333833  -0.0000915486  -0.0001918485   0.0000239906
        0.0000005563  -0.0000017132  -0.0001700763  -0.0000451555   0.0000111918
       -0.0000156087   0.0002305687  -0.0003507684   0.0001162970  -0.0002945412
        0.0000127879   0.0000947256   0.0034645856   0.0022216298  -0.0036493639
       -0.0001101675   0.0005706664   0.0005840639  -0.0002474400   0.0039168834
        0.0007238916  -0.0047539125  -0.0295189279  -0.0025397223  -0.0012727195
        0.0008635376   0.0502095536
