           1           2   1.01999668156538     
           2           3   1.00790651276592     
           3           4   1.01999922098081     
           1           5  0.986291081833590     
           1           6  0.987846107900421     
           1           7  0.987732211046084     
           2           8  0.978392768775133     
           2           9  0.979047143089502     
           3          10  0.978390750544701     
           3          11  0.979046021076807     
           4          12  0.987731660799037     
           4          13  0.986286290464282     
           4          14  0.987850601162786     
