$coord
         14.288948614496          0.508634478549         -1.020077627674     c 
         11.779000961606          1.453517040018          0.009888963483     c 
          9.594502950486         -0.368338812216         -0.509465274264     c 
          7.083312370225          0.575470404945          0.552323945099     c 
          4.838985761028         -1.129438658419         -0.090981291033     c 
          2.366858228942         -0.146703954550          1.030857816339     c 
          0.008372704829         -1.509268591209          0.067916280643     c 
         -2.405230636895         -0.327024483630          1.128460578408     c 
         -4.844391397506         -1.263316934481         -0.107869231191     c 
         -7.109570886701          0.354698350228          0.676404037845     c 
         -9.597523282463         -0.395298567062         -0.585759090631     c 
        -11.771844025762          1.342950291553          0.189071620538     c 
        -14.233545816009          0.778965573842         -1.184504115880     c 
         14.185879797632          0.205765675381         -3.059632839098     h 
         14.812765914204         -1.291541580793         -0.155483954847     h 
         15.821076638478          1.848110039725         -0.659639894012     h 
         11.918350102383          1.787463902360          2.055011580430     h 
         11.323613985227          3.310512221179         -0.802802686004     h 
         10.030685200834         -2.237298170371          0.278533734613     h 
          9.417869809258         -0.674775418543         -2.553254914242     h 
          6.709835413941          2.489564574638         -0.153075715498     h 
          7.234859991905          0.785835060637          2.610724416616     h 
          5.197052031865         -3.059555843915          0.579450629832     h 
          4.656455022841         -1.295263574440         -2.149706507986     h 
          2.192518573455          1.877375832438          0.602519822753     h 
          2.445533705095         -0.248817667826          3.101182884162     h 
          0.098173273356         -3.527298750706          0.531398986230     h 
         -0.035705725715         -1.430779267424         -2.003577481391     h 
         -2.490204019916         -0.623306290599          3.179659122541     h 
         -2.295351897207          1.728933594955          0.893892369071     h 
         -5.173812527394         -3.253866062007          0.370387735860     h 
         -4.646404316769         -1.225609362541         -2.170952290920     h 
         -7.330465903429          0.295656765750          2.739314762316     h 
         -6.703790959007          2.342422984124          0.241142410957     h 
        -10.069394345479         -2.360591059034         -0.129352819507     h 
         -9.367704348256         -0.351848434114         -2.644613837526     h 
        -11.209262144976          3.310311611463         -0.148356651607     h 
        -12.056704798502          1.209412850809          2.240753149521     h 
        -14.003731062631          0.916117834693         -3.231178418740     h 
        -14.904035159032         -1.126402300809         -0.777278642510     h 
        -15.732785437719          2.090911494572         -0.647271788285     h 
$end
