   -0.07181645
   -0.05106290
   -0.05175294
   -0.05198523
   -0.05196506
   -0.05196152
   -0.05204531
   -0.05150398
   -0.05161717
   -0.05154292
   -0.05125215
   -0.05120792
   -0.07114781
    0.02348668
    0.02496420
    0.02491034
    0.02546032
    0.02557675
    0.02474645
    0.02612962
    0.02588680
    0.02453699
    0.02643509
    0.02655049
    0.02646000
    0.02643649
    0.02453429
    0.02591670
    0.02511747
    0.02635291
    0.02643900
    0.02514789
    0.02638570
    0.02536625
    0.02503606
    0.02654002
    0.02502516
    0.02341248
    0.02533626
    0.02533449
    0.02333646
