$coord
         -5.916833783636          4.044644082968          1.321553492680     c 
         -6.372845917453          2.688261961030         -1.169961462252     c 
         -7.203288063625         -0.067275673373         -0.851657224273     c 
         -5.306240827317         -1.728899863724          0.573633087711     c 
         -2.647279884438         -1.691968806823         -0.563096802572     c 
         -0.808169635823         -3.456953930900          0.799884575917     c 
          1.921921584839         -3.221658741912         -0.136800403895     c 
          3.120543636172         -0.657128675748          0.438123815449     c 
          5.878148141891         -0.480173807166         -0.420435804441     c 
          7.109749894204          2.050843905878          0.239668171115     c 
          9.935543580614          2.085879481102         -0.307950772299     c 
         -7.612188833284          4.045294117514          2.495285276809     h 
         -5.359800777720          6.011312987448          1.037466656258     h 
         -4.421404363634          3.140903747451          2.416357622208     h 
         -7.799702659181          3.721559408278         -2.273345026580     h 
         -4.659489659098          2.759086765369         -2.336481127137     h 
         -7.564701669531         -0.897611235600         -2.721071323624     h 
         -9.034322365628         -0.111859803651          0.123603220214     h 
         -5.994058674781         -3.686545533722          0.642608281580     h 
         -5.201703220959         -1.130893425390          2.557221859458     h 
         -1.914707764086          0.244486717173         -0.498138756756     h 
         -2.726251376335         -2.172010705071         -2.580158427254     h 
         -1.469098724688         -5.413646408578          0.597329440611     h 
         -0.867803491594         -3.075596294142          2.835869619757     h 
          1.996081115239         -3.572871398518         -2.178160195130     h 
          3.090320842774         -4.711785247348          0.709075706503     h 
          2.030317462054          0.858211122677         -0.457623607069     h 
          3.000520167666         -0.283653136191          2.472676030901     h 
          6.971271330707         -2.025610943108          0.434553214361     h 
          5.999462643576         -0.804732240762         -2.467415967194     h 
          6.152371114738          3.576377461874         -0.792212902724     h 
          6.775919501530          2.467270793533          2.245598146640     h 
         10.926475744630          0.680171872843          0.841674980516     h 
         10.787371975130          3.923151427558          0.098145892361     h 
         10.336129282464          1.636030883300         -2.284791984070     h 
$end
