           1           2   1.02622356220899     
           2           3   1.01270107979348     
           3           4   1.01128336972052     
           4           5   1.01290784957788     
           5           6   1.01062830993921     
           6           7   1.01282653494079     
           7           8   1.01091588285309     
           8           9   1.01148171447942     
           9          10   1.01273599820967     
          10          11   1.02629022360423     
           1          12  0.982469285249413     
           1          13  0.981137033822400     
           1          14  0.980780227134205     
           2          15  0.975788762909317     
           2          16  0.973349023206154     
           3          17  0.975685787364282     
           3          18  0.974695770322620     
           4          19  0.974363082737989     
           4          20  0.972071491672210     
           5          21  0.974563500866734     
           5          22  0.973198815058990     
           6          23  0.973656363035342     
           6          24  0.974611110570530     
           7          25  0.971741945436371     
           7          26  0.972581424134731     
           8          27  0.976116752420110     
           8          28  0.976105965060085     
           9          29  0.975322546545442     
           9          30  0.972404868103249     
          10          31  0.974212200868404     
          10          32  0.975950583768441     
          11          33  0.981112932493359     
          11          34  0.980805201948609     
          11          35  0.982475282755521     
