           1           2   1.01909335719427     
           2           3   1.00775941004704     
           3           4   1.00704837429663     
           4           5   1.00682893104260     
           5           6   1.00682723516627     
           6           7   1.00704666989766     
           7           8   1.00776323644073     
           8           9   1.01909281394079     
           1          10  0.987554710725812     
           1          11  0.988047450408520     
           1          12  0.987972815686433     
           2          13  0.978749673749868     
           2          14  0.978519740844222     
           3          15  0.977708266935159     
           3          16  0.977301133753123     
           4          17  0.977785621071751     
           4          18  0.977258051653048     
           5          19  0.977233440468733     
           5          20  0.977815888002537     
           6          21  0.977788049451547     
           6          22  0.977257803892098     
           7          23  0.977316754202211     
           7          24  0.977691404961007     
           8          25  0.978542467088510     
           8          26  0.978725517367441     
           9          27  0.988042740874144     
           9          28  0.987554731647217     
           9          29  0.987977482815783     
