$hessian                                                                        
        0.5021912695   0.0081016509   0.0298192189  -0.1109158531   0.0173518967
        0.0622210320  -0.0210966609   0.0008648789   0.0203304138  -0.0040121926
       -0.0028507951  -0.0000065150  -0.0007732054   0.0002391644   0.0011240127
        0.0000727312   0.0000363715   0.0000560808   0.0000031013  -0.0000157025
       -0.0000053344  -0.0000173783   0.0000057973   0.0000010470  -0.1016325466
        0.0233880367  -0.1005274066  -0.2026024549  -0.1127552901  -0.0121364770
       -0.0623090150   0.0624589884  -0.0019824833  -0.0069707307   0.0047142556
        0.0092866492   0.0071632914  -0.0022872319  -0.0091216549   0.0007741170
        0.0007565208   0.0000699654   0.0005169603   0.0003525964   0.0009145241
        0.0000403751  -0.0001236593   0.0000128828  -0.0001202116  -0.0000293347
       -0.0001037341  -0.0003462773  -0.0002570891   0.0000445911  -0.0000000117
        0.0000753178  -0.0000009997   0.0000111203   0.0000261193  -0.0000172267
       -0.0000005094  -0.0000102031   0.0000280952   0.0000040043  -0.0000201192
        0.0000480888   0.0000309175  -0.0000207611  -0.0000337861  -0.0000065613
       -0.0000115655  -0.0000074222   0.0000079467   0.0000083880  -0.0000090599
       -0.0000122259   0.0000017688  -0.0000045019
        0.0081016509   0.5217953342  -0.0089866526   0.0168459289  -0.0717626986
       -0.0201979721  -0.0102059294   0.0021541607   0.0113019371  -0.0026896881
       -0.0013677366   0.0000923742  -0.0005761303   0.0002978346   0.0005628866
        0.0000127320   0.0000025860   0.0000188554  -0.0000168056  -0.0000195475
       -0.0000099315   0.0000049986   0.0000135843  -0.0000050063   0.0234660041
       -0.0553184381   0.0407995368  -0.1128596502  -0.1247347525  -0.0067723028
        0.0628296765  -0.2648316658   0.0014797922   0.0188420129  -0.0089196769
       -0.0241006226  -0.0029535911   0.0018239255   0.0046216486  -0.0007832318
        0.0007003438   0.0007255749   0.0002443583   0.0002438335   0.0003066040
       -0.0001557080   0.0000687110   0.0000825515   0.0000424624  -0.0000696978
       -0.0000115313  -0.0002178499  -0.0001325026   0.0000694364   0.0000596421
        0.0000555431   0.0000050946  -0.0000175424   0.0000033640   0.0000006411
        0.0000280370   0.0000279071   0.0000108769  -0.0000119768  -0.0000352799
       -0.0000050273   0.0000068112  -0.0000014156   0.0000025882   0.0000083834
       -0.0000001225   0.0000026167   0.0000019571  -0.0000010639   0.0000069458
       -0.0000065520   0.0000074705  -0.0000009145
        0.0298192189  -0.0089866526   0.4837981859   0.0615484991  -0.0205959610
       -0.1516621216   0.0050928298   0.0015169063  -0.0020472873   0.0001623207
        0.0001601158   0.0003499740   0.0000607242  -0.0000505651   0.0000093744
        0.0000136839   0.0000256939   0.0000152597  -0.0000318031  -0.0000176130
       -0.0000099380  -0.0000017013   0.0000086686   0.0000082599  -0.1000226142
        0.0408316579  -0.2139646131  -0.0123472330  -0.0069018519  -0.0436110396
       -0.0018356168   0.0017637679  -0.0439645776   0.0034621224  -0.0027033299
       -0.0027653929   0.0154291215  -0.0046837925  -0.0276214496  -0.0004887200
       -0.0001529810   0.0002408485  -0.0009853237  -0.0003416717   0.0009479856
       -0.0000081774   0.0001539505  -0.0000400121   0.0000589184  -0.0000447329
        0.0002561516  -0.0000120398   0.0000372522   0.0000478703   0.0000296140
       -0.0000205163  -0.0000119375   0.0000011817  -0.0000083369   0.0000270984
        0.0000343859  -0.0000072096  -0.0000018252   0.0000184680   0.0000139497
        0.0000093579  -0.0000002693   0.0000051353  -0.0000015925   0.0000002270
       -0.0000110785  -0.0000158917   0.0000062057   0.0000008597   0.0000054255
       -0.0000040225   0.0000083350   0.0000018869
       -0.1109158531   0.0168459289   0.0615484991   0.4744168752  -0.0241676352
        0.0244401840  -0.1514395502  -0.0596029792  -0.0098722766  -0.0207278267
       -0.0099772901   0.0054060329  -0.0016006589   0.0007756122   0.0025403746
       -0.0000085196  -0.0001424172   0.0001083743   0.0000232338  -0.0000319574
        0.0000658863   0.0000173440   0.0000173865   0.0000040924   0.0080019993
       -0.0026563860  -0.0092293188  -0.0188964559   0.0029569343   0.0213420201
       -0.0071436127   0.0050881462   0.0090169457  -0.0576607001   0.0568146354
       -0.0029726356  -0.0990956561   0.0250924401  -0.0963553402   0.0033091729
        0.0001467806   0.0004723075  -0.0188129744  -0.0104594331  -0.0049245771
        0.0002905679  -0.0003819756  -0.0004775409   0.0010263058  -0.0000775083
       -0.0012106615  -0.0006938378  -0.0005758928   0.0001008839  -0.0001161821
        0.0001546436   0.0000462924   0.0000535152   0.0001195333   0.0000042970
        0.0000088496   0.0000583402   0.0000158117  -0.0000716880   0.0000027567
       -0.0000284165   0.0000178984  -0.0000142011  -0.0000523366  -0.0000014646
       -0.0000047044   0.0000194540   0.0000317151   0.0000342905  -0.0000058299
       -0.0000124972  -0.0000150480  -0.0000025220
        0.0173518967  -0.0717626986  -0.0205959610  -0.0241676352   0.5158441795
       -0.0097904167  -0.0589203378  -0.1091785620  -0.0030985015   0.0009123953
        0.0021277870   0.0017556722   0.0006883287   0.0001288790  -0.0006658401
        0.0000576403  -0.0000014259  -0.0000939322   0.0000752120   0.0001039450
        0.0000317106   0.0000021302  -0.0000030084  -0.0000022385  -0.0035337767
        0.0015670768   0.0043192505  -0.0108192536   0.0026953776   0.0129805483
        0.0188802403  -0.0091586046  -0.0241938118   0.0562890076  -0.2560712712
        0.0020445776   0.0249647327  -0.0569428669   0.0402939766  -0.0255371945
       -0.0233376733  -0.0017003514   0.0022922898   0.0029276325  -0.0004811024
        0.0011178291   0.0005483497  -0.0005859809   0.0002350615   0.0002190643
       -0.0001307757   0.0002015916   0.0002481246  -0.0001552585  -0.0000147798
        0.0001195885  -0.0000368343   0.0000485526   0.0000218278   0.0000202031
       -0.0000846144  -0.0000908495   0.0000926648  -0.0000208574   0.0000185916
        0.0000201977  -0.0000162236   0.0000049462  -0.0000339564  -0.0000149512
        0.0000123952   0.0000049486  -0.0000146794  -0.0000027827  -0.0000054989
        0.0000273952  -0.0000380223   0.0000067102
        0.0622210320  -0.0201979721  -0.1516621216   0.0244401840  -0.0097904167
        0.5039035801  -0.0092942089  -0.0026400329  -0.0641980182   0.0199288846
        0.0110441454  -0.0024687914   0.0028618890  -0.0009017821  -0.0033691437
       -0.0002320275  -0.0001106570  -0.0001325176  -0.0000017374   0.0000267998
        0.0000572760  -0.0000092148  -0.0000077907   0.0000063004   0.0145642041
       -0.0045777377  -0.0280563653   0.0024302800   0.0005573056  -0.0010519728
        0.0027762650  -0.0037381323  -0.0021869718  -0.0031324401   0.0016649848
       -0.0451888534  -0.0969800340   0.0402633128  -0.2027938147   0.0007112152
        0.0002089868   0.0005913030  -0.0229354138  -0.0137052760  -0.0041056310
        0.0000676992   0.0004984648   0.0002758597   0.0014409750   0.0006157274
        0.0005021562   0.0011708952   0.0007062605  -0.0003583437  -0.0000449251
       -0.0000344043  -0.0000289270  -0.0000242945   0.0000260069   0.0001527626
        0.0000548922   0.0001280531   0.0000978077   0.0000250086  -0.0000600387
       -0.0000193087  -0.0000537982   0.0000281562  -0.0000049652   0.0000126894
        0.0000010487   0.0000313712  -0.0000007609   0.0000094173  -0.0000029195
        0.0000027417  -0.0000144296   0.0000102486
       -0.0210966609  -0.0102059294   0.0050928298  -0.1514395502  -0.0589203378
       -0.0092942089   0.4699822583  -0.0224166965   0.0285353266  -0.1045366691
        0.0190187094   0.0566759032  -0.0188522033   0.0007697633   0.0195714974
        0.0005751156   0.0000240692  -0.0000269216   0.0000695078  -0.0001736237
        0.0001192057   0.0000722293   0.0000358707   0.0000567370   0.0011121466
        0.0000947154  -0.0010937708  -0.0022845680   0.0003720614   0.0029812705
        0.0005371213  -0.0005107848  -0.0006344643   0.0032778123  -0.0001045966
        0.0004731154  -0.0187825964  -0.0105529010  -0.0050022947  -0.0572658264
        0.0563361903  -0.0029203454  -0.0966227467   0.0256863271  -0.0961703024
       -0.0078205391   0.0054717046   0.0103469643   0.0072032203  -0.0031783719
       -0.0098150848  -0.0038959874  -0.0028119616   0.0010938927   0.0008763936
        0.0010279303  -0.0003875563   0.0000826723   0.0001123191   0.0002314001
       -0.0010240929  -0.0003512268   0.0003591252  -0.0001638515   0.0002134741
       -0.0000374630   0.0000286460   0.0000476301  -0.0000495407  -0.0000243535
       -0.0000226199  -0.0000655480   0.0000279363   0.0000309902  -0.0000124972
       -0.0000354140   0.0000072949  -0.0000272697
        0.0008648789   0.0021541607   0.0015169063  -0.0596029792  -0.1091785620
       -0.0026400329  -0.0224166965   0.5173218139  -0.0121019501   0.0185614137
       -0.0727110412  -0.0214416523  -0.0095764069   0.0026313573   0.0125490360
        0.0000257109   0.0000292267  -0.0000969081   0.0000115166  -0.0002199577
        0.0000576159   0.0000430496   0.0000521305   0.0000242950   0.0002106738
        0.0001158782  -0.0000622172   0.0010947894   0.0005677671  -0.0009646281
        0.0012141027   0.0007903833  -0.0004968211  -0.0255302375  -0.0234728299
       -0.0017243966   0.0023808274   0.0029696185  -0.0006417075   0.0563080493
       -0.2551783660   0.0032637225   0.0255719878  -0.0566978851   0.0413932672
        0.0179267369  -0.0100503440  -0.0238170021  -0.0022206026   0.0016555720
        0.0030113661  -0.0036276761  -0.0016712152   0.0009501620  -0.0010061082
        0.0005925649   0.0009107720  -0.0001200499   0.0000433129   0.0001704757
       -0.0002165488   0.0002557547   0.0001498828   0.0001737044  -0.0000345988
       -0.0000666967  -0.0000684506   0.0000159488   0.0000393313   0.0000275395
        0.0000005585   0.0000068220  -0.0000028449  -0.0000116531   0.0000248343
       -0.0000263798   0.0000304048  -0.0000144766
        0.0203304138   0.0113019371  -0.0020472873  -0.0098722766  -0.0030985015
       -0.0641980182   0.0285353266  -0.0121019501   0.5046873222   0.0558180104
       -0.0216223497  -0.1481209949   0.0063778553   0.0021932104  -0.0024255669
        0.0000321434   0.0000595052   0.0004327494  -0.0001319699  -0.0001351580
       -0.0001894571  -0.0000240641   0.0000401534   0.0000349339   0.0010576427
        0.0004938496   0.0006518129   0.0040495261  -0.0002914922  -0.0034613297
       -0.0001378827   0.0006176423   0.0004757815   0.0006211672   0.0002497941
        0.0005950710  -0.0223852635  -0.0137094905  -0.0039657179  -0.0031792078
        0.0035760439  -0.0457428333  -0.0964312060   0.0415280950  -0.2067938225
        0.0025611950  -0.0028801510  -0.0016362126   0.0139488454  -0.0056660562
       -0.0292395251   0.0001293353   0.0000137866   0.0008059633  -0.0005819166
       -0.0002850397   0.0003193491  -0.0001445866   0.0000658320  -0.0001194410
       -0.0005592609  -0.0005599962  -0.0000310485  -0.0001095764   0.0002265885
        0.0002408838   0.0001180954  -0.0000033081  -0.0001289914  -0.0000464283
       -0.0000406173  -0.0001144174   0.0000343061   0.0000273701  -0.0000205377
       -0.0000102232   0.0000003023  -0.0000086657
       -0.0040121926  -0.0026896881   0.0001623207  -0.0207278267   0.0009123953
        0.0199288846  -0.1045366691   0.0185614137   0.0558180104   0.4741397585
       -0.0246295861   0.0238478673  -0.1411612626  -0.0602086406   0.0073899019
       -0.0190124433  -0.0110944368  -0.0044632894   0.0005209963   0.0000182858
        0.0000847734   0.0000099717  -0.0001844772   0.0001109125  -0.0001436250
       -0.0000254466  -0.0000960348  -0.0009013303   0.0001111248   0.0011402721
        0.0000106023  -0.0001584679  -0.0000353053   0.0007847720   0.0008461129
        0.0001068360   0.0003575365   0.0003573169   0.0009886861  -0.0072346456
        0.0052831186   0.0091396619   0.0076064463  -0.0024419851  -0.0093027496
       -0.0637974089   0.0675221042  -0.0047845418  -0.1063416024   0.0181593238
       -0.1017841078  -0.0176488661  -0.0121154498   0.0049516277   0.0046326663
        0.0015593109  -0.0006163445  -0.0021832678  -0.0000702313  -0.0029143587
        0.0006184827   0.0002550859   0.0007900359  -0.0008446468  -0.0000116063
       -0.0004882801  -0.0001429598   0.0000008603   0.0000528913  -0.0000327502
        0.0000042330   0.0000310837  -0.0000000296   0.0000164453  -0.0000655118
        0.0000402941   0.0000228843   0.0000067582
       -0.0028507951  -0.0013677366   0.0001601158  -0.0099772901   0.0021277870
        0.0110441454   0.0190187094  -0.0727110412  -0.0216223497  -0.0246295861
        0.5159152111  -0.0122478065  -0.0592497982  -0.1154970795   0.0059273169
       -0.0022317470   0.0013873736  -0.0033915762   0.0000137931   0.0004580878
       -0.0001841096   0.0000467570  -0.0001617862  -0.0000600252   0.0000517217
       -0.0000348607  -0.0000027269  -0.0007716516   0.0001861878   0.0006673768
       -0.0000833741   0.0000338473   0.0000258103  -0.0009362227   0.0004768775
        0.0007250387   0.0001393403   0.0002030177   0.0003993171   0.0185319452
       -0.0101900882  -0.0238882571  -0.0030036068   0.0016618843   0.0043323722
        0.0678634637  -0.2508240449   0.0096707385   0.0182996879  -0.0494983167
        0.0247975208   0.0021566210   0.0026710245  -0.0002030425  -0.0236872129
       -0.0254420453   0.0027979791   0.0004831130   0.0007959891   0.0004019921
        0.0000654364   0.0000722635  -0.0000751694   0.0005356343  -0.0001164880
        0.0008062355   0.0002026644  -0.0000418791  -0.0001038403  -0.0000366339
        0.0000277621  -0.0000437308  -0.0000432052  -0.0000511878   0.0000201055
        0.0000922359  -0.0000807590   0.0000465694
       -0.0000065150   0.0000923742   0.0003499740   0.0054060329   0.0017556722
       -0.0024687914   0.0566759032  -0.0214416523  -0.1481209949   0.0238478673
       -0.0122478065   0.4945508225   0.0033912672   0.0036493843  -0.0655170585
       -0.0179244193  -0.0130673963   0.0010955490   0.0001257194  -0.0000311884
        0.0000869737  -0.0001613853  -0.0000784825   0.0000044136   0.0001075910
       -0.0000330232   0.0001732783  -0.0000673014  -0.0001321633   0.0000881668
        0.0000040172   0.0001891868  -0.0000353550  -0.0005071167  -0.0002606717
        0.0002512310  -0.0014127958  -0.0004056134   0.0008629891   0.0031083120
       -0.0030480085  -0.0020367830   0.0145850169  -0.0050191385  -0.0273684418
       -0.0043383796   0.0099145147  -0.0451280308  -0.1013730805   0.0245402637
       -0.1999458179   0.0210282436   0.0148937242  -0.0043298845   0.0018034899
        0.0014790998   0.0005164919  -0.0038586031  -0.0004157320  -0.0033627632
        0.0001651142  -0.0003728200   0.0004926440  -0.0006115655   0.0000161470
       -0.0000599807  -0.0000071187   0.0000266822  -0.0000602265  -0.0000205661
       -0.0000229538   0.0000105000   0.0000036831   0.0000063808  -0.0000614157
        0.0000365893   0.0000132202   0.0000125097
       -0.0007732054  -0.0005761303   0.0000607242  -0.0016006589   0.0006883287
        0.0028618890  -0.0188522033  -0.0095764069   0.0063778553  -0.1411612626
       -0.0592497982   0.0033912672   0.4758449177  -0.0260339781  -0.0220289846
       -0.1121526129   0.0031771019  -0.0578137023  -0.0103565004   0.0057770195
       -0.0105511151  -0.0007363985   0.0024443968  -0.0002891537  -0.0000381609
        0.0000022865  -0.0000360972  -0.0001493029   0.0000812345   0.0002423274
        0.0000069086  -0.0000612744  -0.0000157098  -0.0000895424   0.0001177092
        0.0000221549   0.0001743250   0.0000084946   0.0000956657   0.0003622927
       -0.0006047296  -0.0004836233   0.0004381131  -0.0000604610  -0.0005003138
        0.0053031258   0.0018735465   0.0003164624  -0.0189605231  -0.0132416911
       -0.0026839087  -0.0997903555   0.0275800411   0.0959819502  -0.0664046919
        0.0705259250  -0.0024643432  -0.0193027782  -0.0020263612  -0.0204087621
        0.0082096185  -0.0002160631   0.0088086089   0.0002457224  -0.0004942313
        0.0001760123   0.0001336801  -0.0003627694  -0.0005420141  -0.0001004575
        0.0000799499   0.0000947161   0.0001761234   0.0000631070   0.0000319840
       -0.0004261733   0.0000847534  -0.0006438896
        0.0002391644   0.0002978346  -0.0000505651   0.0007756122   0.0001288790
       -0.0009017821   0.0007697633   0.0026313573   0.0021932104  -0.0602086406
       -0.1154970795   0.0036493843  -0.0260339781   0.5093889518   0.0149121440
        0.0061211561  -0.0657032328   0.0067729432   0.0177824034  -0.0036703098
        0.0196234426   0.0022752889  -0.0046397092   0.0009919021  -0.0000461619
        0.0000035833  -0.0000004893   0.0001357646   0.0000400563  -0.0000598015
       -0.0000145874  -0.0000352282   0.0000373946   0.0000043751   0.0001204611
       -0.0000288432   0.0000256977  -0.0000487435   0.0000882961   0.0012354362
        0.0007683962  -0.0005790511   0.0000186678   0.0000926635   0.0000157378
       -0.0235469347  -0.0239768259   0.0015386878  -0.0004838916   0.0006243555
       -0.0003846714   0.0274528728  -0.0567702989  -0.0426419174   0.0700987449
       -0.2448153165   0.0132275163  -0.0137381785  -0.0003419635  -0.0146718125
       -0.0037628011   0.0007562590  -0.0055388010  -0.0002513117   0.0003289446
        0.0002786210   0.0000796203   0.0006617479   0.0006451466  -0.0000079649
       -0.0000766666  -0.0000788816  -0.0001063912  -0.0001185312  -0.0000948023
        0.0011862739  -0.0001495847   0.0010569917
        0.0011240127   0.0005628866   0.0000093744   0.0025403746  -0.0006658401
       -0.0033691437   0.0195714974   0.0125490360  -0.0024255669   0.0073899019
        0.0059273169  -0.0655170585  -0.0220289846   0.0149121440   0.4916159106
       -0.0601528302   0.0042549599  -0.1449083919  -0.0057116391   0.0047927668
       -0.0045849521  -0.0000761616   0.0006545800   0.0003230475  -0.0000029954
        0.0000244833   0.0000704238   0.0002245543  -0.0000520795  -0.0002644037
       -0.0000247659   0.0000503016   0.0000389778  -0.0000239861  -0.0000379263
       -0.0000384361  -0.0000246629  -0.0000716107  -0.0000799410  -0.0001468986
        0.0004580527   0.0006187500  -0.0001836192   0.0003729563   0.0001222441
        0.0014625768   0.0015861201   0.0005741105  -0.0210403965  -0.0147607573
       -0.0013988683   0.0956901681  -0.0419938721  -0.1997032207  -0.0026159342
        0.0126922463  -0.0452307835  -0.0012808544  -0.0004612498  -0.0000002331
       -0.0156909969   0.0002218882  -0.0269735271   0.0001229472  -0.0001686802
        0.0000656806   0.0009638536  -0.0009028712   0.0009379504  -0.0000606764
        0.0000515225   0.0001593161   0.0001168059   0.0001374453  -0.0000354531
       -0.0001412905  -0.0001338192  -0.0000058061
        0.0000727312   0.0000127320   0.0000136839  -0.0000085196   0.0000576403
       -0.0002320275   0.0005751156   0.0000257109   0.0000321434  -0.0190124433
       -0.0022317470  -0.0179244193  -0.1121526129   0.0061211561  -0.0601528302
        0.4985565883   0.0187799363  -0.0357009715  -0.0857391978   0.0441938729
       -0.0001146217  -0.0125112762   0.0194616140  -0.0064767015  -0.0000176735
       -0.0000214748   0.0000425913   0.0000427839   0.0000310939   0.0000058078
       -0.0000267714   0.0000017344  -0.0000021681  -0.0000194251   0.0000470801
       -0.0000187872  -0.0000108239  -0.0000748630   0.0000421109  -0.0001675367
        0.0000884947  -0.0000387836  -0.0011767547  -0.0004052312  -0.0001270826
        0.0007688839   0.0007568455   0.0001226703  -0.0037670170  -0.0029743106
       -0.0003848815   0.0074117333  -0.0011629464   0.0088645921  -0.0090466292
        0.0038731581  -0.0116553230  -0.1643046212  -0.1101736683   0.0275133888
       -0.0977899051   0.0245186411   0.0951979896   0.0076601789  -0.0184234398
        0.0019061634  -0.0074784867   0.0157044688   0.0014301158   0.0007652875
       -0.0001228260   0.0009182296   0.0003404817   0.0010815903   0.0000840541
       -0.0029640902   0.0008347379  -0.0033449433
        0.0000363715   0.0000025860   0.0000256939  -0.0001424172  -0.0000014259
       -0.0001106570   0.0000240692   0.0000292267   0.0000595052  -0.0110944368
        0.0013873736  -0.0130673963   0.0031771019  -0.0657032328   0.0042549599
        0.0187799363   0.4835627176   0.0044965986   0.0456670883  -0.1744026303
        0.0087442240   0.0052120237  -0.0041529496   0.0041318539   0.0000034880
        0.0000191222  -0.0000055673   0.0000056492   0.0000010729  -0.0000161312
        0.0000150793  -0.0000289422  -0.0000030649  -0.0000176351  -0.0000062931
       -0.0000200474  -0.0000076721  -0.0000397605  -0.0000055867   0.0000370688
       -0.0000898111   0.0000470069  -0.0002385264   0.0002632141  -0.0001140928
        0.0001930558   0.0001853110  -0.0004074338  -0.0035668952  -0.0018650376
       -0.0004699895  -0.0032652440   0.0009793241  -0.0060068259   0.0182341982
       -0.0054509614   0.0230519019  -0.1098484884  -0.1426203219   0.0212145776
        0.0249543281  -0.0566309926  -0.0453539129   0.0064273436  -0.0257089156
        0.0032538344   0.0072787713  -0.0120034959  -0.0023496784  -0.0006796835
        0.0005492564  -0.0005429223  -0.0010545143   0.0009977668  -0.0008214598
       -0.0001300604   0.0007277991   0.0000146098
        0.0000560808   0.0000188554   0.0000152597   0.0001083743  -0.0000939322
       -0.0001325176  -0.0000269216  -0.0000969081   0.0004327494  -0.0044632894
       -0.0033915762   0.0010955490  -0.0578137023   0.0067729432  -0.1449083919
       -0.0357009715   0.0044965986   0.5046279374   0.0002759330   0.0077302278
       -0.0662304809  -0.0119400004   0.0189524354  -0.0049887435   0.0000052852
        0.0000417430  -0.0000656010  -0.0000081985  -0.0000162644  -0.0000227744
        0.0000329931  -0.0000345627   0.0000048724  -0.0000466966  -0.0000258394
        0.0000246303  -0.0000326087   0.0000164334  -0.0000536486   0.0001463795
       -0.0001115559   0.0000175766   0.0005951022   0.0005340066  -0.0001227088
        0.0001410374   0.0000403275   0.0002240679   0.0005625166   0.0003671438
        0.0008890935  -0.0155101875   0.0007999295  -0.0286921555  -0.0047354165
        0.0021338583  -0.0047429526   0.0276740125   0.0214265030  -0.0492104223
        0.0952786266  -0.0456365527  -0.2056243470  -0.0022610117   0.0078817739
       -0.0003066980   0.0113208153  -0.0241399753  -0.0002290554  -0.0004966152
        0.0009612767   0.0005771152   0.0006435674   0.0003386285   0.0004301444
       -0.0038051040   0.0010344820  -0.0030084983
        0.0000031013  -0.0000168056  -0.0000318031   0.0000232338   0.0000752120
       -0.0000017374   0.0000695078   0.0000115166  -0.0001319699   0.0005209963
        0.0000137931   0.0001257194  -0.0103565004   0.0177824034  -0.0057116391
       -0.0857391978   0.0456670883   0.0002759330   0.4987445247   0.0276870798
       -0.0333852094  -0.1316293911  -0.0023894913  -0.0665520902  -0.0000145606
        0.0000059126   0.0000443372   0.0000043591   0.0000087022   0.0000132825
        0.0000144080  -0.0000313327  -0.0000030173  -0.0000548122  -0.0000909713
       -0.0000187936   0.0000295100  -0.0000210856   0.0000504455   0.0000409416
       -0.0000951296   0.0000678791  -0.0002632498   0.0001393778   0.0002150905
       -0.0008582189   0.0003321637  -0.0008130280   0.0000951092   0.0001476617
        0.0001120920   0.0005890082  -0.0004196295   0.0010617491  -0.0020925087
        0.0009883315  -0.0030940860   0.0069150229  -0.0193043622   0.0011675173
       -0.0077457894   0.0168813994   0.0011491605  -0.1579971037  -0.1089159829
        0.0422471728  -0.0860405243   0.0229770218   0.0859866011   0.0079035343
       -0.0002171277   0.0058709422  -0.0209941432  -0.0036044752  -0.0175712159
       -0.0111672571   0.0023887295  -0.0110733323
       -0.0000157025  -0.0000195475  -0.0000176130  -0.0000319574   0.0001039450
        0.0000267998  -0.0001736237  -0.0002199577  -0.0001351580   0.0000182858
        0.0004580878  -0.0000311884   0.0057770195  -0.0036703098   0.0047927668
        0.0441938729  -0.1744026303   0.0077302278   0.0276870798   0.4883214517
        0.0045855603  -0.0028255643  -0.0643145009  -0.0020484762   0.0000052109
        0.0000182184   0.0000353484  -0.0000235810  -0.0000095260   0.0000038183
        0.0000207610  -0.0000222577  -0.0000027493  -0.0000441145  -0.0001092469
       -0.0000241230   0.0000221351  -0.0000166281   0.0000196931   0.0000732847
       -0.0001138648   0.0000279138   0.0000002079   0.0002642913   0.0001097541
       -0.0002991854  -0.0001138560  -0.0004626586  -0.0002297554  -0.0000823314
        0.0000048249  -0.0007007350   0.0006648833  -0.0006719314   0.0001554931
        0.0008060792  -0.0000276580   0.0057719021  -0.0274571803   0.0031402261
        0.0067084604  -0.0115401684  -0.0022181359  -0.1089916516  -0.1449191014
        0.0359165024   0.0229594390  -0.0601656307  -0.0505805183  -0.0050519675
        0.0000203458  -0.0065684681  -0.0152022121  -0.0014584539  -0.0138133250
        0.0201968981  -0.0020221108   0.0202085672
       -0.0000053344  -0.0000099315  -0.0000099380   0.0000658863   0.0000317106
        0.0000572760   0.0001192057   0.0000576159  -0.0001894571   0.0000847734
       -0.0001841096   0.0000869737  -0.0105511151   0.0196234426  -0.0045849521
       -0.0001146217   0.0087442240  -0.0662304809  -0.0333852094   0.0045855603
        0.5093599908  -0.0669968529  -0.0014527949  -0.1378612828   0.0000034536
       -0.0000066543   0.0000028286  -0.0000219494  -0.0000052380   0.0000125574
       -0.0000098110   0.0000152114   0.0000016553   0.0000237985   0.0000106756
        0.0000102810   0.0000032805   0.0000206852  -0.0000118748  -0.0000668275
        0.0000600576  -0.0000116002   0.0001172537  -0.0001447105   0.0000305706
       -0.0003436647   0.0003178746   0.0001208114  -0.0000115877   0.0002402012
       -0.0000052919  -0.0006371136   0.0010423604   0.0004861479  -0.0035017864
        0.0012647521  -0.0033907926  -0.0017843332   0.0065610778   0.0000107407
        0.0109551496  -0.0237217883  -0.0003107263   0.0419775008   0.0354406129
       -0.0581756506   0.0863844972  -0.0509186563  -0.2128362231  -0.0186579456
       -0.0017941672  -0.0263527899   0.0011332059  -0.0014509059   0.0038077879
       -0.0047798528   0.0016728940  -0.0040165611
       -0.0000173783   0.0000049986  -0.0000017013   0.0000173440   0.0000021302
       -0.0000092148   0.0000722293   0.0000430496  -0.0000240641   0.0000099717
        0.0000467570  -0.0001613853  -0.0007363985   0.0022752889  -0.0000761616
       -0.0125112762   0.0052120237  -0.0119400004  -0.1316293911  -0.0028255643
       -0.0669968529   0.4928234067  -0.0008765214  -0.0315145527  -0.0000049259
       -0.0000049336   0.0000011095   0.0000002890   0.0000092300   0.0000089862
       -0.0000048007  -0.0000043734   0.0000011123   0.0000211634   0.0000314200
       -0.0000093912   0.0000074644  -0.0000037175   0.0000326135  -0.0000141166
       -0.0000340045  -0.0000092812  -0.0000391659  -0.0000360881  -0.0000682191
        0.0000579055   0.0000769757   0.0001360281   0.0000059101   0.0000751285
        0.0000868407  -0.0001275580   0.0000828346   0.0000719275  -0.0003980412
        0.0000688372  -0.0006190350   0.0010200814  -0.0009885735   0.0004659407
        0.0001420837  -0.0004280224  -0.0003313136  -0.0208892847  -0.0031844403
       -0.0179944699   0.0069200512   0.0002592564   0.0059725086  -0.0857536204
        0.0260520380   0.0880247048  -0.1688669511  -0.1113871821   0.0413197834
       -0.0801049920   0.0855334526  -0.0063659124
        0.0000057973   0.0000135843   0.0000086686   0.0000173865  -0.0000030084
       -0.0000077907   0.0000358707   0.0000521305   0.0000401534  -0.0001844772
       -0.0001617862  -0.0000784825   0.0024443968  -0.0046397092   0.0006545800
        0.0194616140  -0.0041529496   0.0189524354  -0.0023894913  -0.0643145009
       -0.0014527949  -0.0008765214   0.5254913590  -0.0002650746   0.0000030472
       -0.0000016372  -0.0000178212   0.0000022387   0.0000063692  -0.0000022678
       -0.0000104614   0.0000030111   0.0000063816   0.0000294765   0.0000289251
       -0.0000011281  -0.0000185185   0.0000061128  -0.0000092423  -0.0000831104
        0.0000403162   0.0000194857   0.0000207449  -0.0000566790  -0.0000456673
        0.0000617544   0.0001191014   0.0000919798   0.0000102882   0.0001676202
       -0.0000386721  -0.0000216460  -0.0000572875  -0.0000483673   0.0009778127
       -0.0003875767   0.0011967010   0.0011805561   0.0008727248   0.0006658610
        0.0000655599   0.0004247466   0.0006909269  -0.0154919015  -0.0010670660
       -0.0138127657  -0.0049568051   0.0004561231  -0.0062430624   0.0258179289
       -0.0621639954  -0.0548112055  -0.1118298247  -0.1449876422   0.0351950810
        0.0857282849  -0.2456882862   0.0193120880
        0.0000010470  -0.0000050063   0.0000082599   0.0000040924  -0.0000022385
        0.0000063004   0.0000567370   0.0000242950   0.0000349339   0.0001109125
       -0.0000600252   0.0000044136  -0.0002891537   0.0009919021   0.0003230475
       -0.0064767015   0.0041318539  -0.0049887435  -0.0665520902  -0.0020484762
       -0.1378612828  -0.0315145527  -0.0002650746   0.4891918805  -0.0000035704
        0.0000083419  -0.0000122070  -0.0000044525   0.0000007930   0.0000038067
        0.0000016676  -0.0000081491   0.0000044148  -0.0000105741   0.0000064047
       -0.0000030753  -0.0000007420  -0.0000034949   0.0000022373  -0.0000146006
       -0.0000303968   0.0000153760  -0.0000384600   0.0000306845   0.0000132414
       -0.0000058697   0.0000996379  -0.0001114430   0.0000249890  -0.0000025043
        0.0000579331  -0.0000513447   0.0000027745   0.0002286199  -0.0002918046
        0.0000366678  -0.0001504339   0.0000464699  -0.0005175849   0.0001925587
        0.0006414574  -0.0006030442   0.0008161597   0.0009691261  -0.0003355376
        0.0029915861  -0.0193524788  -0.0015689383  -0.0258639261   0.0875637481
       -0.0545300263  -0.2229027675   0.0414485331   0.0355352782  -0.0568929278
       -0.0062623846   0.0191118634  -0.0451079629
       -0.1016325466   0.0234660041  -0.1000226142   0.0080019993  -0.0035337767
        0.0145642041   0.0011121466   0.0002106738   0.0010576427  -0.0001436250
        0.0000517217   0.0001075910  -0.0000381609  -0.0000461619  -0.0000029954
       -0.0000176735   0.0000034880   0.0000052852  -0.0000145606   0.0000052109
        0.0000034536  -0.0000049259   0.0000030472  -0.0000035704   0.1164689506
       -0.0278032660   0.1146047184  -0.0172986327   0.0039903201  -0.0247081461
       -0.0054194517   0.0037554893  -0.0089962121   0.0005336079  -0.0004543391
       -0.0000584612  -0.0012385110   0.0003137044   0.0036521511  -0.0000906864
        0.0000350720  -0.0001289838  -0.0002427216   0.0000204879   0.0000731012
        0.0000383356  -0.0000421705  -0.0000033913  -0.0000632944   0.0000079745
       -0.0000946019   0.0000254873   0.0000061048  -0.0000308023   0.0000009783
        0.0000159809  -0.0000012545   0.0000229305   0.0000101365  -0.0000161249
       -0.0000157205  -0.0000307370   0.0000035030  -0.0000037440   0.0000188190
        0.0000182948   0.0000198026   0.0000012070  -0.0000126287  -0.0000147303
       -0.0000037457  -0.0000069398   0.0000096461   0.0000043047  -0.0000041738
        0.0000051002  -0.0000055500   0.0000009552
        0.0233880367  -0.0553184381   0.0408316579  -0.0026563860   0.0015670768
       -0.0045777377   0.0000947154   0.0001158782   0.0004938496  -0.0000254466
       -0.0000348607  -0.0000330232   0.0000022865   0.0000035833   0.0000244833
       -0.0000214748   0.0000191222   0.0000417430   0.0000059126   0.0000182184
       -0.0000066543  -0.0000049336  -0.0000016372   0.0000083419  -0.0278032660
        0.0595686630  -0.0467021637  -0.0112697488   0.0033797560  -0.0160805945
        0.0182389561  -0.0101936427   0.0279930009  -0.0003681030   0.0002844404
       -0.0006546540   0.0005933616   0.0006945756  -0.0013138838   0.0001265593
       -0.0002029626   0.0001207308  -0.0003173312   0.0001934838   0.0000203076
        0.0000151448  -0.0000067500  -0.0000505383  -0.0000034964  -0.0000328860
       -0.0000541666   0.0000022486  -0.0000054315  -0.0000147772   0.0000064996
       -0.0000177631   0.0000115548   0.0000104648  -0.0000105216  -0.0000142392
       -0.0000242112  -0.0000091480  -0.0000197426   0.0000009032   0.0000108622
       -0.0000041998   0.0000065349  -0.0000161105  -0.0000074197  -0.0000044539
        0.0000087213  -0.0000101828  -0.0000048303  -0.0000046503   0.0000001662
        0.0000120575  -0.0000095787  -0.0000018589
       -0.1005274066   0.0407995368  -0.2139646131  -0.0092293188   0.0043192505
       -0.0280563653  -0.0010937708  -0.0000622172   0.0006518129  -0.0000960348
       -0.0000027269   0.0001732783  -0.0000360972  -0.0000004893   0.0000704238
        0.0000425913  -0.0000055673  -0.0000656010   0.0000443372   0.0000353484
        0.0000028286   0.0000011095  -0.0000178212  -0.0000122070   0.1146047184
       -0.0467021637   0.2509743862  -0.0047439625   0.0001674693  -0.0039142722
       -0.0028706401   0.0026429834  -0.0024331473  -0.0005814976   0.0001500910
        0.0007007060   0.0037320985  -0.0013769278  -0.0048112488  -0.0000225953
        0.0000634759  -0.0001227988   0.0009578197   0.0000718806   0.0003727239
       -0.0000484166  -0.0000207118   0.0000050212  -0.0000802923  -0.0000534155
        0.0002715509  -0.0000489799  -0.0000205160   0.0000234282  -0.0000127240
        0.0000045441  -0.0000090043  -0.0000075951   0.0000013389   0.0000336639
        0.0000353283   0.0000521482   0.0000679739   0.0000182878  -0.0000502161
       -0.0000254447  -0.0000372096   0.0000027232   0.0000202958   0.0000096702
        0.0000159607   0.0000459367  -0.0000159749  -0.0000049953  -0.0000023772
        0.0000065553  -0.0000089827   0.0000030494
       -0.2026024549  -0.1128596502  -0.0123472330  -0.0188964559  -0.0108192536
        0.0024302800  -0.0022845680   0.0010947894   0.0040495261  -0.0009013303
       -0.0007716516  -0.0000673014  -0.0001493029   0.0001357646   0.0002245543
        0.0000427839   0.0000056492  -0.0000081985   0.0000043591  -0.0000235810
       -0.0000219494   0.0000002890   0.0000022387  -0.0000044525  -0.0172986327
       -0.0112697488  -0.0047439625   0.2350739175   0.1313194288   0.0109339634
        0.0057330355   0.0029015175   0.0000640975   0.0000876327  -0.0000138906
       -0.0004799567   0.0006780951  -0.0001156539  -0.0003279280   0.0001364028
        0.0003565816  -0.0000333545   0.0004639714   0.0000919417   0.0001986825
        0.0000022891   0.0000074713  -0.0000187541   0.0000138572  -0.0000226180
        0.0000210906  -0.0001230638  -0.0000450503   0.0000675036   0.0000278859
        0.0000336547  -0.0000252129  -0.0000367055  -0.0000173845   0.0000113361
        0.0000411278   0.0000425770   0.0000433121   0.0000106566  -0.0000469516
        0.0000086488  -0.0000065199   0.0000062727   0.0000199536   0.0000127669
       -0.0000058345   0.0000071754  -0.0000098495  -0.0000150579   0.0000051537
       -0.0000201871   0.0000284390  -0.0000069742
       -0.1127552901  -0.1247347525  -0.0069018519   0.0029569343   0.0026953776
        0.0005573056   0.0003720614   0.0005677671  -0.0002914922   0.0001111248
        0.0001861878  -0.0001321633   0.0000812345   0.0000400563  -0.0000520795
        0.0000310939   0.0000010729  -0.0000162644   0.0000087022  -0.0000095260
       -0.0000052380   0.0000092300   0.0000063692   0.0000007930   0.0039903201
        0.0033797560   0.0001674693   0.1313194288   0.1413136755   0.0089633304
       -0.0268413936  -0.0243052701  -0.0025861465   0.0004931284   0.0005956741
       -0.0000923755   0.0000129937  -0.0000466547   0.0002777529   0.0001676281
        0.0003067711  -0.0001243436   0.0001468536  -0.0000521441   0.0000774900
       -0.0000625002   0.0000566464   0.0000577080  -0.0000071667  -0.0000133761
        0.0000512853  -0.0000171230   0.0000137785   0.0000314251   0.0000171754
        0.0000033520  -0.0000219847  -0.0000174274  -0.0000142850   0.0000041334
        0.0000190172   0.0000014212   0.0000203930  -0.0000080618  -0.0000053716
       -0.0000010448  -0.0000113320   0.0000117262   0.0000158730   0.0000037479
       -0.0000047235   0.0000011219  -0.0000080073  -0.0000105377   0.0000018479
       -0.0000123722   0.0000170093  -0.0000029445
       -0.0121364770  -0.0067723028  -0.0436110396   0.0213420201   0.0129805483
       -0.0010519728   0.0029812705  -0.0009646281  -0.0034613297   0.0011402721
        0.0006673768   0.0000881668   0.0002423274  -0.0000598015  -0.0002644037
        0.0000058078  -0.0000161312  -0.0000227744   0.0000132825   0.0000038183
        0.0000125574   0.0000089862  -0.0000022678   0.0000038067  -0.0247081461
       -0.0160805945  -0.0039142722   0.0109339634   0.0089633304   0.0504179200
        0.0002622285   0.0006199967   0.0007391517  -0.0002606803   0.0003352429
        0.0005692391   0.0002726175   0.0004080578   0.0005000008  -0.0001036336
       -0.0000909872  -0.0000751400   0.0000607708  -0.0000856288  -0.0000478931
       -0.0000453480   0.0000321800   0.0000340312  -0.0000433860   0.0000212784
        0.0001187441   0.0000827718   0.0000562184  -0.0000140499  -0.0000221726
       -0.0000299631   0.0000053592  -0.0000030500   0.0000018065   0.0000078907
       -0.0000020401  -0.0000025652  -0.0000211115  -0.0000088807   0.0000095591
       -0.0000225897  -0.0000169277   0.0000073475   0.0000056584   0.0000049798
        0.0000017511   0.0000036347  -0.0000022800   0.0000014507   0.0000005105
        0.0000017236  -0.0000050929  -0.0000000947
       -0.0623090150   0.0628296765  -0.0018356168  -0.0071436127   0.0188802403
        0.0027762650   0.0005371213   0.0012141027  -0.0001378827   0.0000106023
       -0.0000833741   0.0000040172   0.0000069086  -0.0000145874  -0.0000247659
       -0.0000267714   0.0000150793   0.0000329931   0.0000144080   0.0000207610
       -0.0000098110  -0.0000048007  -0.0000104614   0.0000016676  -0.0054194517
        0.0182389561  -0.0028706401   0.0057330355  -0.0268413936   0.0002622285
        0.0703109399  -0.0742657048  -0.0011913290  -0.0020248359   0.0011653262
        0.0035930141   0.0005241516  -0.0003843903  -0.0006656134  -0.0003079389
       -0.0006313347   0.0003766242  -0.0000981032   0.0000885367  -0.0000953139
        0.0001284093  -0.0001399766  -0.0000892066   0.0000330509   0.0000220058
       -0.0000727110   0.0000490712  -0.0000020183  -0.0000309521  -0.0000199682
       -0.0000696635   0.0000278179   0.0000036094  -0.0000148358  -0.0000078765
       -0.0000259731   0.0000147085  -0.0000411586   0.0000091402  -0.0000072242
        0.0000093795   0.0000146262  -0.0000172181  -0.0000080414  -0.0000015052
        0.0000095560  -0.0000075008  -0.0000088028  -0.0000067171   0.0000014041
        0.0000157042  -0.0000100494   0.0000030087
        0.0624589884  -0.2648316658   0.0017637679   0.0050881462  -0.0091586046
       -0.0037381323  -0.0005107848   0.0007903833   0.0006176423  -0.0001584679
        0.0000338473   0.0001891868  -0.0000612744  -0.0000352282   0.0000503016
        0.0000017344  -0.0000289422  -0.0000345627  -0.0000313327  -0.0000222577
        0.0000152114  -0.0000043734   0.0000030111  -0.0000081491   0.0037554893
       -0.0101936427   0.0026429834   0.0029015175  -0.0243052701   0.0006199967
       -0.0742657048   0.3063255374  -0.0002147964   0.0011044834   0.0005073587
       -0.0020377129  -0.0004227140   0.0003665811   0.0001229544   0.0002122959
        0.0005918719  -0.0000773833   0.0000873938  -0.0001985973   0.0000126660
       -0.0001536262   0.0000349381   0.0000726910  -0.0000283775  -0.0000202367
       -0.0000166575  -0.0000172028  -0.0000127760  -0.0000036441   0.0000040106
        0.0000921883  -0.0000131383   0.0000138029   0.0000350564   0.0000077537
        0.0000108399  -0.0000017080   0.0000333993   0.0000062894   0.0000110007
       -0.0000093400  -0.0000033716   0.0000054796  -0.0000049328  -0.0000008418
       -0.0000062517   0.0000118904   0.0000206974   0.0000197683  -0.0000021031
       -0.0000076174  -0.0000018413   0.0000001075
       -0.0019824833   0.0014797922  -0.0439645776   0.0090169457  -0.0241938118
       -0.0021869718  -0.0006344643  -0.0004968211   0.0004757815  -0.0000353053
        0.0000258103  -0.0000353550  -0.0000157098   0.0000373946   0.0000389778
       -0.0000021681  -0.0000030649   0.0000048724  -0.0000030173  -0.0000027493
        0.0000016553   0.0000011123   0.0000063816   0.0000044148  -0.0089962121
        0.0279930009  -0.0024331473   0.0000640975  -0.0025861465   0.0007391517
       -0.0011913290  -0.0002147964   0.0505000458   0.0038211977  -0.0018732829
       -0.0038314754  -0.0000364901  -0.0006946816   0.0007289023   0.0001868930
        0.0003066783   0.0000499379  -0.0000576807   0.0001584978  -0.0001269215
       -0.0001115483   0.0000781094   0.0000178095  -0.0000000981  -0.0000601175
        0.0000166017  -0.0000344161  -0.0000097083   0.0000125305   0.0000247805
        0.0000340588   0.0000015443   0.0000000568   0.0000039914  -0.0000036200
        0.0000005855   0.0000034209   0.0000050546  -0.0000074274   0.0000045975
       -0.0000212700  -0.0000087523  -0.0000021236   0.0000042258   0.0000016088
        0.0000039877   0.0000036244   0.0000019021   0.0000008979   0.0000016103
       -0.0000020777   0.0000006847  -0.0000034021
       -0.0069707307   0.0188420129   0.0034621224  -0.0576607001   0.0562890076
       -0.0031324401   0.0032778123  -0.0255302375   0.0006211672   0.0007847720
       -0.0009362227  -0.0005071167  -0.0000895424   0.0000043751  -0.0000239861
       -0.0000194251  -0.0000176351  -0.0000466966  -0.0000548122  -0.0000441145
        0.0000237985   0.0000211634   0.0000294765  -0.0000105741   0.0005336079
       -0.0003681030  -0.0005814976   0.0000876327   0.0004931284  -0.0002606803
       -0.0020248359   0.0011044834   0.0038211977   0.0703767473  -0.0639888256
       -0.0009846762  -0.0048960764   0.0177783518  -0.0028521608  -0.0039063398
       -0.0039914718   0.0000024155   0.0009226622  -0.0002261272   0.0002615968
       -0.0004096651   0.0001453701   0.0001809508  -0.0000505560   0.0001359298
       -0.0000120806   0.0000179673   0.0000650233  -0.0000014196   0.0000173311
        0.0001429038  -0.0000116457   0.0000247045   0.0000336441   0.0000133776
        0.0000457379  -0.0000124170   0.0000573709  -0.0000599160   0.0000160876
       -0.0000386948   0.0000080552   0.0000228643   0.0000030333   0.0000037834
       -0.0000079122   0.0000034698   0.0000296681   0.0000105993   0.0000131665
       -0.0000090453   0.0000098082   0.0000000020
        0.0047142556  -0.0089196769  -0.0027033299   0.0568146354  -0.2560712712
        0.0016649848  -0.0001045966  -0.0234728299   0.0002497941   0.0008461129
        0.0004768775  -0.0002606717   0.0001177092   0.0001204611  -0.0000379263
        0.0000470801  -0.0000062931  -0.0000258394  -0.0000909713  -0.0001092469
        0.0000106756   0.0000314200   0.0000289251   0.0000064047  -0.0004543391
        0.0002844404   0.0001500910  -0.0000138906   0.0005956741   0.0003352429
        0.0011653262   0.0005073587  -0.0018732829  -0.0639888256   0.2986446633
       -0.0002115407   0.0047914317  -0.0110947955   0.0029676938  -0.0040367645
       -0.0024039255  -0.0006338283   0.0006364708   0.0006036292  -0.0000906638
       -0.0007138305   0.0005844122   0.0002920642   0.0000332430  -0.0002368571
        0.0001681739   0.0000103710   0.0000888372   0.0000505391   0.0001295403
        0.0002143164  -0.0000789133   0.0000644595   0.0000285895   0.0000053709
        0.0000356912  -0.0000520015   0.0000474082  -0.0000609981   0.0001216483
       -0.0000571194   0.0000024963   0.0000384535   0.0000210413   0.0000014283
       -0.0000208938  -0.0000052996   0.0000426052   0.0000094159   0.0000121113
       -0.0000200602   0.0000400891  -0.0000031806
        0.0092866492  -0.0241006226  -0.0027653929  -0.0029726356   0.0020445776
       -0.0451888534   0.0004731154  -0.0017243966   0.0005950710   0.0001068360
        0.0007250387   0.0002512310   0.0000221549  -0.0000288432  -0.0000384361
       -0.0000187872  -0.0000200474   0.0000246303  -0.0000187936  -0.0000241230
        0.0000102810  -0.0000093912  -0.0000011281  -0.0000030753  -0.0000584612
       -0.0006546540   0.0007007060  -0.0004799567  -0.0000923755   0.0005692391
        0.0035930141  -0.0020377129  -0.0038314754  -0.0009846762  -0.0002115407
        0.0517996776  -0.0092192477   0.0274711646  -0.0026929626   0.0000027226
       -0.0006331391   0.0006238336   0.0000535815  -0.0007166581   0.0000910335
        0.0003921539  -0.0000766772   0.0000788048  -0.0001579715   0.0001555810
       -0.0001443923   0.0000075479   0.0000012017  -0.0000158252  -0.0000281206
       -0.0000770900  -0.0000350776  -0.0000054514   0.0000046718  -0.0000229210
       -0.0000002478  -0.0000215677  -0.0000100602  -0.0000102391   0.0000117875
        0.0000466164   0.0000319844   0.0000084638  -0.0000204870  -0.0000075088
       -0.0000116800  -0.0000141309   0.0000088102   0.0000068489  -0.0000081624
       -0.0000070814   0.0000029204   0.0000001279
        0.0071632914  -0.0029535911   0.0154291215  -0.0990956561   0.0249647327
       -0.0969800340  -0.0187825964   0.0023808274  -0.0223852635   0.0003575365
        0.0001393403  -0.0014127958   0.0001743250   0.0000256977  -0.0000246629
       -0.0000108239  -0.0000076721  -0.0000326087   0.0000295100   0.0000221351
        0.0000032805   0.0000074644  -0.0000185185  -0.0000007420  -0.0012385110
        0.0005933616   0.0037320985   0.0006780951   0.0000129937   0.0002726175
        0.0005241516  -0.0004227140  -0.0000364901  -0.0048960764   0.0047914317
       -0.0092192477   0.1192299422  -0.0263973207   0.1098680558   0.0009489740
        0.0006160304   0.0000524409  -0.0048549341  -0.0036022614  -0.0006506571
       -0.0000442112   0.0000702067  -0.0000453335  -0.0003581684  -0.0003019586
        0.0011590138   0.0000476848   0.0000634665   0.0000412012   0.0000277936
        0.0000036329  -0.0000455432   0.0000051247   0.0000003505   0.0000988097
        0.0000749262   0.0001041438   0.0001176674   0.0000300216  -0.0000921536
       -0.0000308126  -0.0000390608   0.0000038956   0.0000267954   0.0000260938
        0.0000071369   0.0000443213  -0.0000109699  -0.0000137331   0.0000099113
        0.0000060733   0.0000105395   0.0000088565
       -0.0022872319   0.0018239255  -0.0046837925   0.0250924401  -0.0569428669
        0.0402633128  -0.0105529010   0.0029696185  -0.0137094905   0.0003573169
        0.0002030177  -0.0004056134   0.0000084946  -0.0000487435  -0.0000716107
       -0.0000748630  -0.0000397605   0.0000164334  -0.0000210856  -0.0000166281
        0.0000206852  -0.0000037175   0.0000061128  -0.0000034949   0.0003137044
        0.0006945756  -0.0013769278  -0.0001156539  -0.0000466547   0.0004080578
       -0.0003843903   0.0003665811  -0.0006946816   0.0177783518  -0.0110947955
        0.0274711646  -0.0263973207   0.0625791369  -0.0458203419  -0.0002135356
        0.0006217389  -0.0007137390  -0.0036476583  -0.0011269811  -0.0009073056
        0.0000798264  -0.0001799021   0.0001514722   0.0000257800   0.0002244088
        0.0000569396   0.0000406593   0.0000229994  -0.0000149784  -0.0000356230
       -0.0000173455  -0.0000356978  -0.0000077721   0.0000151494   0.0000144358
        0.0000416131   0.0000214019   0.0000305578  -0.0000120163  -0.0000365592
        0.0000006039   0.0000063916   0.0000035302  -0.0000039875   0.0000046019
       -0.0000086143   0.0000074056   0.0000108285   0.0000046376  -0.0000015889
       -0.0000062395   0.0000020170   0.0000021816
       -0.0091216549   0.0046216486  -0.0276214496  -0.0963553402   0.0402939766
       -0.2027938147  -0.0050022947  -0.0006417075  -0.0039657179   0.0009886861
        0.0003993171   0.0008629891   0.0000956657   0.0000882961  -0.0000799410
        0.0000421109  -0.0000055867  -0.0000536486   0.0000504455   0.0000196931
       -0.0000118748   0.0000326135  -0.0000092423   0.0000022373   0.0036521511
       -0.0013138838  -0.0048112488  -0.0003279280   0.0002777529   0.0005000008
       -0.0006656134   0.0001229544   0.0007289023  -0.0028521608   0.0029676938
       -0.0026929626   0.1098680558  -0.0458203419   0.2391607509   0.0002617376
       -0.0000859171   0.0001034591  -0.0006953208  -0.0009214391   0.0002671244
       -0.0001031391  -0.0000033989  -0.0001291366   0.0001144056   0.0000349579
        0.0004140217   0.0000244625   0.0000225736   0.0000390331   0.0000134352
       -0.0000460938  -0.0000028729   0.0000076472  -0.0000237315   0.0000220554
        0.0000159925   0.0000491462   0.0000281851  -0.0000192726  -0.0000413066
       -0.0000324869  -0.0000230635   0.0000099725   0.0000379931   0.0000146612
        0.0000087819   0.0000183895  -0.0000186679  -0.0000192568   0.0000089372
        0.0000023854   0.0000151410   0.0000010754
        0.0007741170  -0.0007832318  -0.0004887200   0.0033091729  -0.0255371945
        0.0007112152  -0.0572658264   0.0563080493  -0.0031792078  -0.0072346456
        0.0185319452   0.0031083120   0.0003622927   0.0012354362  -0.0001468986
       -0.0001675367   0.0000370688   0.0001463795   0.0000409416   0.0000732847
       -0.0000668275  -0.0000141166  -0.0000831104  -0.0000146006  -0.0000906864
        0.0001265593  -0.0000225953   0.0001364028   0.0001676281  -0.0001036336
       -0.0003079389   0.0002122959   0.0001868930  -0.0039063398  -0.0040367645
        0.0000027226   0.0009489740  -0.0002135356   0.0002617376   0.0696172233
       -0.0633852515  -0.0005819554  -0.0046868068   0.0175282554  -0.0028987679
       -0.0019364788   0.0011528305   0.0037697747   0.0004614232  -0.0003476850
       -0.0005762251   0.0002594367  -0.0001460749  -0.0001946011  -0.0002421423
       -0.0006786084   0.0004250464   0.0000001873  -0.0000463387  -0.0000234945
       -0.0002299810   0.0001625772  -0.0003606596   0.0000643628  -0.0001510574
        0.0000611017   0.0000851461  -0.0001012892  -0.0000384915   0.0000097705
        0.0000222286  -0.0000028242  -0.0000332093  -0.0000117844   0.0000012681
        0.0000462576  -0.0000362328   0.0000250518
        0.0007565208   0.0007003438  -0.0001529810   0.0001467806  -0.0233376733
        0.0002089868   0.0563361903  -0.2551783660   0.0035760439   0.0052831186
       -0.0101900882  -0.0030480085  -0.0006047296   0.0007683962   0.0004580527
        0.0000884947  -0.0000898111  -0.0001115559  -0.0000951296  -0.0001138648
        0.0000600576  -0.0000340045   0.0000403162  -0.0000303968   0.0000350720
       -0.0002029626   0.0000634759   0.0003565816   0.0003067711  -0.0000909872
       -0.0006313347   0.0005918719   0.0003066783  -0.0039914718  -0.0024039255
       -0.0006331391   0.0006160304   0.0006217389  -0.0000859171  -0.0633852515
        0.2985368517  -0.0019523628   0.0046109799  -0.0110480157   0.0030035528
        0.0008351514  -0.0000830647  -0.0021342786  -0.0003387357   0.0002077268
        0.0001445894  -0.0002963163   0.0000488790   0.0001844853   0.0001962636
        0.0006069470  -0.0000868994  -0.0000472132   0.0000529223   0.0000412909
        0.0002430962  -0.0000324679   0.0002899066  -0.0000016344   0.0001069905
       -0.0000456313  -0.0000735583   0.0000591651   0.0000254834  -0.0000059514
       -0.0000185763   0.0000323416   0.0000444140   0.0000325315  -0.0000054046
       -0.0000433631   0.0000173639  -0.0000173830
        0.0000699654   0.0007255749   0.0002408485   0.0004723075  -0.0017003514
        0.0005913030  -0.0029203454   0.0032637225  -0.0457428333   0.0091396619
       -0.0238882571  -0.0020367830  -0.0004836233  -0.0005790511   0.0006187500
       -0.0000387836   0.0000470069   0.0000175766   0.0000678791   0.0000279138
       -0.0000116002  -0.0000092812   0.0000194857   0.0000153760  -0.0001289838
        0.0001207308  -0.0001227988  -0.0000333545  -0.0001243436  -0.0000751400
        0.0003766242  -0.0000773833   0.0000499379   0.0000024155  -0.0006338283
        0.0006238336   0.0000524409  -0.0007137390   0.0001034591  -0.0005819554
       -0.0019523628   0.0516851540  -0.0090179608   0.0275527142  -0.0028412565
        0.0033459848  -0.0020150314  -0.0037213023  -0.0000541692  -0.0005450010
        0.0006161663  -0.0002843426  -0.0000052001   0.0000958404   0.0002071645
        0.0004270445  -0.0000193974  -0.0000302381  -0.0000152835  -0.0000269086
       -0.0001706031   0.0001634749   0.0000151568   0.0001026313  -0.0000574715
       -0.0001299750  -0.0000890008  -0.0000571541   0.0000323074   0.0000192280
        0.0000229338   0.0000329769  -0.0000094085  -0.0000043937   0.0000035218
       -0.0000042528  -0.0000017501  -0.0000142133
        0.0005169603   0.0002443583  -0.0009853237  -0.0188129744   0.0022922898
       -0.0229354138  -0.0966227467   0.0255719878  -0.0964312060   0.0076064463
       -0.0030036068   0.0145850169   0.0004381131   0.0000186678  -0.0001836192
       -0.0011767547  -0.0002385264   0.0005951022  -0.0002632498   0.0000002079
        0.0001172537  -0.0000391659   0.0000207449  -0.0000384600  -0.0002427216
       -0.0003173312   0.0009578197   0.0004639714   0.0001468536   0.0000607708
       -0.0000981032   0.0000873938  -0.0000576807   0.0009226622   0.0006364708
        0.0000535815  -0.0048549341  -0.0036476583  -0.0006953208  -0.0046868068
        0.0046109799  -0.0090179608   0.1188144173  -0.0257768070   0.1107803208
        0.0006585658  -0.0003760174  -0.0000468640  -0.0013323853   0.0004452908
        0.0035441570  -0.0000391448   0.0000768049  -0.0001550967  -0.0000480371
       -0.0000079889  -0.0000245715   0.0001062582  -0.0000532266  -0.0000958105
       -0.0014298348  -0.0010807631   0.0000193327  -0.0000248098   0.0003304238
        0.0000756187   0.0001276339   0.0000451857  -0.0000236283  -0.0000480163
       -0.0000059333  -0.0001028189   0.0000278320  -0.0000120194   0.0000080581
        0.0000368248  -0.0000077814  -0.0000032573
        0.0003525964   0.0002438335  -0.0003416717  -0.0104594331   0.0029276325
       -0.0137052760   0.0256863271  -0.0566978851   0.0415280950  -0.0024419851
        0.0016618843  -0.0050191385  -0.0000604610   0.0000926635   0.0003729563
       -0.0004052312   0.0002632141   0.0005340066   0.0001393778   0.0002642913
       -0.0001447105  -0.0000360881  -0.0000566790   0.0000306845   0.0000204879
        0.0001934838   0.0000718806   0.0000919417  -0.0000521441  -0.0000856288
        0.0000885367  -0.0001985973   0.0001584978  -0.0002261272   0.0006036292
       -0.0007166581  -0.0036022614  -0.0011269811  -0.0009214391   0.0175282554
       -0.0110480157   0.0275527142  -0.0257768070   0.0627919840  -0.0463013958
       -0.0003637535   0.0003986350  -0.0007649832   0.0002737231   0.0005683521
       -0.0016535185   0.0000033150  -0.0000443986  -0.0001054498   0.0001507964
       -0.0001063176   0.0000666510   0.0001170979  -0.0001132056  -0.0001745248
       -0.0011885955  -0.0002175253  -0.0002827911   0.0001493357  -0.0001651589
       -0.0000761046  -0.0000223738  -0.0001592594   0.0000138849  -0.0000082630
        0.0000512478  -0.0000240829  -0.0000607457  -0.0000267624  -0.0000110000
        0.0000503345  -0.0000479212  -0.0000009972
        0.0009145241   0.0003066040   0.0009479856  -0.0049245771  -0.0004811024
       -0.0041056310  -0.0961703024   0.0413932672  -0.2067938225  -0.0093027496
        0.0043323722  -0.0273684418  -0.0005003138   0.0000157378   0.0001222441
       -0.0001270826  -0.0001140928  -0.0001227088   0.0002150905   0.0001097541
        0.0000305706  -0.0000682191  -0.0000456673   0.0000132414   0.0000731012
        0.0000203076   0.0003727239   0.0001986825   0.0000774900  -0.0000478931
       -0.0000953139   0.0000126660  -0.0001269215   0.0002615968  -0.0000906638
        0.0000910335  -0.0006506571  -0.0009073056   0.0002671244  -0.0028987679
        0.0030035528  -0.0028412565   0.1107803208  -0.0463013958   0.2421695762
       -0.0006932768   0.0002251337   0.0008348881   0.0032775070  -0.0013926079
       -0.0049950502  -0.0002360912   0.0000166449   0.0002761221  -0.0000671775
       -0.0000617866  -0.0001287442  -0.0002004968  -0.0000699515   0.0001662218
        0.0002914150   0.0004349834   0.0010815759   0.0001904307  -0.0005277911
        0.0000567777  -0.0001583580   0.0000489743   0.0000754864  -0.0000076200
        0.0000165132   0.0001029577  -0.0000690395  -0.0000401832  -0.0000485033
       -0.0000326252   0.0000185469  -0.0000295563
        0.0000403751  -0.0001557080  -0.0000081774   0.0002905679   0.0011178291
        0.0000676992  -0.0078205391   0.0179267369   0.0025611950  -0.0637974089
        0.0678634637  -0.0043383796   0.0053031258  -0.0235469347   0.0014625768
        0.0007688839   0.0001930558   0.0001410374  -0.0008582189  -0.0002991854
       -0.0003436647   0.0000579055   0.0000617544  -0.0000058697   0.0000383356
        0.0000151448  -0.0000484166   0.0000022891  -0.0000625002  -0.0000453480
        0.0001284093  -0.0001536262  -0.0001115483  -0.0004096651  -0.0007138305
        0.0003921539  -0.0000442112   0.0000798264  -0.0001031391  -0.0019364788
        0.0008351514   0.0033459848   0.0006585658  -0.0003637535  -0.0006932768
        0.0778089874  -0.0777905900   0.0026220566  -0.0065688847   0.0187933814
       -0.0040672892   0.0006592435  -0.0001466341  -0.0001996785  -0.0033265984
       -0.0042911310   0.0002680680   0.0000900819   0.0002139806   0.0001300051
       -0.0000191039   0.0000352649   0.0000439167  -0.0007616963   0.0003785166
       -0.0014408078  -0.0004136635  -0.0000450005   0.0002419699   0.0000421252
        0.0000113850   0.0000660520   0.0000667261   0.0000167361   0.0000555322
        0.0000008467   0.0000266673   0.0000073484
       -0.0001236593   0.0000687110   0.0001539505  -0.0003819756   0.0005483497
        0.0004984648   0.0054717046  -0.0100503440  -0.0028801510   0.0675221042
       -0.2508240449   0.0099145147   0.0018735465  -0.0239768259   0.0015861201
        0.0007568455   0.0001853110   0.0000403275   0.0003321637  -0.0001138560
        0.0003178746   0.0000769757   0.0001191014   0.0000996379  -0.0000421705
       -0.0000067500  -0.0000207118   0.0000074713   0.0000566464   0.0000321800
       -0.0001399766   0.0000349381   0.0000781094   0.0001453701   0.0005844122
       -0.0000766772   0.0000702067  -0.0001799021  -0.0000033989   0.0011528305
       -0.0000830647  -0.0020150314  -0.0003760174   0.0003986350   0.0002251337
       -0.0777905900   0.2926665186  -0.0117164250   0.0045805089  -0.0082061153
        0.0031077638   0.0003399122   0.0004418137   0.0001227762  -0.0040411916
       -0.0029374957   0.0004294716   0.0003531111   0.0001799916   0.0000677626
        0.0000063769  -0.0001455940   0.0000755439   0.0003192948   0.0009972529
       -0.0002751276  -0.0002658599   0.0001810961   0.0001392298   0.0000353876
       -0.0000169170   0.0000338054   0.0001119796   0.0000177216   0.0000501557
        0.0000056510   0.0000604102   0.0000147007
        0.0000128828   0.0000825515  -0.0000400121  -0.0004775409  -0.0005859809
        0.0002758597   0.0103469643  -0.0238170021  -0.0016362126  -0.0047845418
        0.0096707385  -0.0451280308   0.0003164624   0.0015386878   0.0005741105
        0.0001226703  -0.0004074338   0.0002240679  -0.0008130280  -0.0004626586
        0.0001208114   0.0001360281   0.0000919798  -0.0001114430  -0.0000033913
       -0.0000505383   0.0000050212  -0.0000187541   0.0000577080   0.0000340312
       -0.0000892066   0.0000726910   0.0000178095   0.0001809508   0.0002920642
        0.0000788048  -0.0000453335   0.0001514722  -0.0001291366   0.0037697747
       -0.0021342786  -0.0037213023  -0.0000468640  -0.0007649832   0.0008348881
        0.0026220566  -0.0117164250   0.0529317031  -0.0109656995   0.0268515996
       -0.0039894422   0.0000246739   0.0005189750  -0.0000192212   0.0005275245
        0.0000744465   0.0006717132   0.0000209342   0.0001118090  -0.0000743022
        0.0000328215  -0.0000993873  -0.0001264245  -0.0011425331   0.0004278777
       -0.0007852949   0.0001917993   0.0000673411  -0.0000094307  -0.0000074050
       -0.0000270211  -0.0000471969   0.0000921496   0.0000423576   0.0000371009
       -0.0000033953   0.0000134096   0.0000115285
       -0.0001202116   0.0000424624   0.0000589184   0.0010263058   0.0002350615
        0.0014409750   0.0072032203  -0.0022206026   0.0139488454  -0.1063416024
        0.0182996879  -0.1013730805  -0.0189605231  -0.0004838916  -0.0210403965
       -0.0037670170  -0.0035668952   0.0005625166   0.0000951092  -0.0002297554
       -0.0000115877   0.0000059101   0.0000102882   0.0000249890  -0.0000632944
       -0.0000034964  -0.0000802923   0.0000138572  -0.0000071667  -0.0000433860
        0.0000330509  -0.0000283775  -0.0000000981  -0.0000505560   0.0000332430
       -0.0001579715  -0.0003581684   0.0000257800   0.0001144056   0.0004614232
       -0.0003387357  -0.0000541692  -0.0013323853   0.0002737231   0.0032775070
       -0.0065688847   0.0045805089  -0.0109656995   0.1289241456  -0.0172454572
        0.1153067904  -0.0001074505   0.0004362146  -0.0003761523   0.0007549107
        0.0003735693  -0.0001051769  -0.0009336587  -0.0000945832  -0.0010076232
        0.0000122952   0.0000410542   0.0003291841   0.0000330559  -0.0001218942
        0.0001300796  -0.0000000298  -0.0000362833  -0.0000345679   0.0000131715
       -0.0000127419   0.0000547252   0.0000285794  -0.0000050930  -0.0000003993
       -0.0000012530   0.0000433808   0.0000016648
       -0.0000293347  -0.0000696978  -0.0000447329  -0.0000775083   0.0002190643
        0.0006157274  -0.0031783719   0.0016555720  -0.0056660562   0.0181593238
       -0.0494983167   0.0245402637  -0.0132416911   0.0006243555  -0.0147607573
       -0.0029743106  -0.0018650376   0.0003671438   0.0001476617  -0.0000823314
        0.0002402012   0.0000751285   0.0001676202  -0.0000025043   0.0000079745
       -0.0000328860  -0.0000534155  -0.0000226180  -0.0000133761   0.0000212784
        0.0000220058  -0.0000202367  -0.0000601175   0.0001359298  -0.0002368571
        0.0001555810  -0.0003019586   0.0002244088   0.0000349579  -0.0003476850
        0.0002077268  -0.0005450010   0.0004452908   0.0005683521  -0.0013926079
        0.0187933814  -0.0082061153   0.0268515996  -0.0172454572   0.0555283127
       -0.0286020666   0.0004382587   0.0004044070  -0.0001948845  -0.0002523066
        0.0003936193  -0.0006659217  -0.0006729184  -0.0000787805  -0.0007373849
        0.0001313541  -0.0000682123   0.0000846763  -0.0000326623   0.0001477146
       -0.0002672225  -0.0000469495   0.0000005804   0.0000531015   0.0000094760
       -0.0000211346   0.0000058116   0.0000820986   0.0000119523   0.0000362189
       -0.0000241117   0.0000392961  -0.0000138883
       -0.0001037341  -0.0000115313   0.0002561516  -0.0012106615  -0.0001307757
        0.0005021562  -0.0098150848   0.0030113661  -0.0292395251  -0.1017841078
        0.0247975208  -0.1999458179  -0.0026839087  -0.0003846714  -0.0013988683
       -0.0003848815  -0.0004699895   0.0008890935   0.0001120920   0.0000048249
       -0.0000052919   0.0000868407  -0.0000386721   0.0000579331  -0.0000946019
       -0.0000541666   0.0002715509   0.0000210906   0.0000512853   0.0001187441
       -0.0000727110  -0.0000166575   0.0000166017  -0.0000120806   0.0001681739
       -0.0001443923   0.0011590138   0.0000569396   0.0004140217  -0.0005762251
        0.0001445894   0.0006161663   0.0035441570  -0.0016535185  -0.0049950502
       -0.0040672892   0.0031077638  -0.0039894422   0.1153067904  -0.0286020666
        0.2355390960   0.0003351165   0.0002379307   0.0007970927   0.0002344347
       -0.0002133152   0.0000466992  -0.0001029639  -0.0000056256  -0.0001271615
        0.0001734588   0.0001348700   0.0002522688  -0.0000324169  -0.0001413752
       -0.0000223728  -0.0000509614   0.0000013454   0.0000272433   0.0000352967
        0.0000015887   0.0000386552  -0.0000240793  -0.0000296392   0.0000125975
        0.0000074163   0.0000338057   0.0000118502
       -0.0003462773  -0.0002178499  -0.0000120398  -0.0006938378   0.0002015916
        0.0011708952  -0.0038959874  -0.0036276761   0.0001293353  -0.0176488661
        0.0021566210   0.0210282436  -0.0997903555   0.0274528728   0.0956901681
        0.0074117333  -0.0032652440  -0.0155101875   0.0005890082  -0.0007007350
       -0.0006371136  -0.0001275580  -0.0000216460  -0.0000513447   0.0000254873
        0.0000022486  -0.0000489799  -0.0001230638  -0.0000171230   0.0000827718
        0.0000490712  -0.0000172028  -0.0000344161   0.0000179673   0.0000103710
        0.0000075479   0.0000476848   0.0000406593   0.0000244625   0.0002594367
       -0.0002963163  -0.0002843426  -0.0000391448   0.0000033150  -0.0002360912
        0.0006592435   0.0003399122   0.0000246739  -0.0001074505   0.0004382587
        0.0003351165   0.1208562482  -0.0286466292  -0.1087909727  -0.0063789068
        0.0057079095   0.0108515326   0.0007333034   0.0000314502  -0.0003405760
       -0.0014061849   0.0003222265  -0.0036735254  -0.0001051423  -0.0000321410
        0.0001791655   0.0000108060   0.0001193966   0.0000262785  -0.0000366640
        0.0000104446   0.0000578818   0.0000245163   0.0000014094  -0.0000386065
        0.0000149328   0.0000038761   0.0000501228
       -0.0002570891  -0.0001325026   0.0000372522  -0.0005758928   0.0002481246
        0.0007062605  -0.0028119616  -0.0016712152   0.0000137866  -0.0121154498
        0.0026710245   0.0148937242   0.0275800411  -0.0567702989  -0.0419938721
       -0.0011629464   0.0009793241   0.0007999295  -0.0004196295   0.0006648833
        0.0010423604   0.0000828346  -0.0000572875   0.0000027745   0.0000061048
       -0.0000054315  -0.0000205160  -0.0000450503   0.0000137785   0.0000562184
       -0.0000020183  -0.0000127760  -0.0000097083   0.0000650233   0.0000888372
        0.0000012017   0.0000634665   0.0000229994   0.0000225736  -0.0001460749
        0.0000488790  -0.0000052001   0.0000768049  -0.0000443986   0.0000166449
       -0.0001466341   0.0004418137   0.0005189750   0.0004362146   0.0004044070
        0.0002379307  -0.0286466292   0.0640117238   0.0501446653   0.0179400481
       -0.0112257692  -0.0263777892  -0.0000642022  -0.0001362346  -0.0004884147
       -0.0000711485   0.0006556473   0.0003546200  -0.0000447201  -0.0001101594
        0.0000271027   0.0002865269  -0.0000075529   0.0000846061   0.0000198548
       -0.0000660484  -0.0000390451  -0.0000444044  -0.0000120528  -0.0000385485
       -0.0000030686   0.0000002853   0.0000124676
        0.0000445911   0.0000694364   0.0000478703   0.0001008839  -0.0001552585
       -0.0003583437   0.0010938927   0.0009501620   0.0008059633   0.0049516277
       -0.0002030425  -0.0043298845   0.0959819502  -0.0426419174  -0.1997032207
        0.0088645921  -0.0060068259  -0.0286921555   0.0010617491  -0.0006719314
        0.0004861479   0.0000719275  -0.0000483673   0.0002286199  -0.0000308023
       -0.0000147772   0.0000234282   0.0000675036   0.0000314251  -0.0000140499
       -0.0000309521  -0.0000036441   0.0000125305  -0.0000014196   0.0000505391
       -0.0000158252   0.0000412012  -0.0000149784   0.0000390331  -0.0001946011
        0.0001844853   0.0000958404  -0.0001550967  -0.0001054498   0.0002761221
       -0.0001996785   0.0001227762  -0.0000192212  -0.0003761523  -0.0001948845
        0.0007970927  -0.1087909727   0.0501446653   0.2345946935   0.0017060989
       -0.0021122654  -0.0006490500   0.0004070471  -0.0001553935   0.0005755708
       -0.0039383453   0.0001214878  -0.0048511704  -0.0000091108  -0.0000602625
       -0.0000632583  -0.0007717199   0.0007492432   0.0003510127   0.0000769385
       -0.0000343638   0.0002614969   0.0000065011  -0.0000596368  -0.0000017848
        0.0000223465   0.0000587783   0.0001025416
       -0.0000000117   0.0000596421   0.0000296140  -0.0001161821  -0.0000147798
       -0.0000449251   0.0008763936  -0.0010061082  -0.0005819166   0.0046326663
       -0.0236872129   0.0018034899  -0.0664046919   0.0700987449  -0.0026159342
       -0.0090466292   0.0182341982  -0.0047354165  -0.0020925087   0.0001554931
       -0.0035017864  -0.0003980412   0.0009778127  -0.0002918046   0.0000009783
        0.0000064996  -0.0000127240   0.0000278859   0.0000171754  -0.0000221726
       -0.0000199682   0.0000040106   0.0000247805   0.0000173311   0.0001295403
       -0.0000281206   0.0000277936  -0.0000356230   0.0000134352  -0.0002421423
        0.0001962636   0.0002071645  -0.0000480371   0.0001507964  -0.0000671775
       -0.0033265984  -0.0040411916   0.0005275245   0.0007549107  -0.0002523066
        0.0002344347  -0.0063789068   0.0179400481   0.0017060989   0.0815383759
       -0.0789517671   0.0071291165  -0.0002091404   0.0005721613   0.0001231474
        0.0004978316  -0.0001308433   0.0004088719  -0.0001221356  -0.0001304818
       -0.0000061964   0.0002033067  -0.0003265596  -0.0001383698   0.0000089364
        0.0000031477   0.0000093094   0.0000502682   0.0000253098   0.0000396084
       -0.0002316845   0.0000060298  -0.0002100517
        0.0000753178   0.0000555431  -0.0000205163   0.0001546436   0.0001195885
       -0.0000344043   0.0010279303   0.0005925649  -0.0002850397   0.0015593109
       -0.0254420453   0.0014790998   0.0705259250  -0.2448153165   0.0126922463
        0.0038731581  -0.0054509614   0.0021338583   0.0009883315   0.0008060792
        0.0012647521   0.0000688372  -0.0003875767   0.0000366678   0.0000159809
       -0.0000177631   0.0000045441   0.0000336547   0.0000033520  -0.0000299631
       -0.0000696635   0.0000921883   0.0000340588   0.0001429038   0.0002143164
       -0.0000770900   0.0000036329  -0.0000173455  -0.0000460938  -0.0006786084
        0.0006069470   0.0004270445  -0.0000079889  -0.0001063176  -0.0000617866
       -0.0042911310  -0.0029374957   0.0000744465   0.0003735693   0.0003936193
       -0.0002133152   0.0057079095  -0.0112257692  -0.0021122654  -0.0789517671
        0.2860087686  -0.0150040697  -0.0000175257   0.0007320263  -0.0003741123
       -0.0003354022   0.0001886562   0.0000452789  -0.0000216737   0.0002899059
       -0.0001859726  -0.0002630936   0.0002391933   0.0001381098  -0.0000126579
       -0.0000026240   0.0000678626   0.0000519382   0.0000273760  -0.0000193855
        0.0000464683   0.0000330898   0.0000660450
       -0.0000009997   0.0000050946  -0.0000119375   0.0000462924  -0.0000368343
       -0.0000289270  -0.0003875563   0.0009107720   0.0003193491  -0.0006163445
        0.0027979791   0.0005164919  -0.0024643432   0.0132275163  -0.0452307835
       -0.0116553230   0.0230519019  -0.0047429526  -0.0030940860  -0.0000276580
       -0.0033907926  -0.0006190350   0.0011967010  -0.0001504339  -0.0000012545
        0.0000115548  -0.0000090043  -0.0000252129  -0.0000219847   0.0000053592
        0.0000278179  -0.0000131383   0.0000015443  -0.0000116457  -0.0000789133
       -0.0000350776  -0.0000455432  -0.0000356978  -0.0000028729   0.0004250464
       -0.0000868994  -0.0000193974  -0.0000245715   0.0000666510  -0.0001287442
        0.0002680680   0.0004294716   0.0006717132  -0.0001051769  -0.0006659217
        0.0000466992   0.0108515326  -0.0263777892  -0.0006490500   0.0071291165
       -0.0150040697   0.0520363875   0.0003702002   0.0001892679   0.0005902034
        0.0000844971   0.0005667594   0.0003691179   0.0000623417  -0.0001000377
        0.0000164190  -0.0000550958  -0.0000868055  -0.0000509046   0.0000508610
        0.0000185237   0.0000985968   0.0000672730   0.0000159795   0.0000480949
       -0.0002768586   0.0000475766  -0.0002690984
        0.0000111203  -0.0000175424   0.0000011817   0.0000535152   0.0000485526
       -0.0000242945   0.0000826723  -0.0001200499  -0.0001445866  -0.0021832678
        0.0004831130  -0.0038586031  -0.0193027782  -0.0137381785  -0.0012808544
       -0.1643046212  -0.1098484884   0.0276740125   0.0069150229   0.0057719021
       -0.0017843332   0.0010200814   0.0011805561   0.0000464699   0.0000229305
        0.0000104648  -0.0000075951  -0.0000367055  -0.0000174274  -0.0000030500
        0.0000036094   0.0000138029   0.0000000568   0.0000247045   0.0000644595
       -0.0000054514   0.0000051247  -0.0000077721   0.0000076472   0.0000001873
       -0.0000472132  -0.0000302381   0.0001062582   0.0001170979  -0.0002004968
        0.0000900819   0.0003531111   0.0000209342  -0.0009336587  -0.0006729184
       -0.0001029639   0.0007333034  -0.0000642022   0.0004070471  -0.0002091404
       -0.0000175257   0.0003702002   0.1930172736   0.1263211557  -0.0269445346
       -0.0155018364  -0.0122019840   0.0067736908   0.0000768119   0.0022496846
       -0.0007729831   0.0004650842   0.0000542495  -0.0002696881  -0.0001582656
       -0.0001434095   0.0001137650   0.0000535628   0.0001252142  -0.0000067769
       -0.0000510707   0.0001033475   0.0000214444
        0.0000261193   0.0000033640  -0.0000083369   0.0001195333   0.0000218278
        0.0000260069   0.0001123191   0.0000433129   0.0000658320  -0.0000702313
        0.0007959891  -0.0004157320  -0.0020263612  -0.0003419635  -0.0004612498
       -0.1101736683  -0.1426203219   0.0214265030  -0.0193043622  -0.0274571803
        0.0065610778  -0.0009885735   0.0008727248  -0.0005175849   0.0000101365
       -0.0000105216   0.0000013389  -0.0000173845  -0.0000142850   0.0000018065
       -0.0000148358   0.0000350564   0.0000039914   0.0000336441   0.0000285895
        0.0000046718   0.0000003505   0.0000151494  -0.0000237315  -0.0000463387
        0.0000529223  -0.0000152835  -0.0000532266  -0.0001132056  -0.0000699515
        0.0002139806   0.0001799916   0.0001118090  -0.0000945832  -0.0000787805
       -0.0000056256   0.0000314502  -0.0001362346  -0.0001553935   0.0005721613
        0.0007320263   0.0001892679   0.1263211557   0.1693269588  -0.0271082120
        0.0026119956   0.0039744500  -0.0002247710   0.0025522758  -0.0065595397
        0.0004932886  -0.0006219941   0.0006467693  -0.0000007470  -0.0000121750
       -0.0000714406   0.0001040333   0.0010359031   0.0002137764   0.0002559307
       -0.0002172907   0.0004605648  -0.0002389388
       -0.0000172267   0.0000006411   0.0000270984   0.0000042970   0.0000202031
        0.0001527626   0.0002314001   0.0001704757  -0.0001194410  -0.0029143587
        0.0004019921  -0.0033627632  -0.0204087621  -0.0146718125  -0.0000002331
        0.0275133888   0.0212145776  -0.0492104223   0.0011675173   0.0031402261
        0.0000107407   0.0004659407   0.0006658610   0.0001925587  -0.0000161249
       -0.0000142392   0.0000336639   0.0000113361   0.0000041334   0.0000078907
       -0.0000078765   0.0000077537  -0.0000036200   0.0000133776   0.0000053709
       -0.0000229210   0.0000988097   0.0000144358   0.0000220554  -0.0000234945
        0.0000412909  -0.0000269086  -0.0000958105  -0.0001745248   0.0001662218
        0.0001300051   0.0000677626  -0.0000743022  -0.0010076232  -0.0007373849
       -0.0001271615  -0.0003405760  -0.0004884147   0.0005755708   0.0001231474
       -0.0003741123   0.0005902034  -0.0269445346  -0.0271082120   0.0577315887
        0.0232757896   0.0176789275  -0.0071864760  -0.0006158891   0.0007188923
        0.0006624849  -0.0002800040  -0.0005730924   0.0001736812   0.0001917718
        0.0000645030  -0.0002290176  -0.0005438387   0.0001204138   0.0000711540
       -0.0000106616  -0.0001956674  -0.0000544089
       -0.0000005094   0.0000280370   0.0000343859   0.0000088496  -0.0000846144
        0.0000548922  -0.0010240929  -0.0002165488  -0.0005592609   0.0006184827
        0.0000654364   0.0001651142   0.0082096185  -0.0037628011  -0.0156909969
       -0.0977899051   0.0249543281   0.0952786266  -0.0077457894   0.0067084604
        0.0109551496   0.0001420837   0.0000655599   0.0006414574  -0.0000157205
       -0.0000242112   0.0000353283   0.0000411278   0.0000190172  -0.0000020401
       -0.0000259731   0.0000108399   0.0000005855   0.0000457379   0.0000356912
       -0.0000002478   0.0000749262   0.0000416131   0.0000159925  -0.0002299810
        0.0002430962  -0.0001706031  -0.0014298348  -0.0011885955   0.0002914150
       -0.0000191039   0.0000063769   0.0000328215   0.0000122952   0.0001313541
        0.0001734588  -0.0014061849  -0.0000711485  -0.0039383453   0.0004978316
       -0.0003354022   0.0000844971  -0.0155018364   0.0026119956   0.0232757896
        0.1154671347  -0.0312820878  -0.1091338481   0.0006495371  -0.0007589423
       -0.0003222416  -0.0005644970   0.0029233809  -0.0004897954  -0.0000991389
        0.0002398989  -0.0007927614  -0.0001186498  -0.0000576940   0.0001536729
        0.0002035919  -0.0003030401  -0.0000930467
       -0.0000102031   0.0000279071  -0.0000072096   0.0000583402  -0.0000908495
        0.0001280531  -0.0003512268   0.0002557547  -0.0005599962   0.0002550859
        0.0000722635  -0.0003728200  -0.0002160631   0.0007562590   0.0002218882
        0.0245186411  -0.0566309926  -0.0456365527   0.0168813994  -0.0115401684
       -0.0237217883  -0.0004280224   0.0004247466  -0.0006030442  -0.0000307370
       -0.0000091480   0.0000521482   0.0000425770   0.0000014212  -0.0000025652
        0.0000147085  -0.0000017080   0.0000034209  -0.0000124170  -0.0000520015
       -0.0000215677   0.0001041438   0.0000214019   0.0000491462   0.0001625772
       -0.0000324679   0.0001634749  -0.0010807631  -0.0002175253   0.0004349834
        0.0000352649  -0.0001455940  -0.0000993873   0.0000410542  -0.0000682123
        0.0001348700   0.0003222265   0.0006556473   0.0001214878  -0.0001308433
        0.0001886562   0.0005667594  -0.0122019840   0.0039744500   0.0176789275
       -0.0312820878   0.0671600680   0.0518620490   0.0001170742   0.0008590750
       -0.0007851969   0.0033720536  -0.0058185646  -0.0002529523   0.0001076462
        0.0001136950   0.0005571119  -0.0000585028  -0.0000983390   0.0000931051
       -0.0002299425   0.0001942258  -0.0000043453
        0.0000280952   0.0000108769  -0.0000018252   0.0000158117   0.0000926648
        0.0000978077   0.0003591252   0.0001498828  -0.0000310485   0.0007900359
       -0.0000751694   0.0004926440   0.0088086089  -0.0055388010  -0.0269735271
        0.0951979896  -0.0453539129  -0.2056243470   0.0011491605  -0.0022181359
       -0.0003107263  -0.0003313136   0.0006909269   0.0008161597   0.0000035030
       -0.0000197426   0.0000679739   0.0000433121   0.0000203930  -0.0000211115
       -0.0000411586   0.0000333993   0.0000050546   0.0000573709   0.0000474082
       -0.0000100602   0.0001176674   0.0000305578   0.0000281851  -0.0003606596
        0.0002899066   0.0000151568   0.0000193327  -0.0002827911   0.0010815759
        0.0000439167   0.0000755439  -0.0001264245   0.0003291841   0.0000846763
        0.0002522688  -0.0036735254   0.0003546200  -0.0048511704   0.0004088719
        0.0000452789   0.0003691179   0.0067736908  -0.0002247710  -0.0071864760
       -0.1091338481   0.0518620490   0.2408498801  -0.0002995086   0.0000488321
        0.0003922974  -0.0002905989  -0.0002534268   0.0005831260  -0.0000177365
        0.0000528721   0.0002984737   0.0000751753  -0.0000463512  -0.0001677201
       -0.0000725028   0.0001232133  -0.0000452846
        0.0000040043  -0.0000119768   0.0000184680  -0.0000716880  -0.0000208574
        0.0000250086  -0.0001638515   0.0001737044  -0.0001095764  -0.0008446468
        0.0005356343  -0.0006115655   0.0002457224  -0.0002513117   0.0001229472
        0.0076601789   0.0064273436  -0.0022610117  -0.1579971037  -0.1089916516
        0.0419775008  -0.0208892847  -0.0154919015   0.0009691261  -0.0000037440
        0.0000009032   0.0000182878   0.0000106566  -0.0000080618  -0.0000088807
        0.0000091402   0.0000062894  -0.0000074274  -0.0000599160  -0.0000609981
       -0.0000102391   0.0000300216  -0.0000120163  -0.0000192726   0.0000643628
       -0.0000016344   0.0001026313  -0.0000248098   0.0001493357   0.0001904307
       -0.0007616963   0.0003192948  -0.0011425331   0.0000330559  -0.0000326623
       -0.0000324169  -0.0001051423  -0.0000447201  -0.0000091108  -0.0001221356
       -0.0000216737   0.0000623417   0.0000768119   0.0025522758  -0.0006158891
        0.0006495371   0.0001170742  -0.0002995086   0.1875578591   0.1255116991
       -0.0425923361  -0.0129075215  -0.0105861038   0.0074861453   0.0008799414
        0.0000913178   0.0005677804  -0.0033754025  -0.0002610340  -0.0042973016
        0.0001056504  -0.0000882689   0.0004764018
       -0.0000201192  -0.0000352799   0.0000139497   0.0000027567   0.0000185916
       -0.0000600387   0.0002134741  -0.0000345988   0.0002265885  -0.0000116063
       -0.0001164880   0.0000161470  -0.0004942313   0.0003289446  -0.0001686802
       -0.0184234398  -0.0257089156   0.0078817739  -0.1089159829  -0.1449191014
        0.0354406129  -0.0031844403  -0.0010670660  -0.0003355376   0.0000188190
        0.0000108622  -0.0000502161  -0.0000469516  -0.0000053716   0.0000095591
       -0.0000072242   0.0000110007   0.0000045975   0.0000160876   0.0001216483
        0.0000117875  -0.0000921536  -0.0000365592  -0.0000413066  -0.0001510574
        0.0001069905  -0.0000574715   0.0003304238  -0.0001651589  -0.0005277911
        0.0003785166   0.0009972529   0.0004278777  -0.0001218942   0.0001477146
       -0.0001413752  -0.0000321410  -0.0001101594  -0.0000602625  -0.0001304818
        0.0002899059  -0.0001000377   0.0022496846  -0.0065595397   0.0007188923
       -0.0007589423   0.0008590750   0.0000488321   0.1255116991   0.1700988913
       -0.0418744650   0.0034445018   0.0045878075  -0.0009965039   0.0000454048
       -0.0001449110  -0.0000225091  -0.0002807940   0.0007080995  -0.0004442997
        0.0004600920   0.0006163651   0.0000798768
        0.0000480888  -0.0000050273   0.0000093579  -0.0000284165   0.0000201977
       -0.0000193087  -0.0000374630  -0.0000666967   0.0002408838  -0.0004882801
        0.0008062355  -0.0000599807   0.0001760123   0.0002786210   0.0000656806
        0.0019061634   0.0032538344  -0.0003066980   0.0422471728   0.0359165024
       -0.0581756506  -0.0179944699  -0.0138127657   0.0029915861   0.0000182948
       -0.0000041998  -0.0000254447   0.0000086488  -0.0000010448  -0.0000225897
        0.0000093795  -0.0000093400  -0.0000212700  -0.0000386948  -0.0000571194
        0.0000466164  -0.0000308126   0.0000006039  -0.0000324869   0.0000611017
       -0.0000456313  -0.0001299750   0.0000756187  -0.0000761046   0.0000567777
       -0.0014408078  -0.0002751276  -0.0007852949   0.0001300796  -0.0002672225
       -0.0000223728   0.0001791655   0.0000271027  -0.0000632583  -0.0000061964
       -0.0001859726   0.0000164190  -0.0007729831   0.0004932886   0.0006624849
       -0.0003222416  -0.0007851969   0.0003922974  -0.0425923361  -0.0418744650
        0.0667557914   0.0231216685   0.0181918956  -0.0102005790  -0.0003410390
       -0.0004346119   0.0007907302  -0.0041989331  -0.0007412469  -0.0026735586
        0.0003112796  -0.0003465087   0.0005098425
        0.0000309175   0.0000068112  -0.0000002693   0.0000178984  -0.0000162236
       -0.0000537982   0.0000286460  -0.0000684506   0.0001180954  -0.0001429598
        0.0002026644  -0.0000071187   0.0001336801   0.0000796203   0.0009638536
       -0.0074784867   0.0072787713   0.0113208153  -0.0860405243   0.0229594390
        0.0863844972   0.0069200512  -0.0049568051  -0.0193524788   0.0000198026
        0.0000065349  -0.0000372096  -0.0000065199  -0.0000113320  -0.0000169277
        0.0000146262  -0.0000033716  -0.0000087523   0.0000080552   0.0000024963
        0.0000319844  -0.0000390608   0.0000063916  -0.0000230635   0.0000851461
       -0.0000735583  -0.0000890008   0.0001276339  -0.0000223738  -0.0001583580
       -0.0004136635  -0.0002658599   0.0001917993  -0.0000000298  -0.0000469495
       -0.0000509614   0.0000108060   0.0002865269  -0.0007717199   0.0002033067
       -0.0002630936  -0.0000550958   0.0004650842  -0.0006219941  -0.0002800040
       -0.0005644970   0.0033720536  -0.0002905989  -0.0129075215   0.0034445018
        0.0231216685   0.1001821453  -0.0307052086  -0.0963651516  -0.0021311908
       -0.0002758095  -0.0042834640   0.0008893102   0.0000411797  -0.0003429558
        0.0005873445  -0.0003559609   0.0000542148
       -0.0000207611  -0.0000014156   0.0000051353  -0.0000142011   0.0000049462
        0.0000281562   0.0000476301   0.0000159488  -0.0000033081   0.0000008603
       -0.0000418791   0.0000266822  -0.0003627694   0.0006617479  -0.0009028712
        0.0157044688  -0.0120034959  -0.0241399753   0.0229770218  -0.0601656307
       -0.0509186563   0.0002592564   0.0004561231  -0.0015689383   0.0000012070
       -0.0000161105   0.0000027232   0.0000062727   0.0000117262   0.0000073475
       -0.0000172181   0.0000054796  -0.0000021236   0.0000228643   0.0000384535
        0.0000084638   0.0000038956   0.0000035302   0.0000099725  -0.0001012892
        0.0000591651  -0.0000571541   0.0000451857  -0.0001592594   0.0000489743
       -0.0000450005   0.0001810961   0.0000673411  -0.0000362833   0.0000005804
        0.0000013454   0.0001193966  -0.0000075529   0.0007492432  -0.0003265596
        0.0002391933  -0.0000868055   0.0000542495   0.0006467693  -0.0005730924
        0.0029233809  -0.0058185646  -0.0002534268  -0.0105861038   0.0045878075
        0.0181918956  -0.0307052086   0.0704735777   0.0595587744  -0.0000119832
        0.0006741363  -0.0003024380   0.0001519639  -0.0000877524  -0.0004563206
       -0.0000902755   0.0002413799   0.0005590556
       -0.0000337861   0.0000025882  -0.0000015925  -0.0000523366  -0.0000339564
       -0.0000049652  -0.0000495407   0.0000393313  -0.0001289914   0.0000528913
       -0.0001038403  -0.0000602265  -0.0005420141   0.0006451466   0.0009379504
        0.0014301158  -0.0023496784  -0.0002290554   0.0859866011  -0.0505805183
       -0.2128362231   0.0059725086  -0.0062430624  -0.0258639261  -0.0000126287
       -0.0000074197   0.0000202958   0.0000199536   0.0000158730   0.0000056584
       -0.0000080414  -0.0000049328   0.0000042258   0.0000030333   0.0000210413
       -0.0000204870   0.0000267954  -0.0000039875   0.0000379931  -0.0000384915
        0.0000254834   0.0000323074  -0.0000236283   0.0000138849   0.0000754864
        0.0002419699   0.0001392298  -0.0000094307  -0.0000345679   0.0000531015
        0.0000272433   0.0000262785   0.0000846061   0.0003510127  -0.0001383698
        0.0001381098  -0.0000509046  -0.0002696881  -0.0000007470   0.0001736812
       -0.0004897954  -0.0002529523   0.0005831260   0.0074861453  -0.0009965039
       -0.0102005790  -0.0963651516   0.0595587744   0.2498854267  -0.0042283195
       -0.0002257102  -0.0038915533   0.0005906658  -0.0000902353   0.0008408336
        0.0004494012   0.0001563743   0.0003226936
       -0.0000065613   0.0000083834   0.0000002270  -0.0000014646  -0.0000149512
        0.0000126894  -0.0000243535   0.0000275395  -0.0000464283  -0.0000327502
       -0.0000366339  -0.0000205661  -0.0001004575  -0.0000079649  -0.0000606764
        0.0007652875  -0.0006796835  -0.0004966152   0.0079035343  -0.0050519675
       -0.0186579456  -0.0857536204   0.0258179289   0.0875637481  -0.0000147303
       -0.0000044539   0.0000096702   0.0000127669   0.0000037479   0.0000049798
       -0.0000015052  -0.0000008418   0.0000016088   0.0000037834   0.0000014283
       -0.0000075088   0.0000260938   0.0000046019   0.0000146612   0.0000097705
       -0.0000059514   0.0000192280  -0.0000480163  -0.0000082630  -0.0000076200
        0.0000421252   0.0000353876  -0.0000074050   0.0000131715   0.0000094760
        0.0000352967  -0.0000366640   0.0000198548   0.0000769385   0.0000089364
       -0.0000126579   0.0000508610  -0.0001582656  -0.0000121750   0.0001917718
       -0.0000991389   0.0001076462  -0.0000177365   0.0008799414   0.0000454048
       -0.0003410390  -0.0021311908  -0.0000119832  -0.0042283195   0.0983175317
       -0.0306568648  -0.0993916224  -0.0131018442   0.0048665232   0.0229678602
       -0.0064723798   0.0055564694   0.0123339421
       -0.0000115655  -0.0000001225  -0.0000110785  -0.0000047044   0.0000123952
        0.0000010487  -0.0000226199   0.0000005585  -0.0000406173   0.0000042330
        0.0000277621  -0.0000229538   0.0000799499  -0.0000766666   0.0000515225
       -0.0001228260   0.0005492564   0.0009612767  -0.0002171277   0.0000203458
       -0.0017941672   0.0260520380  -0.0621639954  -0.0545300263  -0.0000037457
        0.0000087213   0.0000159607  -0.0000058345  -0.0000047235   0.0000017511
        0.0000095560  -0.0000062517   0.0000039877  -0.0000079122  -0.0000208938
       -0.0000116800   0.0000071369  -0.0000086143   0.0000087819   0.0000222286
       -0.0000185763   0.0000229338  -0.0000059333   0.0000512478   0.0000165132
        0.0000113850  -0.0000169170  -0.0000270211  -0.0000127419  -0.0000211346
        0.0000015887   0.0000104446  -0.0000660484  -0.0000343638   0.0000031477
       -0.0000026240   0.0000185237  -0.0001434095  -0.0000714406   0.0000645030
        0.0002398989   0.0001136950   0.0000528721   0.0000913178  -0.0001449110
       -0.0004346119  -0.0002758095   0.0006741363  -0.0002257102  -0.0306568648
        0.0679334796   0.0645619093  -0.0107528307   0.0048755237   0.0187696609
        0.0157125890  -0.0116442020  -0.0274206040
       -0.0000074222   0.0000026167  -0.0000158917   0.0000194540   0.0000049486
        0.0000313712  -0.0000655480   0.0000068220  -0.0001144174   0.0000310837
       -0.0000437308   0.0000105000   0.0000947161  -0.0000788816   0.0001593161
        0.0009182296  -0.0005429223   0.0005771152   0.0058709422  -0.0065684681
       -0.0263527899   0.0880247048  -0.0548112055  -0.2229027675  -0.0000069398
       -0.0000101828   0.0000459367   0.0000071754   0.0000011219   0.0000036347
       -0.0000075008   0.0000118904   0.0000036244   0.0000034698  -0.0000052996
       -0.0000141309   0.0000443213   0.0000074056   0.0000183895  -0.0000028242
        0.0000323416   0.0000329769  -0.0001028189  -0.0000240829   0.0001029577
        0.0000660520   0.0000338054  -0.0000471969   0.0000547252   0.0000058116
        0.0000386552   0.0000578818  -0.0000390451   0.0002614969   0.0000093094
        0.0000678626   0.0000985968   0.0001137650   0.0001040333  -0.0002290176
       -0.0007927614   0.0005571119   0.0002984737   0.0005677804  -0.0000225091
        0.0007907302  -0.0042834640  -0.0003024380  -0.0038915533  -0.0993916224
        0.0645619093   0.2607002221   0.0075011609  -0.0014419618  -0.0098578434
        0.0012761302  -0.0015069532   0.0002516115
        0.0000079467   0.0000019571   0.0000062057   0.0000317151  -0.0000146794
       -0.0000007609   0.0000279363  -0.0000028449   0.0000343061  -0.0000000296
       -0.0000432052   0.0000036831   0.0001761234  -0.0001063912   0.0001168059
        0.0003404817  -0.0010545143   0.0006435674  -0.0209941432  -0.0152022121
        0.0011332059  -0.1688669511  -0.1118298247   0.0414485331   0.0000096461
       -0.0000048303  -0.0000159749  -0.0000098495  -0.0000080073  -0.0000022800
       -0.0000088028   0.0000206974   0.0000019021   0.0000296681   0.0000426052
        0.0000088102  -0.0000109699   0.0000108285  -0.0000186679  -0.0000332093
        0.0000444140  -0.0000094085   0.0000278320  -0.0000607457  -0.0000690395
        0.0000667261   0.0001119796   0.0000921496   0.0000285794   0.0000820986
       -0.0000240793   0.0000245163  -0.0000444044   0.0000065011   0.0000502682
        0.0000519382   0.0000672730   0.0000535628   0.0010359031  -0.0005438387
       -0.0001186498  -0.0000585028   0.0000751753  -0.0033754025  -0.0002807940
       -0.0041989331   0.0008893102   0.0001519639   0.0005906658  -0.0131018442
       -0.0107528307   0.0075011609   0.1967114165   0.1313383854  -0.0446594937
        0.0080441229   0.0065710160  -0.0021874688
        0.0000083880  -0.0000010639   0.0000008597   0.0000342905  -0.0000027827
        0.0000094173   0.0000309902  -0.0000116531   0.0000273701   0.0000164453
       -0.0000511878   0.0000063808   0.0000631070  -0.0001185312   0.0001374453
        0.0010815903   0.0009977668   0.0003386285  -0.0036044752  -0.0014584539
       -0.0014509059  -0.1113871821  -0.1449876422   0.0355352782   0.0000043047
       -0.0000046503  -0.0000049953  -0.0000150579  -0.0000105377   0.0000014507
       -0.0000067171   0.0000197683   0.0000008979   0.0000105993   0.0000094159
        0.0000068489  -0.0000137331   0.0000046376  -0.0000192568  -0.0000117844
        0.0000325315  -0.0000043937  -0.0000120194  -0.0000267624  -0.0000401832
        0.0000167361   0.0000177216   0.0000423576  -0.0000050930   0.0000119523
       -0.0000296392   0.0000014094  -0.0000120528  -0.0000596368   0.0000253098
        0.0000273760   0.0000159795   0.0001252142   0.0002137764   0.0001204138
       -0.0000576940  -0.0000983390  -0.0000463512  -0.0002610340   0.0007080995
       -0.0007412469   0.0000411797  -0.0000877524  -0.0000902353   0.0048665232
        0.0048755237  -0.0014419618   0.1313383854   0.1656149985  -0.0412780480
       -0.0222896829  -0.0256621588   0.0089635259
       -0.0000090599   0.0000069458   0.0000054255  -0.0000058299  -0.0000054989
       -0.0000029195  -0.0000124972   0.0000248343  -0.0000205377  -0.0000655118
        0.0000201055  -0.0000614157   0.0000319840  -0.0000948023  -0.0000354531
        0.0000840541  -0.0008214598   0.0004301444  -0.0175712159  -0.0138133250
        0.0038077879   0.0413197834   0.0351950810  -0.0568929278  -0.0000041738
        0.0000001662  -0.0000023772   0.0000051537   0.0000018479   0.0000005105
        0.0000014041  -0.0000021031   0.0000016103   0.0000131665   0.0000121113
       -0.0000081624   0.0000099113  -0.0000015889   0.0000089372   0.0000012681
       -0.0000054046   0.0000035218   0.0000080581  -0.0000110000  -0.0000485033
        0.0000555322   0.0000501557   0.0000371009  -0.0000003993   0.0000362189
        0.0000125975  -0.0000386065  -0.0000385485  -0.0000017848   0.0000396084
       -0.0000193855   0.0000480949  -0.0000067769   0.0002559307   0.0000711540
        0.0001536729   0.0000931051  -0.0001677201  -0.0042973016  -0.0004442997
       -0.0026735586  -0.0003429558  -0.0004563206   0.0008408336   0.0229678602
        0.0187696609  -0.0098578434  -0.0446594937  -0.0412780480   0.0647357864
        0.0023223654   0.0025256216  -0.0002303012
       -0.0000122259  -0.0000065520  -0.0000040225  -0.0000124972   0.0000273952
        0.0000027417  -0.0000354140  -0.0000263798  -0.0000102232   0.0000402941
        0.0000922359   0.0000365893  -0.0004261733   0.0011862739  -0.0001412905
       -0.0029640902  -0.0001300604  -0.0038051040  -0.0111672571   0.0201968981
       -0.0047798528  -0.0801049920   0.0857282849  -0.0062623846   0.0000051002
        0.0000120575   0.0000065553  -0.0000201871  -0.0000123722   0.0000017236
        0.0000157042  -0.0000076174  -0.0000020777  -0.0000090453  -0.0000200602
       -0.0000070814   0.0000060733  -0.0000062395   0.0000023854   0.0000462576
       -0.0000433631  -0.0000042528   0.0000368248   0.0000503345  -0.0000326252
        0.0000008467   0.0000056510  -0.0000033953  -0.0000012530  -0.0000241117
        0.0000074163   0.0000149328  -0.0000030686   0.0000223465  -0.0002316845
        0.0000464683  -0.0002768586  -0.0000510707  -0.0002172907  -0.0000106616
        0.0002035919  -0.0002299425  -0.0000725028   0.0001056504   0.0004600920
        0.0003112796   0.0005873445  -0.0000902755   0.0004494012  -0.0064723798
        0.0157125890   0.0012761302   0.0080441229  -0.0222896829   0.0023223654
        0.0924015268  -0.1004112637   0.0109733984
        0.0000017688   0.0000074705   0.0000083350  -0.0000150480  -0.0000380223
       -0.0000144296   0.0000072949   0.0000304048   0.0000003023   0.0000228843
       -0.0000807590   0.0000132202   0.0000847534  -0.0001495847  -0.0001338192
        0.0008347379   0.0007277991   0.0010344820   0.0023887295  -0.0020221108
        0.0016728940   0.0855334526  -0.2456882862   0.0191118634  -0.0000055500
       -0.0000095787  -0.0000089827   0.0000284390   0.0000170093  -0.0000050929
       -0.0000100494  -0.0000018413   0.0000006847   0.0000098082   0.0000400891
        0.0000029204   0.0000105395   0.0000020170   0.0000151410  -0.0000362328
        0.0000173639  -0.0000017501  -0.0000077814  -0.0000479212   0.0000185469
        0.0000266673   0.0000604102   0.0000134096   0.0000433808   0.0000392961
        0.0000338057   0.0000038761   0.0000002853   0.0000587783   0.0000060298
        0.0000330898   0.0000475766   0.0001033475   0.0004605648  -0.0001956674
       -0.0003030401   0.0001942258   0.0001232133  -0.0000882689   0.0006163651
       -0.0003465087  -0.0003559609   0.0002413799   0.0001563743   0.0055564694
       -0.0116442020  -0.0015069532   0.0065710160  -0.0256621588   0.0025256216
       -0.1004112637   0.2828566941  -0.0226239654
       -0.0000045019  -0.0000009145   0.0000018869  -0.0000025220   0.0000067102
        0.0000102486  -0.0000272697  -0.0000144766  -0.0000086657   0.0000067582
        0.0000465694   0.0000125097  -0.0006438896   0.0010569917  -0.0000058061
       -0.0033449433   0.0000146098  -0.0030084983  -0.0110733323   0.0202085672
       -0.0040165611  -0.0063659124   0.0193120880  -0.0451079629   0.0000009552
       -0.0000018589   0.0000030494  -0.0000069742  -0.0000029445  -0.0000000947
        0.0000030087   0.0000001075  -0.0000034021   0.0000000020  -0.0000031806
        0.0000001279   0.0000088565   0.0000021816   0.0000010754   0.0000250518
       -0.0000173830  -0.0000142133  -0.0000032573  -0.0000009972  -0.0000295563
        0.0000073484   0.0000147007   0.0000115285   0.0000016648  -0.0000138883
        0.0000118502   0.0000501228   0.0000124676   0.0001025416  -0.0002100517
        0.0000660450  -0.0002690984   0.0000214444  -0.0002389388  -0.0000544089
       -0.0000930467  -0.0000043453  -0.0000452846   0.0004764018   0.0000798768
        0.0005098425   0.0000542148   0.0005590556   0.0003226936   0.0123339421
       -0.0274206040   0.0002516115  -0.0021874688   0.0089635259  -0.0002303012
        0.0109733984  -0.0226239654   0.0515548878
