           1           2   1.01911082073797     
           2           3   1.00756890502281     
           3           4   1.00820581190756     
           4           5   1.00679032299448     
           5           6   1.00711617284227     
           6           7   1.00895187102206     
           7           8   1.01885330304260     
           1           9  0.987981336226887     
           1          10  0.987594208685460     
           1          11  0.988106097392369     
           2          12  0.978759791993943     
           2          13  0.978508597119587     
           3          14  0.977410931794760     
           3          15  0.975477184130263     
           4          16  0.975740631331280     
           4          17  0.976874715134975     
           5          18  0.977418103990107     
           5          19  0.977518132570887     
           6          20  0.976864340378699     
           6          21  0.975628230752424     
           7          22  0.976670133392751     
           7          23  0.978447408011025     
           8          24  0.988134735805699     
           8          25  0.987945234589017     
           8          26  0.987701661579966     
