$hessian                                                                        
        0.4792992783   0.0298480767   0.0003141014  -0.1599643075   0.0640498093
        0.0007382645  -0.0291548564   0.0094349619   0.0000587784  -0.0038638264
       -0.0029556620  -0.0000483521  -0.0010961495   0.0006925490  -0.0000005771
       -0.0003083603  -0.0002305636   0.0000012207  -0.0001077676   0.0000604530
       -0.0000005961  -0.0000499052  -0.0000203820   0.0000005298  -0.0433153766
        0.0027564924  -0.0055324883  -0.0434305182   0.0034737941   0.0070127129
       -0.1902892255  -0.1176334817  -0.0026999102  -0.0045508138   0.0045181842
       -0.0019328659  -0.0046962730   0.0045376241   0.0020678862   0.0007530215
        0.0008404343  -0.0002439511   0.0007582862   0.0008353805   0.0002710221
       -0.0000245296  -0.0001239810   0.0001523175  -0.0000156687  -0.0001329949
       -0.0001575836   0.0000027876   0.0000568485  -0.0000483373   0.0000023515
        0.0000571843   0.0000477346   0.0000239157  -0.0000394010   0.0000395485
        0.0000248808  -0.0000409798  -0.0000391658   0.0000060401   0.0000113086
       -0.0000137314   0.0000059784   0.0000116219   0.0000133694   0.0000055998
       -0.0000052350   0.0000061938  -0.0000202654   0.0000033638  -0.0000000747
        0.0000057038  -0.0000054057  -0.0000060461
        0.0298480767   0.5059802975  -0.0001425045   0.0631536019  -0.1066195474
       -0.0004233129  -0.0117847361   0.0075730098   0.0000801001  -0.0027441860
       -0.0014145446  -0.0000280009  -0.0007509695   0.0005284945  -0.0000007178
       -0.0002223800  -0.0001638500   0.0000010740  -0.0000610165   0.0000694675
       -0.0000007516  -0.0000203777  -0.0000175303   0.0000003314   0.0031713250
       -0.1276669571   0.1128910425   0.0038878327  -0.1197955746  -0.1100605474
       -0.1179011878  -0.1353322344  -0.0020904366   0.0178616293  -0.0126292328
        0.0026840270   0.0172184233  -0.0120544936  -0.0029218845  -0.0008592036
        0.0006846734  -0.0003567922  -0.0008320983   0.0006685250   0.0003640690
       -0.0000614278   0.0000602718  -0.0001345820  -0.0000581014   0.0000546774
        0.0001376567   0.0000699718   0.0000374265   0.0000018270   0.0000714905
        0.0000380984  -0.0000010939   0.0000036422   0.0000013926  -0.0000113961
        0.0000033867   0.0000014751   0.0000115942   0.0000118836  -0.0000024006
        0.0000062252   0.0000120568  -0.0000022941  -0.0000061221   0.0000017081
        0.0000030721  -0.0000041107  -0.0000211173  -0.0000054482   0.0000002153
        0.0000017734   0.0000032260   0.0000040908
        0.0003141014  -0.0001425045   0.5229347451   0.0007251418  -0.0004177021
       -0.0680841310  -0.0002734489   0.0001333814   0.0004577865  -0.0000517491
       -0.0000400796   0.0003168537  -0.0000167514   0.0000100464   0.0002014191
       -0.0000045954  -0.0000029921   0.0000098647  -0.0000015705   0.0000010235
        0.0000124991  -0.0000005729  -0.0000003183  -0.0000059032  -0.0057574268
        0.1129583170  -0.2000509299   0.0072477308  -0.1101130870  -0.2078317729
       -0.0026981551  -0.0020883962  -0.0453338252  -0.0207603421   0.0152192500
       -0.0014143496   0.0212930233  -0.0155353488  -0.0018509818   0.0007133588
       -0.0002509901   0.0002924224  -0.0007341284   0.0002650216   0.0003148837
        0.0001191348  -0.0000472698   0.0000295250  -0.0001160026   0.0000506515
        0.0000294114  -0.0000202484  -0.0000163804  -0.0000013338   0.0000221338
        0.0000169068   0.0000006118   0.0000126333   0.0000066967  -0.0000047370
       -0.0000125268  -0.0000064335  -0.0000051224  -0.0000019195   0.0000028004
       -0.0000026643   0.0000023673  -0.0000028313  -0.0000019576   0.0000018815
        0.0000009251  -0.0000049683  -0.0000002381  -0.0000000351  -0.0000025193
       -0.0000018308  -0.0000006515  -0.0000048263
       -0.1599643075   0.0631536019   0.0007251418   0.4561665040  -0.0058795944
       -0.0003439371  -0.1413988083  -0.0652378682  -0.0011376094  -0.0281244071
       -0.0112986610  -0.0002089450  -0.0038799726   0.0025064382  -0.0000039442
       -0.0009814697  -0.0007414614   0.0000055673  -0.0002945666   0.0001998121
       -0.0000022243  -0.0001077413  -0.0000610341   0.0000016011  -0.0038822979
        0.0046197804  -0.0027016930  -0.0040699065   0.0046470045   0.0028267875
       -0.0262618911   0.0122426080   0.0001106878  -0.0412485366   0.0022653333
       -0.0034463481  -0.0412785320   0.0027082812   0.0043267987  -0.0031011206
       -0.0039341374   0.0019667424  -0.0029454166  -0.0037349156  -0.0020879524
        0.0007217405  -0.0007978421   0.0002634408   0.0007309690  -0.0008375289
       -0.0002967527  -0.0000591576   0.0000979074  -0.0001150536  -0.0000563573
        0.0001012613   0.0001166391   0.0000067216  -0.0000482706   0.0000384350
        0.0000073255  -0.0000497088  -0.0000373232   0.0000175839   0.0000368780
       -0.0000300276   0.0000180125   0.0000378545   0.0000296098   0.0000082978
       -0.0000085666   0.0000109926  -0.0000309374   0.0000214095   0.0000000030
        0.0000082718  -0.0000085813  -0.0000106360
        0.0640498093  -0.1066195474  -0.0004177021  -0.0058795944   0.4991617900
       -0.0006621078  -0.0641605839  -0.1145826578  -0.0008367161   0.0091033837
        0.0073879213   0.0001119538   0.0025931157  -0.0012165613  -0.0000035226
        0.0006754068   0.0006235672  -0.0000051356   0.0001998834  -0.0001849779
        0.0000020656   0.0000604492   0.0000694959  -0.0000010301   0.0173213207
       -0.0132791846   0.0031906939   0.0166046401  -0.0126430208  -0.0034417798
       -0.0142343300   0.0087188879   0.0000824621   0.0017812045  -0.1230926548
        0.1064807775   0.0022192939  -0.1165985253  -0.1040705592  -0.0164817729
       -0.0147863825   0.0033711747  -0.0159024486  -0.0141760190  -0.0038240859
        0.0010556400   0.0005331393  -0.0002013131   0.0010601375   0.0005489170
        0.0002226032   0.0000077617   0.0000570866  -0.0001294248   0.0000085170
        0.0000571013   0.0001310473  -0.0000532582   0.0000069298   0.0000358101
       -0.0000550792   0.0000064751  -0.0000354842  -0.0000065627   0.0000095119
       -0.0000176883  -0.0000063358   0.0000099284   0.0000175240  -0.0000073834
       -0.0000106356   0.0000192800   0.0000542488   0.0000107299  -0.0000000486
       -0.0000074633  -0.0000113147  -0.0000187940
        0.0007382645  -0.0004233129  -0.0680841310  -0.0003439371  -0.0006621078
        0.5388230777  -0.0011836807  -0.0008558823  -0.0692678612   0.0000371451
        0.0000338518   0.0002981027   0.0000405733  -0.0000203000   0.0002901368
        0.0000119079   0.0000068097   0.0002121573   0.0000025530  -0.0000021611
        0.0000103621   0.0000007016   0.0000007562   0.0000125370  -0.0211808504
        0.0151601277  -0.0013368727   0.0217507562  -0.0155082900  -0.0017857258
       -0.0003499320   0.0001954687   0.0003324579  -0.0031598130   0.1063201853
       -0.1946201807   0.0040393088  -0.1038970824  -0.2010545139   0.0195816672
        0.0172521587  -0.0017262863  -0.0200348865  -0.0176120713  -0.0024503157
       -0.0008089293  -0.0001554466   0.0001659563   0.0008652329   0.0001637966
        0.0002050179  -0.0000783375  -0.0000252781   0.0000080900   0.0000732794
        0.0000294019   0.0000023114   0.0000090049  -0.0000004517  -0.0000062503
       -0.0000100703  -0.0000009296  -0.0000041949  -0.0000080210   0.0000084205
       -0.0000126163   0.0000076168  -0.0000075123  -0.0000122223  -0.0000020753
        0.0000087015   0.0000017851   0.0000007840   0.0000003604  -0.0000029635
        0.0000017376  -0.0000092130   0.0000021424
       -0.0291548564  -0.0117847361  -0.0002734489  -0.1413988083  -0.0641605839
       -0.0011836807   0.4539636052  -0.0018696724  -0.0003212927  -0.1504298221
        0.0622400897   0.0004877672  -0.0282841680   0.0089283098   0.0000714670
       -0.0035362682  -0.0027645546   0.0000135303  -0.0009816882   0.0006752558
       -0.0000108728  -0.0003083336  -0.0002224630   0.0000046529   0.0009690565
       -0.0008533795   0.0003208807   0.0009611690  -0.0008332587  -0.0003386457
       -0.0049618080   0.0023358438   0.0000244505  -0.0031866706  -0.0041021412
        0.0021339873  -0.0030892119  -0.0039640255  -0.0022508575  -0.0414085481
        0.0025279112  -0.0031865014  -0.0414699388   0.0031018367   0.0043800932
       -0.0045639797   0.0046307746  -0.0022952964  -0.0045106852   0.0045357808
        0.0024170792   0.0007734822   0.0008371460  -0.0002685681   0.0007829459
        0.0008623347   0.0002768321  -0.0000548267  -0.0000904149   0.0001094265
       -0.0000463954  -0.0001013421  -0.0001095469  -0.0000005709   0.0000387056
       -0.0000337878  -0.0000009928   0.0000396552   0.0000321673   0.0000238146
       -0.0000313918   0.0000264230  -0.0001105383   0.0000568917  -0.0000009129
        0.0000240377  -0.0000325719  -0.0000253454
        0.0094349619   0.0075730098   0.0001333814  -0.0652378682  -0.1145826578
       -0.0008558823  -0.0018696724   0.4974836185  -0.0004599093   0.0620382021
       -0.1050964502  -0.0002801668  -0.0115230177   0.0073422722   0.0000650021
       -0.0027644662  -0.0015873457   0.0000114084  -0.0007414340   0.0006233997
       -0.0000062906  -0.0002305078  -0.0001638882   0.0000029927   0.0010112154
        0.0006880103  -0.0002815930   0.0009805207   0.0006630232   0.0002987470
        0.0037762503  -0.0007762974  -0.0000106074  -0.0164548588  -0.0148025754
        0.0033102154  -0.0158330077  -0.0141990216  -0.0037733952   0.0026016125
       -0.1221293566   0.1056163732   0.0032044062  -0.1164705648  -0.1035764332
        0.0169888001  -0.0130333730   0.0032954111   0.0167109202  -0.0127825471
       -0.0035032779  -0.0010300406   0.0005425549  -0.0002572710  -0.0010085730
        0.0005557950   0.0002707225  -0.0000213080   0.0000466607  -0.0001196176
       -0.0000220397   0.0000480587   0.0001212010   0.0000497846   0.0000146364
        0.0000290179   0.0000516215   0.0000141713  -0.0000293544   0.0000111604
        0.0000111056  -0.0000191342  -0.0001336183   0.0000058995   0.0000001769
        0.0000109566   0.0000118620   0.0000182834
        0.0000587784   0.0000801001   0.0004577865  -0.0011376094  -0.0008367161
       -0.0692678612  -0.0003212927  -0.0004599093   0.5378334763   0.0005407701
       -0.0002886811  -0.0688596427  -0.0000344734   0.0000079055   0.0003039546
       -0.0000169803  -0.0000138927   0.0002950935  -0.0000067243   0.0000055892
        0.0002121832  -0.0000014623  -0.0000011896   0.0000099498  -0.0008563906
       -0.0002717403   0.0002142504   0.0008853736   0.0002815536   0.0002292120
        0.0000353927  -0.0000131307   0.0005519321   0.0195405877   0.0172182173
       -0.0015927185  -0.0200260431  -0.0176225682  -0.0023471006  -0.0033078381
        0.1057634391  -0.1943934143   0.0044671009  -0.1036752141  -0.2000517898
       -0.0208731763   0.0157775112  -0.0018441904   0.0210601455  -0.0159536943
       -0.0021455809   0.0008215923  -0.0001206638   0.0001773261  -0.0008321584
        0.0001175426   0.0002106570   0.0000846369  -0.0000213538   0.0000142328
       -0.0000800536   0.0000269490   0.0000085193  -0.0000096301  -0.0000037923
       -0.0000061693   0.0000106956   0.0000027632  -0.0000040870   0.0000055464
        0.0000096770  -0.0000080473  -0.0000007809   0.0000000605   0.0000092488
       -0.0000060066  -0.0000087621  -0.0000072204
       -0.0038638264  -0.0027441860  -0.0000517491  -0.0281244071   0.0091033837
        0.0000371451  -0.1504298221   0.0620382021   0.0005407701   0.4532453267
       -0.0016040832   0.0001935377  -0.1410626236  -0.0647700213   0.0000042507
       -0.0282786777  -0.0115247491   0.0000229915  -0.0038802450   0.0025928454
       -0.0000368051  -0.0010959832  -0.0007512622   0.0000172527  -0.0000404688
       -0.0001611425   0.0001426889  -0.0000436612  -0.0001534624  -0.0001480992
       -0.0012511607   0.0006542393   0.0000068465   0.0007728617   0.0008551143
       -0.0002502455   0.0007732638   0.0008463734   0.0002815318  -0.0044844774
        0.0045460742  -0.0023339718  -0.0046011171   0.0045914904   0.0023699547
       -0.0413251812   0.0030261095  -0.0041197898  -0.0412811597   0.0025783397
        0.0033688020  -0.0030847789  -0.0039174475   0.0020900545  -0.0030079144
       -0.0038300836  -0.0021256383   0.0007565060  -0.0008061529   0.0002869528
        0.0007708486  -0.0008544012  -0.0002934937  -0.0000647412   0.0000817393
       -0.0000992410  -0.0000614336   0.0000850005   0.0000968614   0.0000125435
       -0.0000508145   0.0000380254  -0.0003619389   0.0002211250  -0.0000023177
        0.0000122679  -0.0000522305  -0.0000363145
       -0.0029556620  -0.0014145446  -0.0000400796  -0.0112986610   0.0073879213
        0.0000338518   0.0622400897  -0.1050964502  -0.0002886811  -0.0016040832
        0.4968368873  -0.0002466548  -0.0647684586  -0.1140981451  -0.0000156536
        0.0089270571   0.0073434480   0.0000011363   0.0025062927  -0.0012160940
        0.0000174865   0.0006924302   0.0005286389  -0.0000100703  -0.0000081718
        0.0000429922  -0.0001090111  -0.0000056312   0.0000387664   0.0001093346
       -0.0010211688   0.0004215654   0.0000013164  -0.0010349462   0.0005357842
       -0.0002597648  -0.0010466220   0.0005235908   0.0002574570   0.0170674282
       -0.0130767062   0.0032974847   0.0165889613  -0.0126366593  -0.0034429239
        0.0030808738  -0.1202390565   0.1048781252   0.0025862782  -0.1183195172
       -0.1041637993  -0.0161153887  -0.0143913299   0.0035486741  -0.0161501405
       -0.0143956216  -0.0035775816   0.0010277536   0.0005485751  -0.0002393828
        0.0010409625   0.0005768414   0.0002497390   0.0000226584   0.0000595032
       -0.0001277399   0.0000279843   0.0000654992   0.0001263871  -0.0000496866
        0.0000151534   0.0000318791   0.0003011110  -0.0000549182   0.0000007109
       -0.0000512603   0.0000138758  -0.0000322401
       -0.0000483521  -0.0000280009   0.0003168537  -0.0002089450   0.0001119538
        0.0002981027   0.0004877672  -0.0002801668  -0.0688596427   0.0001935377
       -0.0002466548   0.5372475007  -0.0001073378  -0.0000513379  -0.0687770997
       -0.0000438211  -0.0000493857   0.0003032622   0.0000100134  -0.0000015705
        0.0002903021   0.0000028616   0.0000022040   0.0002015516   0.0000706264
       -0.0000237381   0.0000116297  -0.0000706205   0.0000210215   0.0000136740
       -0.0000151669   0.0000032867   0.0002184454   0.0008053899  -0.0001082633
        0.0002015164  -0.0008430824   0.0001282800   0.0001948668  -0.0207508044
        0.0157015427  -0.0018034325   0.0211583919  -0.0159070741  -0.0021417405
       -0.0041253686   0.1049974645  -0.1961095505   0.0034258122  -0.1042830637
       -0.1980237477   0.0197972897   0.0173358453  -0.0020040035  -0.0197500402
       -0.0173201020  -0.0020032257  -0.0008090222  -0.0001790072   0.0001801598
        0.0008229627   0.0001748562   0.0002105220  -0.0000825956  -0.0000278431
        0.0000164848   0.0000797350   0.0000309587   0.0000071699   0.0000083406
       -0.0000063867   0.0000015505   0.0000005623   0.0000004290   0.0000056174
       -0.0000081339   0.0000047527   0.0000032328
       -0.0010961495  -0.0007509695  -0.0000167514  -0.0038799726   0.0025931157
        0.0000405733  -0.0282841680  -0.0115230177  -0.0000344734  -0.1410626236
       -0.0647684586  -0.0001073378   0.4532710164  -0.0016049117  -0.0001600535
       -0.1504423612   0.0620339655  -0.0004048378  -0.0281281800   0.0090981984
       -0.0000180248  -0.0038630870  -0.0027446123   0.0000543689   0.0000123672
       -0.0000522979   0.0000363573   0.0000124138  -0.0000507529  -0.0000379665
       -0.0003618721   0.0002212291   0.0000017773  -0.0000621377   0.0000837215
       -0.0000965934  -0.0000641158   0.0000829072   0.0000995494   0.0007698664
       -0.0008541441   0.0002915476   0.0007567310  -0.0008073162  -0.0002891865
       -0.0030000119  -0.0038281768   0.0021183486  -0.0030923519  -0.0039185689
       -0.0020972164  -0.0412842957   0.0026227381  -0.0034168039  -0.0413216740
        0.0029873894   0.0040828410  -0.0046169537   0.0046071965  -0.0023604668
       -0.0044726025   0.0045312906   0.0023438766   0.0007717149   0.0008416849
       -0.0002791618   0.0007738285   0.0008605276   0.0002526648  -0.0000435276
       -0.0001538334   0.0001482919  -0.0012512295   0.0006538401  -0.0000087990
       -0.0000406236  -0.0001607447  -0.0001425238
        0.0006925490   0.0005284945   0.0000100464   0.0025064382  -0.0012165613
       -0.0000203000   0.0089283098   0.0073422722   0.0000079055  -0.0647700213
       -0.1140981451  -0.0000513379  -0.0016049117   0.4968187030   0.0001672493
        0.0622384998  -0.1050863498   0.0002046123  -0.0113035947   0.0073868453
       -0.0000205598  -0.0029560439  -0.0014155490   0.0000401962  -0.0000512000
        0.0000139158   0.0000322315  -0.0000497333   0.0000151338  -0.0000318892
        0.0003010935  -0.0000550192  -0.0000003548   0.0000282706   0.0000656936
       -0.0001260987   0.0000223911   0.0000593075   0.0001279323   0.0010423131
        0.0005772215  -0.0002494363   0.0010276760   0.0005483678   0.0002398403
       -0.0161880842  -0.0144350683   0.0035579167  -0.0160779061  -0.0143489568
       -0.0035674351   0.0026298018  -0.1187334635   0.1043143054   0.0030428495
       -0.1198219040  -0.1047312604   0.0166244802  -0.0126643029   0.0034173478
        0.0170347103  -0.0130431158  -0.0033232739  -0.0010453562   0.0005208134
       -0.0002556016  -0.0010372420   0.0005385656   0.0002616493  -0.0000050610
        0.0000384549  -0.0001094068  -0.0010214489   0.0004213662  -0.0000031128
       -0.0000087798   0.0000432808   0.0001088341
       -0.0000005771  -0.0000007178   0.0002014191  -0.0000039442  -0.0000035226
        0.0002901368   0.0000714670   0.0000650021   0.0003039546   0.0000042507
       -0.0000156536  -0.0687770997  -0.0001600535   0.0001672493   0.5372418140
       -0.0003385451   0.0001925120  -0.0688586715   0.0002071522  -0.0001127528
        0.0002981682   0.0000413160   0.0000256242   0.0003170061   0.0000079893
       -0.0000047230   0.0000031387  -0.0000085274   0.0000064386   0.0000016364
        0.0000002413  -0.0000006382   0.0000056314  -0.0000802841  -0.0000306126
        0.0000074478   0.0000820696   0.0000281829   0.0000162097  -0.0008210400
       -0.0001738245   0.0002092339   0.0008116461   0.0001800593   0.0001816866
        0.0197195903   0.0172954373  -0.0019690021  -0.0198291786  -0.0173575077
       -0.0020378976  -0.0034754882   0.1044372255  -0.1976044129   0.0040867689
       -0.1048473487  -0.1965266438  -0.0211353557   0.0158860922  -0.0021004815
        0.0207787074  -0.0157170983  -0.0018436104   0.0008387955  -0.0001278640
        0.0001913113  -0.0008100819   0.0001084801   0.0002053081   0.0000706809
       -0.0000208098   0.0000143605   0.0000129853  -0.0000031351   0.0002184202
       -0.0000705848   0.0000239053   0.0000109362
       -0.0003083603  -0.0002223800  -0.0000045954  -0.0009814697   0.0006754068
        0.0000119079  -0.0035362682  -0.0027644662  -0.0000169803  -0.0282786777
        0.0089270571  -0.0000438211  -0.1504423612   0.0622384998  -0.0003385451
        0.4539428967  -0.0018810849   0.0003763703  -0.1413735547  -0.0641655426
        0.0011534201  -0.0291519146  -0.0117923754   0.0002553098   0.0000240272
       -0.0000325874   0.0000253740   0.0000238144  -0.0000313775  -0.0000263910
       -0.0001105161   0.0000569291   0.0000007607  -0.0000011134   0.0000394689
       -0.0000322008  -0.0000004495   0.0000388798   0.0000337855  -0.0000463592
       -0.0001013389   0.0001093288  -0.0000547420  -0.0000905375  -0.0001096679
        0.0007834234   0.0008622825  -0.0002749986   0.0007738318   0.0008363908
        0.0002699840  -0.0045188092   0.0045447440  -0.0024101838  -0.0045605229
        0.0046247454   0.0023034432  -0.0414743567   0.0031729659  -0.0044878637
       -0.0414074050   0.0024784166   0.0031093624  -0.0030988987  -0.0039747897
        0.0022442157  -0.0031699996  -0.0040880595  -0.0021398622   0.0009613437
       -0.0008333469   0.0003405835  -0.0049627225   0.0023348720  -0.0000298048
        0.0009691640  -0.0008527723  -0.0003189311
       -0.0002305636  -0.0001638500  -0.0000029921  -0.0007414614   0.0006235672
        0.0000068097  -0.0027645546  -0.0015873457  -0.0000138927  -0.0115247491
        0.0073434480  -0.0000493857   0.0620339655  -0.1050863498   0.0001925120
       -0.0018810849   0.4974953795   0.0004220849  -0.0652409843  -0.1146052470
        0.0008298893   0.0094272047   0.0075730673  -0.0001231652   0.0000109968
        0.0000117927  -0.0000182982   0.0000111210   0.0000111723   0.0000191325
       -0.0001336222   0.0000059460  -0.0000002863   0.0000515009   0.0000141130
        0.0000294499   0.0000499208   0.0000146741  -0.0000289077  -0.0000222695
        0.0000483417  -0.0001211122  -0.0000210446   0.0000463372   0.0001197714
       -0.0010085954   0.0005565725  -0.0002699421  -0.0010286207   0.0005416398
        0.0002579283   0.0167530611  -0.0128154440   0.0034779273   0.0169485869
       -0.0129997824  -0.0033218486   0.0032800833  -0.1167497297   0.1036799364
        0.0025474748  -0.1218439159  -0.1055285027  -0.0158286463  -0.0141988044
        0.0037631884  -0.0164542937  -0.0148118264  -0.0033214754   0.0009841082
        0.0006634201  -0.0002978004   0.0037753532  -0.0007747779   0.0000166245
        0.0010071129   0.0006876018   0.0002823549
        0.0000012207   0.0000010740   0.0000098647   0.0000055673  -0.0000051356
        0.0002121573   0.0000135303   0.0000114084   0.0002950935   0.0000229915
        0.0000011363   0.0003032622  -0.0004048378   0.0002046123  -0.0688586715
        0.0003763703   0.0004220849   0.5378384200   0.0011009216   0.0008091361
       -0.0692672063  -0.0000820288  -0.0000903430   0.0004576888   0.0000060395
        0.0000087970  -0.0000071891  -0.0000055262  -0.0000096219  -0.0000079849
        0.0000006788  -0.0000000712   0.0000092699  -0.0000106595  -0.0000028554
       -0.0000041046   0.0000096954   0.0000037875  -0.0000060321   0.0000801661
       -0.0000269252   0.0000084820  -0.0000844715   0.0000215171   0.0000144868
        0.0008293241  -0.0001169817   0.0002099755  -0.0008237278   0.0001213572
        0.0001780805  -0.0210294748   0.0159314771  -0.0021005126   0.0209060322
       -0.0157991256  -0.0018884474  -0.0045722202   0.1037832901  -0.1997658324
        0.0032336452  -0.1056702527  -0.1946872315   0.0200291570   0.0176235337
       -0.0023381761  -0.0195299865  -0.0172254793  -0.0016009984  -0.0008869776
       -0.0002835078   0.0002280004  -0.0000398844   0.0000167463   0.0005519239
        0.0008544553   0.0002703412   0.0002156815
       -0.0001077676  -0.0000610165  -0.0000015705  -0.0002945666   0.0001998834
        0.0000025530  -0.0009816882  -0.0007414340  -0.0000067243  -0.0038802450
        0.0025062927   0.0000100134  -0.0281281800  -0.0113035947   0.0002071522
       -0.1413735547  -0.0652409843   0.0011009216   0.4561798081  -0.0058942327
        0.0002692925  -0.1599945968   0.0631402180  -0.0008597919   0.0000082778
       -0.0000085997   0.0000106566   0.0000082861  -0.0000085487  -0.0000109614
       -0.0000309353   0.0000214172  -0.0000000172   0.0000179665   0.0000377536
       -0.0000295591   0.0000176475   0.0000369625   0.0000300823   0.0000072969
       -0.0000497547   0.0000372390   0.0000067565  -0.0000482471  -0.0000384789
       -0.0000561233   0.0001014080  -0.0001163135  -0.0000594600   0.0000976122
        0.0001153186   0.0007312218  -0.0008387989   0.0002950997   0.0007207453
       -0.0007972778  -0.0002653629  -0.0029363592  -0.0037266228   0.0020899972
       -0.0031028517  -0.0039377850  -0.0019630021  -0.0412742140   0.0026340571
       -0.0042052999  -0.0412533463   0.0023765589   0.0036093300  -0.0040545432
        0.0046343403  -0.0028328469  -0.0262623272   0.0122342878  -0.0001447744
       -0.0039072475   0.0046361051   0.0026970470
        0.0000604530   0.0000694675   0.0000010235   0.0001998121  -0.0001849779
       -0.0000021611   0.0006752558   0.0006233997   0.0000055892   0.0025928454
       -0.0012160940  -0.0000015705   0.0090981984   0.0073868453  -0.0001127528
       -0.0641655426  -0.1146052470   0.0008091361  -0.0058942327   0.4991514006
        0.0006619827   0.0640374841  -0.1065899360   0.0005013449  -0.0000074899
       -0.0000113665   0.0000187561  -0.0000073534  -0.0000105975  -0.0000193256
        0.0000542485   0.0000107150   0.0000001147  -0.0000062999   0.0000100358
       -0.0000174770  -0.0000065963   0.0000094121   0.0000177318  -0.0000551089
        0.0000064003   0.0000354959  -0.0000532264   0.0000070082  -0.0000358191
        0.0000088196   0.0000575887  -0.0001308292   0.0000074621   0.0000566438
        0.0001295854   0.0010583494   0.0005496409  -0.0002231358   0.0010585426
        0.0005326267   0.0002006012  -0.0159173519  -0.0141983426   0.0038218568
       -0.0164633715  -0.0147693772  -0.0033744709   0.0021420241  -0.1164638043
        0.1040285067   0.0018954661  -0.1232286608  -0.1065124082   0.0165875466
       -0.0126270574   0.0034646613  -0.0142425627   0.0087181731  -0.0001015013
        0.0173426282  -0.0132838964  -0.0031649348
       -0.0000005961  -0.0000007516   0.0000124991  -0.0000022243   0.0000020656
        0.0000103621  -0.0000108728  -0.0000062906   0.0002121832  -0.0000368051
        0.0000174865   0.0002903021  -0.0000180248  -0.0000205598   0.0002981682
        0.0011534201   0.0008298893  -0.0692672063   0.0002692925   0.0006619827
        0.5388206694  -0.0008626193   0.0005039103  -0.0680858236  -0.0000017514
        0.0000092169   0.0000021057   0.0000020791  -0.0000086835   0.0000018090
       -0.0000008047  -0.0000004026  -0.0000029466  -0.0000076121   0.0000074858
       -0.0000121642   0.0000080075  -0.0000084703  -0.0000126535   0.0000100458
        0.0000010128  -0.0000041636  -0.0000089865   0.0000005251  -0.0000063332
       -0.0000733944  -0.0000296067   0.0000020831   0.0000782847   0.0000249938
        0.0000082338  -0.0008630050  -0.0001624508   0.0002067126   0.0008115727
        0.0001570424   0.0001643092   0.0200130262   0.0176081268  -0.0024372334
       -0.0195985665  -0.0172620021  -0.0017388343  -0.0039200824   0.1038485013
       -0.2011994892   0.0033207237  -0.1063588476  -0.1944717069  -0.0217671185
        0.0155158940  -0.0018224732   0.0003345410  -0.0001889303   0.0003328751
        0.0211714706  -0.0151411372  -0.0013012847
       -0.0000499052  -0.0000203777  -0.0000005729  -0.0001077413   0.0000604492
        0.0000007016  -0.0003083336  -0.0002305078  -0.0000014623  -0.0010959832
        0.0006924302   0.0000028616  -0.0038630870  -0.0029560439   0.0000413160
       -0.0291519146   0.0094272047  -0.0000820288  -0.1599945968   0.0640374841
       -0.0008626193   0.4792825734   0.0298377317  -0.0003885059   0.0000057157
       -0.0000054092   0.0000060623   0.0000055828  -0.0000052550  -0.0000061789
       -0.0000202600   0.0000033591   0.0000000296   0.0000059427   0.0000115468
       -0.0000133955   0.0000060764   0.0000113660   0.0000137118   0.0000249092
       -0.0000410256   0.0000391046   0.0000238818  -0.0000393806  -0.0000396141
        0.0000022753   0.0000571841  -0.0000476585   0.0000028330   0.0000568066
        0.0000484339  -0.0000156112  -0.0001331832   0.0001574243  -0.0000244917
       -0.0001239504  -0.0001525338   0.0007603132   0.0008406454  -0.0002726784
        0.0007512680   0.0008347031   0.0002421062  -0.0046792201   0.0045219322
       -0.0020739533  -0.0045779650   0.0045375311   0.0019278959  -0.0434179735
        0.0033823109  -0.0068847912  -0.1902356271  -0.1176482510   0.0026365394
       -0.0433286614   0.0028906991   0.0057098058
       -0.0000203820  -0.0000175303  -0.0000003183  -0.0000610341   0.0000694959
        0.0000007562  -0.0002224630  -0.0001638882  -0.0000011896  -0.0007512622
        0.0005286389   0.0000022040  -0.0027446123  -0.0014155490   0.0000256242
       -0.0117923754   0.0075730673  -0.0000903430   0.0631402180  -0.1065899360
        0.0005039103   0.0298377317   0.5059999081   0.0001911223   0.0000017833
        0.0000032294  -0.0000040531   0.0000017107   0.0000030644   0.0000041468
       -0.0000211202  -0.0000054306  -0.0000002573   0.0000120581  -0.0000023237
        0.0000060824   0.0000118843  -0.0000023573  -0.0000062560   0.0000033937
        0.0000015371  -0.0000115358   0.0000036412   0.0000013052   0.0000114489
        0.0000715422   0.0000380533   0.0000010914   0.0000699170   0.0000374902
       -0.0000018118  -0.0000585000   0.0000551063  -0.0001375836  -0.0000610400
        0.0000597480   0.0001347049  -0.0008348573   0.0006715570  -0.0003658921
       -0.0008556252   0.0006813904   0.0003549443   0.0172028809  -0.0120358980
        0.0029434955   0.0178804969  -0.0126379505  -0.0026603073   0.0037958715
       -0.1196384444   0.1100014337  -0.1179158302  -0.1353889205   0.0020366201
        0.0033059725  -0.1278253629  -0.1129380368
        0.0000005298   0.0000003314  -0.0000059032   0.0000016011  -0.0000010301
        0.0000125370   0.0000046529   0.0000029927   0.0000099498   0.0000172527
       -0.0000100703   0.0002015516   0.0000543689   0.0000401962   0.0003170061
        0.0002553098  -0.0001231652   0.0004576888  -0.0008597919   0.0005013449
       -0.0680858236  -0.0003885059   0.0001911223   0.5229370912   0.0000018151
        0.0000006357  -0.0000048507  -0.0000018759  -0.0000009160  -0.0000049592
        0.0000002192   0.0000000508  -0.0000024904  -0.0000023371   0.0000028561
       -0.0000019187   0.0000019387  -0.0000028221  -0.0000026555   0.0000125085
        0.0000063913  -0.0000051372  -0.0000126472  -0.0000067306  -0.0000048034
       -0.0000221091  -0.0000167350   0.0000006450   0.0000202413   0.0000164433
       -0.0000014027   0.0001156146  -0.0000508938   0.0000284163  -0.0001194856
        0.0000469876   0.0000303521   0.0007383689  -0.0002648997   0.0003176390
       -0.0007089307   0.0002506229   0.0002893853  -0.0213105767   0.0155404540
       -0.0018841901   0.0207491178  -0.0152045471  -0.0013824034  -0.0071188432
        0.1100522310  -0.2079990810   0.0026356102   0.0020361813  -0.0453314726
        0.0059359539  -0.1130070319  -0.1998851706
       -0.0433153766   0.0031713250  -0.0057574268  -0.0038822979   0.0173213207
       -0.0211808504   0.0009690565   0.0010112154  -0.0008563906  -0.0000404688
       -0.0000081718   0.0000706264   0.0000123672  -0.0000512000   0.0000079893
        0.0000240272   0.0000109968   0.0000060395   0.0000082778  -0.0000074899
       -0.0000017514   0.0000057157   0.0000017833   0.0000018151   0.0506900734
       -0.0066789836   0.0068451140   0.0007627388  -0.0005453286   0.0000834691
       -0.0009513049  -0.0169481798   0.0211830010  -0.0046071253   0.0037029553
       -0.0005983668   0.0007468121  -0.0004730729  -0.0003448584  -0.0005434008
       -0.0002589573   0.0004120585  -0.0000300941  -0.0000534059   0.0000022569
        0.0001103635  -0.0001260024   0.0001339552   0.0000568805  -0.0000140685
       -0.0000493818  -0.0000489595  -0.0000324985   0.0000370316   0.0000022753
        0.0000033401  -0.0000063466   0.0000265349  -0.0000151561   0.0000162546
        0.0000044611   0.0000002238  -0.0000070029  -0.0000094779  -0.0000059561
        0.0000065429  -0.0000007104   0.0000002871  -0.0000026959   0.0000054730
       -0.0000025651   0.0000021249   0.0000027132  -0.0000027953  -0.0000006186
        0.0000014460   0.0000003844  -0.0000025890
        0.0027564924  -0.1276669571   0.1129583170   0.0046197804  -0.0132791846
        0.0151601277  -0.0008533795   0.0006880103  -0.0002717403  -0.0001611425
        0.0000429922  -0.0000237381  -0.0000522979   0.0000139158  -0.0000047230
       -0.0000325874   0.0000117927   0.0000087970  -0.0000085997  -0.0000113665
        0.0000092169  -0.0000054092   0.0000032294   0.0000006357  -0.0066789836
        0.1472551176  -0.1330117118  -0.0004197856   0.0098586127  -0.0142356845
       -0.0027857177  -0.0153161019   0.0192773498   0.0038929266  -0.0020236367
        0.0001534965  -0.0004394941   0.0000351733   0.0003649433   0.0002468113
        0.0004247316  -0.0002047658   0.0000437047  -0.0000703568  -0.0000528079
       -0.0001397294   0.0000303747  -0.0000764892  -0.0000075919  -0.0000462969
        0.0000136894   0.0000266517   0.0000477675  -0.0000386334  -0.0000041487
       -0.0000021609   0.0000047437  -0.0000134353   0.0000027545  -0.0000047478
        0.0000027258  -0.0000156175  -0.0000058990   0.0000048638   0.0000140831
       -0.0000146686   0.0000000150   0.0000023723   0.0000020427  -0.0000028926
        0.0000001065  -0.0000012023   0.0000108293   0.0000070440  -0.0000019440
        0.0000003941  -0.0000063993  -0.0000046039
       -0.0055324883   0.1128910425  -0.2000509299  -0.0027016930   0.0031906939
       -0.0013368727   0.0003208807  -0.0002815930   0.0002142504   0.0001426889
       -0.0001090111   0.0000116297   0.0000363573   0.0000322315   0.0000031387
        0.0000253740  -0.0000182982  -0.0000071891   0.0000106566   0.0000187561
        0.0000021057   0.0000060623  -0.0000040531  -0.0000048507   0.0068451140
       -0.1330117118   0.2291856823   0.0001487573   0.0155899707  -0.0286762409
        0.0011727597   0.0021396274  -0.0015538131  -0.0004580850   0.0003256358
        0.0012706559   0.0002809551  -0.0004298500   0.0007625495  -0.0004063969
       -0.0002352651   0.0004334644  -0.0000161329   0.0000534453  -0.0003336825
        0.0001228810  -0.0000664215   0.0000312801   0.0000404321  -0.0000132689
        0.0000154498  -0.0000290279  -0.0000389558   0.0000583648  -0.0000097865
       -0.0000101330  -0.0000453436   0.0000110454  -0.0000046270  -0.0000017806
        0.0000060380   0.0000045871   0.0000088234  -0.0000049908  -0.0000133110
        0.0000164537  -0.0000050547  -0.0000054001  -0.0000124925   0.0000019907
       -0.0000009651   0.0000012307  -0.0000109034  -0.0000077609   0.0000018468
        0.0000025662   0.0000046352   0.0000062698
       -0.0434305182   0.0038878327   0.0072477308  -0.0040699065   0.0166046401
        0.0217507562   0.0009611690   0.0009805207   0.0008853736  -0.0000436612
       -0.0000056312  -0.0000706205   0.0000124138  -0.0000497333  -0.0000085274
        0.0000238144   0.0000111210  -0.0000055262   0.0000082861  -0.0000073534
        0.0000020791   0.0000055828   0.0000017107  -0.0000018759   0.0007627388
       -0.0004197856   0.0001487573   0.0508069931  -0.0075245791  -0.0086410381
       -0.0007604032  -0.0161700532  -0.0217596867   0.0007562910  -0.0004884313
        0.0003336698  -0.0046117578   0.0036779654   0.0006821252  -0.0000295376
       -0.0000515437  -0.0000060995  -0.0005409125  -0.0002523428  -0.0004208439
        0.0000539790  -0.0000137084   0.0000462324   0.0001104187  -0.0001258158
       -0.0001371121   0.0000041576   0.0000044717   0.0000046597  -0.0000488168
       -0.0000334300  -0.0000369114   0.0000032549   0.0000009560   0.0000060044
        0.0000265441  -0.0000157656  -0.0000159407  -0.0000000064   0.0000006800
        0.0000021411  -0.0000094227  -0.0000064843  -0.0000063348   0.0000011068
        0.0000005844   0.0000023294   0.0000027122  -0.0000029447   0.0000006468
        0.0000054806  -0.0000028803  -0.0000019886
        0.0034737941  -0.1197955746  -0.1101130870   0.0046470045  -0.0126430208
       -0.0155082900  -0.0008332587   0.0006630232   0.0002815536  -0.0001534624
        0.0000387664   0.0000210215  -0.0000507529   0.0000151338   0.0000064386
       -0.0000313775   0.0000111723  -0.0000096219  -0.0000085487  -0.0000105975
       -0.0000086835  -0.0000052550   0.0000030644  -0.0000009160  -0.0005453286
        0.0098586127   0.0155899707  -0.0075245791   0.1380062680   0.1297462671
       -0.0025782285  -0.0145400384  -0.0197549551  -0.0004281743   0.0000372925
       -0.0003967750   0.0038873393  -0.0020061643  -0.0002424891   0.0000419465
       -0.0000739594   0.0000626319   0.0002260508   0.0004084291   0.0002012074
       -0.0000041389  -0.0000454139  -0.0000124186  -0.0001357311   0.0000273371
        0.0000735242  -0.0000051151  -0.0000039993  -0.0000028703   0.0000246602
        0.0000460499   0.0000364378   0.0000033946  -0.0000154233   0.0000071872
       -0.0000127684   0.0000024148   0.0000038629  -0.0000001433   0.0000017109
       -0.0000016327   0.0000043315   0.0000141796   0.0000138843   0.0000005665
       -0.0000062197   0.0000051456   0.0000103335   0.0000068459   0.0000016374
       -0.0000025589   0.0000001106   0.0000009687
        0.0070127129  -0.1100605474  -0.2078317729   0.0028267875  -0.0034417798
       -0.0017857258  -0.0003386457   0.0002987470   0.0002292120  -0.0001480992
        0.0001093346   0.0000136740  -0.0000379665  -0.0000318892   0.0000016364
       -0.0000263910   0.0000191325  -0.0000079849  -0.0000109614  -0.0000193256
        0.0000018090  -0.0000061789   0.0000041468  -0.0000049592   0.0000834691
       -0.0142356845  -0.0286762409  -0.0086410381   0.1297462671   0.2383364953
       -0.0012574871  -0.0027350297  -0.0025229905  -0.0002980474   0.0004076775
        0.0007758364   0.0005447529  -0.0003981080   0.0012613123   0.0000139322
       -0.0000477983  -0.0003274300   0.0004103127   0.0002356118   0.0004468829
       -0.0000391300   0.0000104539   0.0000185261  -0.0001264339   0.0000674231
        0.0000328670   0.0000079994   0.0000088576  -0.0000436757   0.0000301868
        0.0000404735   0.0000594317  -0.0000054447  -0.0000055916   0.0000100299
       -0.0000115152   0.0000053028  -0.0000016248   0.0000047824   0.0000044916
       -0.0000118915   0.0000054427   0.0000141257   0.0000165399  -0.0000023401
       -0.0000051078   0.0000070369   0.0000114344   0.0000076171   0.0000017104
       -0.0000021338   0.0000011994   0.0000012963
       -0.1902892255  -0.1179011878  -0.0026981551  -0.0262618911  -0.0142343300
       -0.0003499320  -0.0049618080   0.0037762503   0.0000353927  -0.0012511607
       -0.0010211688  -0.0000151669  -0.0003618721   0.0003010935   0.0000002413
       -0.0001105161  -0.0001336222   0.0000006788  -0.0000309353   0.0000542485
       -0.0000008047  -0.0000202600  -0.0000211202   0.0000002192  -0.0009513049
       -0.0027857177   0.0011727597  -0.0007604032  -0.0025782285  -0.0012574871
        0.2231958248   0.1347625734   0.0031108623   0.0005609253  -0.0004349573
       -0.0001889265   0.0005628063  -0.0004486324   0.0001782385   0.0002559526
        0.0003152568  -0.0002043933   0.0002547855   0.0003109080   0.0002155935
        0.0000306557  -0.0000251776  -0.0000168988   0.0000318575  -0.0000267861
        0.0000174096   0.0000515021   0.0000349503  -0.0000201585   0.0000521829
        0.0000361824   0.0000208637   0.0000084768   0.0000066792  -0.0000136652
        0.0000084041   0.0000070974   0.0000136159   0.0000077262  -0.0000023071
        0.0000028867   0.0000079714  -0.0000021174  -0.0000027672   0.0000027396
        0.0000103162  -0.0000114484  -0.0000351123  -0.0000110582   0.0000001484
        0.0000026781   0.0000108553   0.0000108932
       -0.1176334817  -0.1353322344  -0.0020883962   0.0122426080   0.0087188879
        0.0001954687   0.0023358438  -0.0007762974  -0.0000131307   0.0006542393
        0.0004215654   0.0000032867   0.0002212291  -0.0000550192  -0.0000006382
        0.0000569291   0.0000059460  -0.0000000712   0.0000214172   0.0000107150
       -0.0000004026   0.0000033591  -0.0000054306   0.0000000508  -0.0169481798
       -0.0153161019   0.0021396274  -0.0161700532  -0.0145400384  -0.0027350297
        0.1347625734   0.1554144582   0.0024723674   0.0001519087   0.0005897703
       -0.0002404947   0.0001411776   0.0005870811   0.0002622670   0.0001758745
        0.0000674102  -0.0002050036   0.0001714014   0.0000610937   0.0002073628
       -0.0000798615   0.0000693212  -0.0000489870  -0.0000805147   0.0000691918
        0.0000508940   0.0000093733  -0.0000124025  -0.0000018333   0.0000096763
       -0.0000119387   0.0000020615  -0.0000142712   0.0000170442  -0.0000175924
       -0.0000143000   0.0000176007   0.0000179138  -0.0000000621  -0.0000054719
        0.0000031703  -0.0000000818  -0.0000050799  -0.0000031493  -0.0000029503
        0.0000068528  -0.0000075839  -0.0000110504  -0.0000039761   0.0000000501
       -0.0000028042   0.0000070524   0.0000077927
       -0.0026999102  -0.0020904366  -0.0453338252   0.0001106878   0.0000824621
        0.0003324579   0.0000244505  -0.0000106074   0.0005519321   0.0000068465
        0.0000013164   0.0002184454   0.0000017773  -0.0000003548   0.0000056314
        0.0000007607  -0.0000002863   0.0000092699  -0.0000000172   0.0000001147
       -0.0000029466   0.0000000296  -0.0000002573  -0.0000024904   0.0211830010
        0.0192773498  -0.0015538131  -0.0217596867  -0.0197549551  -0.0025229905
        0.0031108623   0.0024723674   0.0481489149  -0.0004713426  -0.0001669509
        0.0000236976   0.0004875792   0.0001831338   0.0000475931  -0.0001227009
       -0.0000624008   0.0000325364   0.0001291177   0.0000675318   0.0000415333
        0.0000262670  -0.0000253616   0.0000021701  -0.0000277728   0.0000261714
        0.0000036099  -0.0000105509   0.0000035420  -0.0000014570   0.0000110760
       -0.0000029976  -0.0000017821   0.0000003605  -0.0000011798  -0.0000013006
       -0.0000007982   0.0000013590  -0.0000009584  -0.0000000467   0.0000006178
        0.0000005097   0.0000002433  -0.0000004020   0.0000006127  -0.0000006443
       -0.0000016328   0.0000016941  -0.0000001957  -0.0000000776  -0.0000009197
        0.0000006069   0.0000019343   0.0000018750
       -0.0045508138   0.0178616293  -0.0207603421  -0.0412485366   0.0017812045
       -0.0031598130  -0.0031866706  -0.0164548588   0.0195405877   0.0007728617
       -0.0010349462   0.0008053899  -0.0000621377   0.0000282706  -0.0000802841
       -0.0000011134   0.0000515009  -0.0000106595   0.0000179665  -0.0000062999
       -0.0000076121   0.0000059427   0.0000120581  -0.0000023371  -0.0046071253
        0.0038929266  -0.0004580850   0.0007562910  -0.0004281743  -0.0002980474
        0.0005609253   0.0001519087  -0.0004713426   0.0541134865  -0.0028229575
        0.0041314280   0.0012545581  -0.0003268710   0.0005798388  -0.0040530729
       -0.0036784032   0.0004040769   0.0007358003   0.0005074368   0.0002925428
       -0.0006409755   0.0002062028  -0.0004168269  -0.0000095413   0.0000633227
        0.0000256188   0.0001079008   0.0001352117  -0.0001274098   0.0000527115
        0.0000207273   0.0000455221  -0.0000521083   0.0000242390  -0.0000338563
        0.0000041776  -0.0000028186   0.0000088105   0.0000267690   0.0000145537
       -0.0000132133   0.0000048901  -0.0000002358   0.0000065632  -0.0000094144
        0.0000043735  -0.0000054287   0.0000079313  -0.0000000513  -0.0000002083
       -0.0000007025   0.0000000503   0.0000050876
        0.0045181842  -0.0126292328   0.0152192500   0.0022653333  -0.1230926548
        0.1063201853  -0.0041021412  -0.0148025754   0.0172182173   0.0008551143
        0.0005357842  -0.0001082633   0.0000837215   0.0000656936  -0.0000306126
        0.0000394689   0.0000141130  -0.0000028554   0.0000377536   0.0000100358
        0.0000074858   0.0000115468  -0.0000023237   0.0000028561   0.0037029553
       -0.0020236367   0.0003256358  -0.0004884313   0.0000372925   0.0004076775
       -0.0004349573   0.0005897703  -0.0001669509  -0.0028229575   0.1443135588
       -0.1260668119  -0.0002370221   0.0093123840  -0.0136131570  -0.0037146664
       -0.0028896129   0.0004656611   0.0005140349   0.0001215331   0.0004465903
       -0.0003029798   0.0004231550  -0.0002552607  -0.0000650108  -0.0000531619
       -0.0000399858   0.0001385083   0.0000576365  -0.0000946247   0.0000234212
       -0.0000366219   0.0000227571  -0.0000323627   0.0000461499  -0.0000428354
        0.0000039296  -0.0000029323   0.0000054814   0.0000151272   0.0000072564
       -0.0000095686  -0.0000002366  -0.0000130760  -0.0000024827  -0.0000064700
        0.0000141132  -0.0000141507  -0.0000021473  -0.0000050932   0.0000004200
        0.0000002838   0.0000024453   0.0000053419
       -0.0019328659   0.0026840270  -0.0014143496  -0.0034463481   0.1064807775
       -0.1946201807   0.0021339873   0.0033102154  -0.0015927185  -0.0002502455
       -0.0002597648   0.0002015164  -0.0000965934  -0.0001260987   0.0000074478
       -0.0000322008   0.0000294499  -0.0000041046  -0.0000295591  -0.0000174770
       -0.0000121642  -0.0000133955   0.0000060824  -0.0000019187  -0.0005983668
        0.0001534965   0.0012706559   0.0003336698  -0.0003967750   0.0007758364
       -0.0001889265  -0.0002404947   0.0000236976   0.0041314280  -0.1260668119
        0.2223563656  -0.0004297838   0.0147931560  -0.0292181893   0.0004061123
        0.0004499880   0.0012339940  -0.0002860191  -0.0004649343   0.0007597609
        0.0004206205  -0.0002150580   0.0004777398   0.0000154066   0.0000527413
       -0.0003419588  -0.0001255296  -0.0000894998   0.0000472766  -0.0000449059
       -0.0000231876   0.0000154246   0.0000327981  -0.0000381103   0.0000583626
        0.0000078360  -0.0000033347  -0.0000430151  -0.0000123866  -0.0000081602
        0.0000052534  -0.0000065191   0.0000026455   0.0000103949   0.0000063107
       -0.0000138404   0.0000166435   0.0000027840   0.0000031109   0.0000006257
        0.0000026925  -0.0000021431  -0.0000123964
       -0.0046962730   0.0172184233   0.0212930233  -0.0412785320   0.0022192939
        0.0040393088  -0.0030892119  -0.0158330077  -0.0200260431   0.0007732638
       -0.0010466220  -0.0008430824  -0.0000641158   0.0000223911   0.0000820696
       -0.0000004495   0.0000499208   0.0000096954   0.0000176475  -0.0000065963
        0.0000080075   0.0000060764   0.0000118843   0.0000019387   0.0007468121
       -0.0004394941   0.0002809551  -0.0046117578   0.0038873393   0.0005447529
        0.0005628063   0.0001411776   0.0004875792   0.0012545581  -0.0002370221
       -0.0004297838   0.0542132321  -0.0033229162  -0.0051437861   0.0007427621
        0.0005118800  -0.0002816111  -0.0040492139  -0.0036476419  -0.0005425982
       -0.0000069961   0.0000627189  -0.0000083691  -0.0006578018   0.0002150365
        0.0004086400   0.0000474960   0.0000172807  -0.0000417511   0.0001066327
        0.0001353395   0.0001275779   0.0000071709  -0.0000036133  -0.0000060112
       -0.0000523957   0.0000259325   0.0000326294   0.0000032442  -0.0000013730
       -0.0000058755   0.0000267757   0.0000151211   0.0000124026  -0.0000000110
       -0.0000001839  -0.0000047504   0.0000077630  -0.0000000920   0.0000000780
       -0.0000094824   0.0000048232   0.0000050039
        0.0045376241  -0.0120544936  -0.0155353488   0.0027082812  -0.1165985253
       -0.1038970824  -0.0039640255  -0.0141990216  -0.0176225682   0.0008463734
        0.0005235908   0.0001282800   0.0000829072   0.0000593075   0.0000281829
        0.0000388798   0.0000146741   0.0000037875   0.0000369625   0.0000094121
       -0.0000084703   0.0000113660  -0.0000023573  -0.0000028221  -0.0004730729
        0.0000351733  -0.0004298500   0.0036779654  -0.0020061643  -0.0003981080
       -0.0004486324   0.0005870811   0.0001831338  -0.0003268710   0.0093123840
        0.0147931560  -0.0033229162   0.1366358925   0.1234068769   0.0005075169
        0.0001212287  -0.0004673362  -0.0037052999  -0.0028625584  -0.0006110998
       -0.0000593529  -0.0000607224   0.0000522696  -0.0002814920   0.0004235071
        0.0002473466   0.0000181355  -0.0000389496  -0.0000191535   0.0001348053
        0.0000555194   0.0000907619   0.0000057590  -0.0000050735  -0.0000028615
       -0.0000305020   0.0000465499   0.0000407065  -0.0000013703  -0.0000139692
        0.0000039003   0.0000145394   0.0000071699   0.0000081641   0.0000006775
        0.0000016379  -0.0000045506  -0.0000022828  -0.0000054586  -0.0000005945
       -0.0000059753   0.0000141652   0.0000132799
        0.0020678862  -0.0029218845  -0.0018509818   0.0043267987  -0.1040705592
       -0.2010545139  -0.0022508575  -0.0037733952  -0.0023471006   0.0002815318
        0.0002574570   0.0001948668   0.0000995494   0.0001279323   0.0000162097
        0.0000337855  -0.0000289077  -0.0000060321   0.0000300823   0.0000177318
       -0.0000126535   0.0000137118  -0.0000062560  -0.0000026555  -0.0003448584
        0.0003649433   0.0007625495   0.0006821252  -0.0002424891   0.0012613123
        0.0001782385   0.0002622670   0.0000475931   0.0005798388  -0.0136131570
       -0.0292181893  -0.0051437861   0.1234068769   0.2299642554   0.0003037788
        0.0004540949   0.0007709832  -0.0005459649  -0.0005864305   0.0011964673
       -0.0000048173  -0.0000492251  -0.0003248223  -0.0004471977   0.0002272127
        0.0004946393   0.0000430969   0.0000192429   0.0000182307   0.0001301283
        0.0000938564   0.0000500898  -0.0000054676   0.0000012787  -0.0000402066
       -0.0000351524   0.0000405456   0.0000588895   0.0000059202  -0.0000037311
        0.0000107475   0.0000132184   0.0000095661   0.0000053865  -0.0000021410
        0.0000015454  -0.0000119558  -0.0000028740  -0.0000032127   0.0000005179
       -0.0000065738   0.0000146974   0.0000163728
        0.0007530215  -0.0008592036   0.0007133588  -0.0031011206  -0.0164817729
        0.0195816672  -0.0414085481   0.0026016125  -0.0033078381  -0.0044844774
        0.0170674282  -0.0207508044   0.0007698664   0.0010423131  -0.0008210400
       -0.0000463592  -0.0000222695   0.0000801661   0.0000072969  -0.0000551089
        0.0000100458   0.0000249092   0.0000033937   0.0000125085  -0.0005434008
        0.0002468113  -0.0004063969  -0.0000295376   0.0000419465   0.0000139322
        0.0002559526   0.0001758745  -0.0001227009  -0.0040530729  -0.0037146664
        0.0004061123   0.0007427621   0.0005075169   0.0003037788   0.0540264432
       -0.0027515181   0.0039001404   0.0012681003  -0.0003532814   0.0006399345
       -0.0044853509   0.0035492536  -0.0004736188   0.0008017080  -0.0004573432
       -0.0003108843  -0.0006571056  -0.0002798882   0.0004375381  -0.0000129810
       -0.0000669305  -0.0000254512   0.0001259063  -0.0001280603   0.0001331548
        0.0000548420  -0.0000152171  -0.0000472020  -0.0000523765  -0.0000304508
        0.0000351977   0.0000040302   0.0000039103  -0.0000079724   0.0000265401
       -0.0000127397   0.0000115756   0.0000084120  -0.0000142992   0.0000008392
        0.0000045397   0.0000026895  -0.0000060412
        0.0008404343   0.0006846734  -0.0002509901  -0.0039341374  -0.0147863825
        0.0172521587   0.0025279112  -0.1221293566   0.1057634391   0.0045460742
       -0.0130767062   0.0157015427  -0.0008541441   0.0005772215  -0.0001738245
       -0.0001013389   0.0000483417  -0.0000269252  -0.0000497547   0.0000064003
        0.0000010128  -0.0000410256   0.0000015371   0.0000063913  -0.0002589573
        0.0004247316  -0.0002352651  -0.0000515437  -0.0000739594  -0.0000477983
        0.0003152568   0.0000674102  -0.0000624008  -0.0036784032  -0.0028896129
        0.0004499880   0.0005118800   0.0001212287   0.0004540949  -0.0027515181
        0.1436439228  -0.1256568823  -0.0002385893   0.0092868176  -0.0136681861
        0.0035123190  -0.0023630645   0.0004672213  -0.0004580908   0.0000389860
        0.0004121475   0.0002264238   0.0004250732  -0.0002232604   0.0000698687
       -0.0000541710  -0.0000494282  -0.0001321129   0.0000382082  -0.0000862237
       -0.0000153183  -0.0000395160   0.0000216183   0.0000260164   0.0000465491
       -0.0000405409  -0.0000027534  -0.0000029132   0.0000034257  -0.0000157930
        0.0000024071  -0.0000053764   0.0000071157   0.0000176954  -0.0000013582
        0.0000001807  -0.0000155217  -0.0000045799
       -0.0002439511  -0.0003567922   0.0002924224   0.0019667424   0.0033711747
       -0.0017262863  -0.0031865014   0.1056163732  -0.1943934143  -0.0023339718
        0.0032974847  -0.0018034325   0.0002915476  -0.0002494363   0.0002092339
        0.0001093288  -0.0001211122   0.0000084820   0.0000372390   0.0000354959
       -0.0000041636   0.0000391046  -0.0000115358  -0.0000051372   0.0004120585
       -0.0002047658   0.0004334644  -0.0000060995   0.0000626319  -0.0003274300
       -0.0002043933  -0.0002050036   0.0000325364   0.0004040769   0.0004656611
        0.0012339940  -0.0002816111  -0.0004673362   0.0007709832   0.0039001404
       -0.1256568823   0.2223712916  -0.0004340693   0.0147064040  -0.0292568999
       -0.0004790588   0.0005001838   0.0012026460   0.0003000589  -0.0004249017
        0.0007371466  -0.0004056448  -0.0002412998   0.0004855876  -0.0000321121
        0.0000481829  -0.0003444053   0.0001320898  -0.0000808356   0.0000490465
        0.0000471053  -0.0000216822   0.0000123668  -0.0000324845  -0.0000406458
        0.0000588534  -0.0000088939  -0.0000055596  -0.0000431966   0.0000158973
       -0.0000037954  -0.0000016127  -0.0000136192  -0.0000178492  -0.0000009377
        0.0000070214   0.0000058415   0.0000088612
        0.0007582862  -0.0008320983  -0.0007341284  -0.0029454166  -0.0159024486
       -0.0200348865  -0.0414699388   0.0032044062   0.0044671009  -0.0046011171
        0.0165889613   0.0211583919   0.0007567310   0.0010276760   0.0008116461
       -0.0000547420  -0.0000210446  -0.0000844715   0.0000067565  -0.0000532264
       -0.0000089865   0.0000238818   0.0000036412  -0.0000126472  -0.0000300941
        0.0000437047  -0.0000161329  -0.0005409125   0.0002260508   0.0004103127
        0.0002547855   0.0001714014   0.0001291177   0.0007358003   0.0005140349
       -0.0002860191  -0.0040492139  -0.0037052999  -0.0005459649   0.0012681003
       -0.0002385893  -0.0004340693   0.0540310847  -0.0035247415  -0.0051393055
        0.0008344385  -0.0004654430   0.0003173980  -0.0044869275   0.0035163561
        0.0005394750  -0.0000090233  -0.0000604298   0.0000064470  -0.0006495652
       -0.0002990025  -0.0004205384   0.0000479701  -0.0000110673   0.0000428587
        0.0001257342  -0.0001318761  -0.0001323109   0.0000073080   0.0000057631
        0.0000053376  -0.0000521200  -0.0000324311  -0.0000327590   0.0000031735
        0.0000034263   0.0000054365   0.0000084865  -0.0000142646  -0.0000003199
        0.0000265338  -0.0000134591  -0.0000109823
        0.0008353805   0.0006685250   0.0002650216  -0.0037349156  -0.0141760190
       -0.0176120713   0.0031018367  -0.1164705648  -0.1036752141   0.0045914904
       -0.0126366593  -0.0159070741  -0.0008073162   0.0005483678   0.0001800593
       -0.0000905375   0.0000463372   0.0000215171  -0.0000482471   0.0000070082
        0.0000005251  -0.0000393806   0.0000013052  -0.0000067306  -0.0000534059
       -0.0000703568   0.0000534453  -0.0002523428   0.0004084291   0.0002356118
        0.0003109080   0.0000610937   0.0000675318   0.0005074368   0.0001215331
       -0.0004649343  -0.0036476419  -0.0028625584  -0.0005864305  -0.0003532814
        0.0092868176   0.0147064040  -0.0035247415   0.1369779638   0.1233512893
       -0.0004542147   0.0000448513  -0.0004464822   0.0035237095  -0.0023476497
       -0.0005610269   0.0000657005  -0.0000655897   0.0000580780   0.0001953901
        0.0004143941   0.0002084434  -0.0000109616  -0.0000405271  -0.0000171067
       -0.0001278637   0.0000380357   0.0000808325  -0.0000036635  -0.0000050763
       -0.0000011902   0.0000241468   0.0000461584   0.0000381330   0.0000010000
       -0.0000155113   0.0000056149   0.0000066422   0.0000169435   0.0000011946
       -0.0000151275   0.0000027486   0.0000045590
        0.0002710221   0.0003640690   0.0003148837  -0.0020879524  -0.0038240859
       -0.0024503157   0.0043800932  -0.1035764332  -0.2000517898   0.0023699547
       -0.0034429239  -0.0021417405  -0.0002891865   0.0002398403   0.0001816866
       -0.0001096679   0.0001197714   0.0000144868  -0.0000384789  -0.0000358191
       -0.0000063332  -0.0000396141   0.0000114489  -0.0000048034   0.0000022569
       -0.0000528079  -0.0003336825  -0.0004208439   0.0002012074   0.0004468829
        0.0002155935   0.0002073628   0.0000415333   0.0002925428   0.0004465903
        0.0007597609  -0.0005425982  -0.0006110998   0.0011964673   0.0006399345
       -0.0136681861  -0.0292568999  -0.0051393055   0.1233512893   0.2290611107
       -0.0003228444   0.0004319222   0.0007821326   0.0005275596  -0.0005262042
        0.0011844355   0.0000132688  -0.0000530243  -0.0003180652   0.0004233543
        0.0002528852   0.0004887709  -0.0000429750   0.0000170271   0.0000169254
       -0.0001334091   0.0000862334   0.0000492960   0.0000059350   0.0000028048
       -0.0000400162   0.0000339981   0.0000429059   0.0000584308  -0.0000059798
       -0.0000072667   0.0000099789   0.0000136473   0.0000176580  -0.0000013219
       -0.0000163053   0.0000048351  -0.0000018138
       -0.0000245296  -0.0000614278   0.0001191348   0.0007217405   0.0010556400
       -0.0008089293  -0.0045639797   0.0169888001  -0.0208731763  -0.0413251812
        0.0030808738  -0.0041253686  -0.0030000119  -0.0161880842   0.0197195903
        0.0007834234  -0.0010085954   0.0008293241  -0.0000561233   0.0000088196
       -0.0000733944   0.0000022753   0.0000715422  -0.0000221091   0.0001103635
       -0.0001397294   0.0001228810   0.0000539790  -0.0000041389  -0.0000391300
        0.0000306557  -0.0000798615   0.0000262670  -0.0006409755  -0.0003029798
        0.0004206205  -0.0000069961  -0.0000593529  -0.0000048173  -0.0044853509
        0.0035123190  -0.0004790588   0.0008344385  -0.0004542147  -0.0003228444
        0.0540407686  -0.0034543553   0.0048374196   0.0012562930  -0.0002583057
        0.0004401851  -0.0039679991  -0.0036681769   0.0004645167   0.0007335617
        0.0005075482   0.0002753429  -0.0006485473   0.0001955513  -0.0004227736
       -0.0000130513   0.0000698157   0.0000325079   0.0001067039   0.0001346075
       -0.0001299408   0.0000530149   0.0000235242   0.0000452435  -0.0000488030
        0.0000245576  -0.0000302710   0.0000521997   0.0000097104  -0.0000110658
        0.0000021311  -0.0000040871   0.0000098459
       -0.0001239810   0.0000602718  -0.0000472698  -0.0007978421   0.0005331393
       -0.0001554466   0.0046307746  -0.0130333730   0.0157775112   0.0030261095
       -0.1202390565   0.1049974645  -0.0038281768  -0.0144350683   0.0172954373
        0.0008622825   0.0005565725  -0.0001169817   0.0001014080   0.0000575887
       -0.0000296067   0.0000571841   0.0000380533  -0.0000167350  -0.0001260024
        0.0000303747  -0.0000664215  -0.0000137084  -0.0000454139   0.0000104539
       -0.0000251776   0.0000693212  -0.0000253616   0.0002062028   0.0004231550
       -0.0002150580   0.0000627189  -0.0000607224  -0.0000492251   0.0035492536
       -0.0023630645   0.0005001838  -0.0004654430   0.0000448513   0.0004319222
       -0.0034543553   0.1414201548  -0.1248484198  -0.0003224558   0.0093063965
       -0.0140228039  -0.0036422104  -0.0028867317   0.0005372644   0.0005081361
        0.0001115098   0.0004415324  -0.0003002558   0.0004147431  -0.0002530177
       -0.0000670735  -0.0000539309  -0.0000474157   0.0001355892   0.0000556274
       -0.0000942211   0.0000210865  -0.0000365083   0.0000235472  -0.0000335557
        0.0000461133  -0.0000405987   0.0000362394  -0.0000119365   0.0000029883
        0.0000032528  -0.0000020668   0.0000102775
        0.0001523175  -0.0001345820   0.0000295250   0.0002634408  -0.0002013131
        0.0001659563  -0.0022952964   0.0032954111  -0.0018441904  -0.0041197898
        0.1048781252  -0.1961095505   0.0021183486   0.0035579167  -0.0019690021
       -0.0002749986  -0.0002699421   0.0002099755  -0.0001163135  -0.0001308292
        0.0000020831  -0.0000476585   0.0000010914   0.0000006450   0.0001339552
       -0.0000764892   0.0000312801   0.0000462324  -0.0000124186   0.0000185261
       -0.0000168988  -0.0000489870   0.0000021701  -0.0004168269  -0.0002552607
        0.0004777398  -0.0000083691   0.0000522696  -0.0003248223  -0.0004736188
        0.0004672213   0.0012026460   0.0003173980  -0.0004464822   0.0007821326
        0.0048374196  -0.1248484198   0.2244657180  -0.0005880425   0.0143696873
       -0.0293023787   0.0004679498   0.0005610691   0.0011976913  -0.0002743591
       -0.0004429792   0.0007438178   0.0004200367  -0.0002082253   0.0004874472
        0.0000255025   0.0000498752  -0.0003448207  -0.0001273326  -0.0000904639
        0.0000499903  -0.0000455675  -0.0000229091   0.0000152688   0.0000367971
       -0.0000363896   0.0000593807  -0.0000208334  -0.0000021562  -0.0000017915
        0.0000065074  -0.0000048196  -0.0000454375
       -0.0000156687  -0.0000581014  -0.0001160026   0.0007309690   0.0010601375
        0.0008652329  -0.0045106852   0.0167109202   0.0210601455  -0.0412811597
        0.0025862782   0.0034258122  -0.0030923519  -0.0160779061  -0.0198291786
        0.0007738318  -0.0010286207  -0.0008237278  -0.0000594600   0.0000074621
        0.0000782847   0.0000028330   0.0000699170   0.0000202413   0.0000568805
       -0.0000075919   0.0000404321   0.0001104187  -0.0001357311  -0.0001264339
        0.0000318575  -0.0000805147  -0.0000277728  -0.0000095413  -0.0000650108
        0.0000154066  -0.0006578018  -0.0002814920  -0.0004471977   0.0008017080
       -0.0004580908   0.0003000589  -0.0044869275   0.0035237095   0.0005275596
        0.0012562930  -0.0003224558  -0.0005880425   0.0540618797  -0.0027898129
       -0.0041227570   0.0007594956   0.0005090244  -0.0002862772  -0.0039682264
       -0.0036416323  -0.0004735826  -0.0000089822   0.0000656178  -0.0000128641
       -0.0006571395   0.0002262377   0.0004061161   0.0000471736   0.0000180493
       -0.0000427566   0.0001077869   0.0001387344   0.0001257199   0.0000043031
       -0.0000051877  -0.0000079173   0.0000514667   0.0000093427   0.0000105648
       -0.0000489527   0.0000267172   0.0000289362
       -0.0001329949   0.0000546774   0.0000506515  -0.0008375289   0.0005489170
        0.0001637966   0.0045357808  -0.0127825471  -0.0159536943   0.0025783397
       -0.1183195172  -0.1042830637  -0.0039185689  -0.0143489568  -0.0173575077
        0.0008363908   0.0005416398   0.0001213572   0.0000976122   0.0000566438
        0.0000249938   0.0000568066   0.0000374902   0.0000164433  -0.0000140685
       -0.0000462969  -0.0000132689  -0.0001258158   0.0000273371   0.0000674231
       -0.0000267861   0.0000691918   0.0000261714   0.0000633227  -0.0000531619
        0.0000527413   0.0002150365   0.0004235071   0.0002272127  -0.0004573432
        0.0000389860  -0.0004249017   0.0035163561  -0.0023476497  -0.0005262042
       -0.0002583057   0.0093063965   0.0143696873  -0.0027898129   0.1391567253
        0.1240759568   0.0005082475   0.0001132686  -0.0004615195  -0.0036667683
       -0.0028848878  -0.0005679343  -0.0000602001  -0.0000658361   0.0000537107
       -0.0002786288   0.0004243544   0.0002411122   0.0000169475  -0.0000390151
       -0.0000188682   0.0001349141   0.0000575416   0.0000891633   0.0000045593
       -0.0000041131  -0.0000087345   0.0000348913  -0.0000123895  -0.0000035361
       -0.0000323829   0.0000476942   0.0000388121
       -0.0001575836   0.0001376567   0.0000294114  -0.0002967527   0.0002226032
        0.0002050179   0.0024170792  -0.0035032779  -0.0021455809   0.0033688020
       -0.1041637993  -0.1980237477  -0.0020972164  -0.0035674351  -0.0020378976
        0.0002699840   0.0002579283   0.0001780805   0.0001153186   0.0001295854
        0.0000082338   0.0000484339  -0.0000018118  -0.0000014027  -0.0000493818
        0.0000136894   0.0000154498  -0.0001371121   0.0000735242   0.0000328670
        0.0000174096   0.0000508940   0.0000036099   0.0000256188  -0.0000399858
       -0.0003419588   0.0004086400   0.0002473466   0.0004946393  -0.0003108843
        0.0004121475   0.0007371466   0.0005394750  -0.0005610269   0.0011844355
        0.0004401851  -0.0140228039  -0.0293023787  -0.0041227570   0.1240759568
        0.2267384218   0.0002872858   0.0004600360   0.0007816414  -0.0004700652
       -0.0005440585   0.0011957358  -0.0000063602  -0.0000576687  -0.0003174673
       -0.0004379093   0.0002233733   0.0004865434   0.0000416767   0.0000190136
        0.0000184173   0.0001275759   0.0000949243   0.0000473747  -0.0000044925
        0.0000027946  -0.0000435480   0.0000201714   0.0000017246  -0.0000014352
       -0.0000371407   0.0000386697   0.0000583910
        0.0000027876   0.0000699718  -0.0000202484  -0.0000591576   0.0000077617
       -0.0000783375   0.0007734822  -0.0010300406   0.0008215923  -0.0030847789
       -0.0161153887   0.0197972897  -0.0412842957   0.0026298018  -0.0034754882
       -0.0045188092   0.0167530611  -0.0210294748   0.0007312218   0.0010583494
       -0.0008630050  -0.0000156112  -0.0000585000   0.0001156146  -0.0000489595
        0.0000266517  -0.0000290279   0.0000041576  -0.0000051151   0.0000079994
        0.0000515021   0.0000093733  -0.0000105509   0.0001079008   0.0001385083
       -0.0001255296   0.0000474960   0.0000181355   0.0000430969  -0.0006571056
        0.0002264238  -0.0004056448  -0.0000090233   0.0000657005   0.0000132688
       -0.0039679991  -0.0036422104   0.0004679498   0.0007594956   0.0005082475
        0.0002872858   0.0540654291  -0.0028405775   0.0041792466   0.0012562830
       -0.0003194025   0.0005782969  -0.0044877711   0.0035259998  -0.0005188988
        0.0008006924  -0.0004577029  -0.0003003184  -0.0006565207  -0.0002794564
        0.0004483280  -0.0000099207  -0.0000653378  -0.0000173870   0.0001103922
       -0.0001356721   0.0001267137   0.0000317609  -0.0000806338   0.0000278346
        0.0000573513  -0.0000079484  -0.0000406056
        0.0000568485   0.0000374265  -0.0000163804   0.0000979074   0.0000570866
       -0.0000252781   0.0008371460   0.0005425549  -0.0001206638  -0.0039174475
       -0.0143913299   0.0173358453   0.0026227381  -0.1187334635   0.1044372255
        0.0045447440  -0.0128154440   0.0159314771  -0.0008387989   0.0005496409
       -0.0001624508  -0.0001331832   0.0000551063  -0.0000508938  -0.0000324985
        0.0000477675  -0.0000389558   0.0000044717  -0.0000039993   0.0000088576
        0.0000349503  -0.0000124025   0.0000035420   0.0001352117   0.0000576365
       -0.0000894998   0.0000172807  -0.0000389496   0.0000192429  -0.0002798882
        0.0004250732  -0.0002412998  -0.0000604298  -0.0000655897  -0.0000530243
       -0.0036681769  -0.0028867317   0.0005610691   0.0005090244   0.0001132686
        0.0004600360  -0.0028405775   0.1396428237  -0.1242452809  -0.0002624883
        0.0093070882  -0.0142940465   0.0035168967  -0.0023481946   0.0005176769
       -0.0004576973   0.0000388617   0.0004231632   0.0002170744   0.0004230986
       -0.0002279003   0.0000639460  -0.0000521536  -0.0000519573  -0.0001260098
        0.0000274036  -0.0000677513  -0.0000266335   0.0000694834  -0.0000261948
       -0.0000144106  -0.0000460619   0.0000134419
       -0.0000483373   0.0000018270  -0.0000013338  -0.0001150536  -0.0001294248
        0.0000080900  -0.0002685681  -0.0002572710   0.0001773261   0.0020900545
        0.0035486741  -0.0020040035  -0.0034168039   0.1043143054  -0.1976044129
       -0.0024101838   0.0034779273  -0.0021005126   0.0002950997  -0.0002231358
        0.0002067126   0.0001574243  -0.0001375836   0.0000284163   0.0000370316
       -0.0000386334   0.0000583648   0.0000046597  -0.0000028703  -0.0000436757
       -0.0000201585  -0.0000018333  -0.0000014570  -0.0001274098  -0.0000946247
        0.0000472766  -0.0000417511  -0.0000191535   0.0000182307   0.0004375381
       -0.0002232604   0.0004855876   0.0000064470   0.0000580780  -0.0003180652
        0.0004645167   0.0005372644   0.0011976913  -0.0002862772  -0.0004615195
        0.0007816414   0.0041792466  -0.1242452809   0.2262433638  -0.0004511444
        0.0140987375  -0.0293028710  -0.0005312931   0.0005543778   0.0011868795
        0.0003095404  -0.0004123395   0.0007355687  -0.0004064687  -0.0002459243
        0.0004936546  -0.0000270315   0.0000396566  -0.0003442411   0.0001368307
       -0.0000731349   0.0000328524  -0.0000175448  -0.0000507777   0.0000035767
        0.0000496364  -0.0000140805   0.0000153396
        0.0000023515   0.0000714905   0.0000221338  -0.0000563573   0.0000085170
        0.0000732794   0.0007829459  -0.0010085730  -0.0008321584  -0.0030079144
       -0.0161501405  -0.0197500402  -0.0413216740   0.0030428495   0.0040867689
       -0.0045605229   0.0169485869   0.0209060322   0.0007207453   0.0010585426
        0.0008115727  -0.0000244917  -0.0000610400  -0.0001194856   0.0000022753
       -0.0000041487  -0.0000097865  -0.0000488168   0.0000246602   0.0000301868
        0.0000521829   0.0000096763   0.0000110760   0.0000527115   0.0000234212
       -0.0000449059   0.0001066327   0.0001348053   0.0001301283  -0.0000129810
        0.0000698687  -0.0000321121  -0.0006495652   0.0001953901   0.0004233543
        0.0007335617   0.0005081361  -0.0002743591  -0.0039682264  -0.0036667683
       -0.0004700652   0.0012562830  -0.0002624883  -0.0004511444   0.0540456380
       -0.0034099847  -0.0047945300   0.0008355511  -0.0004542009   0.0003227409
       -0.0044857771   0.0035090764   0.0004877887  -0.0000066141  -0.0000591254
        0.0000029264  -0.0006427340  -0.0003052945  -0.0004195725   0.0000535051
       -0.0000037670   0.0000389537   0.0000308182  -0.0000797407  -0.0000261855
        0.0001104728  -0.0001397488  -0.0001225968
        0.0000571843   0.0000380984   0.0000169068   0.0001012613   0.0000571013
        0.0000294019   0.0008623347   0.0005557950   0.0001175426  -0.0038300836
       -0.0143956216  -0.0173201020   0.0029873894  -0.1198219040  -0.1048473487
        0.0046247454  -0.0129997824  -0.0157991256  -0.0007972778   0.0005326267
        0.0001570424  -0.0001239504   0.0000597480   0.0000469876   0.0000033401
       -0.0000021609  -0.0000101330  -0.0000334300   0.0000460499   0.0000404735
        0.0000361824  -0.0000119387  -0.0000029976   0.0000207273  -0.0000366219
       -0.0000231876   0.0001353395   0.0000555194   0.0000938564  -0.0000669305
       -0.0000541710   0.0000481829  -0.0002990025   0.0004143941   0.0002528852
        0.0005075482   0.0001115098  -0.0004429792  -0.0036416323  -0.0028848878
       -0.0005440585  -0.0003194025   0.0093070882   0.0140987375  -0.0034099847
        0.1409300846   0.1246846261  -0.0004649936   0.0000447345  -0.0004337021
        0.0035491683  -0.0023613761  -0.0005085791   0.0000621628  -0.0000615900
        0.0000500277   0.0002038273   0.0004237252   0.0002143910  -0.0000133342
       -0.0000456485  -0.0000102592  -0.0000253803   0.0000690116   0.0000253467
       -0.0001258088   0.0000302165   0.0000660644
        0.0000477346  -0.0000010939   0.0000006118   0.0001166391   0.0001310473
        0.0000023114   0.0002768321   0.0002707225   0.0002106570  -0.0021256383
       -0.0035775816  -0.0020032257   0.0040828410  -0.1047312604  -0.1965266438
        0.0023034432  -0.0033218486  -0.0018884474  -0.0002653629   0.0002006012
        0.0001643092  -0.0001525338   0.0001347049   0.0000303521  -0.0000063466
        0.0000047437  -0.0000453436  -0.0000369114   0.0000364378   0.0000594317
        0.0000208637   0.0000020615  -0.0000017821   0.0000455221   0.0000227571
        0.0000154246   0.0001275779   0.0000907619   0.0000500898  -0.0000254512
       -0.0000494282  -0.0003444053  -0.0004205384   0.0002084434   0.0004887709
        0.0002753429   0.0004415324   0.0007438178  -0.0004735826  -0.0005679343
        0.0011957358   0.0005782969  -0.0142940465  -0.0293028710  -0.0047945300
        0.1246846261   0.2249587977  -0.0003188662   0.0004461979   0.0007837599
        0.0004820987  -0.0004738582   0.0012003782   0.0000070882  -0.0000524821
       -0.0003226392   0.0004190124   0.0002569245   0.0004788313  -0.0000460004
        0.0000119916   0.0000186216   0.0000167561   0.0000491134   0.0000022001
       -0.0001342871   0.0000768667   0.0000312570
        0.0000239157   0.0000036422   0.0000126333   0.0000067216  -0.0000532582
        0.0000090049  -0.0000548267  -0.0000213080   0.0000846369   0.0007565060
        0.0010277536  -0.0008090222  -0.0046169537   0.0166244802  -0.0211353557
       -0.0414743567   0.0032800833  -0.0045722202  -0.0029363592  -0.0159173519
        0.0200130262   0.0007603132  -0.0008348573   0.0007383689   0.0000265349
       -0.0000134353   0.0000110454   0.0000032549   0.0000033946  -0.0000054447
        0.0000084768  -0.0000142712   0.0000003605  -0.0000521083  -0.0000323627
        0.0000327981   0.0000071709   0.0000057590  -0.0000054676   0.0001259063
       -0.0001321129   0.0001320898   0.0000479701  -0.0000109616  -0.0000429750
       -0.0006485473  -0.0003002558   0.0004200367  -0.0000089822  -0.0000602001
       -0.0000063602  -0.0044877711   0.0035168967  -0.0005312931   0.0008355511
       -0.0004649936  -0.0003188662   0.0540434558  -0.0036205485   0.0052513262
        0.0012681004  -0.0002316317   0.0004170824  -0.0040482671  -0.0037079959
        0.0005431882   0.0007320165   0.0005135957   0.0002846295  -0.0005426621
        0.0002246066  -0.0004121942   0.0002553492   0.0001711213  -0.0001282345
       -0.0000304089   0.0000442115   0.0000172065
       -0.0000394010   0.0000013926   0.0000066967  -0.0000482706   0.0000069298
       -0.0000004517  -0.0000904149   0.0000466607  -0.0000213538  -0.0008061529
        0.0005485751  -0.0001790072   0.0046071965  -0.0126643029   0.0158860922
        0.0031729659  -0.1167497297   0.1037832901  -0.0037266228  -0.0141983426
        0.0176081268   0.0008406454   0.0006715570  -0.0002648997  -0.0000151561
        0.0000027545  -0.0000046270   0.0000009560  -0.0000154233  -0.0000055916
        0.0000066792   0.0000170442  -0.0000011798   0.0000242390   0.0000461499
       -0.0000381103  -0.0000036133  -0.0000050735   0.0000012787  -0.0001280603
        0.0000382082  -0.0000808356  -0.0000110673  -0.0000405271   0.0000170271
        0.0001955513   0.0004147431  -0.0002082253   0.0000656178  -0.0000658361
       -0.0000576687   0.0035259998  -0.0023481946   0.0005543778  -0.0004542009
        0.0000447345   0.0004461979  -0.0036205485   0.1373029810  -0.1234714735
       -0.0003626762   0.0092879348  -0.0146543365  -0.0036455410  -0.0028643838
        0.0005803883   0.0005069772   0.0001209828   0.0004622455  -0.0002546026
        0.0004094882  -0.0002371960   0.0003129187   0.0000613103  -0.0000676651
       -0.0000534184  -0.0000696330  -0.0000530993
        0.0000395485  -0.0000113961  -0.0000047370   0.0000384350   0.0000358101
       -0.0000062503   0.0001094265  -0.0001196176   0.0000142328   0.0002869528
       -0.0002393828   0.0001801598  -0.0023604668   0.0034173478  -0.0021004815
       -0.0044878637   0.1036799364  -0.1997658324   0.0020899972   0.0038218568
       -0.0024372334  -0.0002726784  -0.0003658921   0.0003176390   0.0000162546
       -0.0000047478  -0.0000017806   0.0000060044   0.0000071872   0.0000100299
       -0.0000136652  -0.0000175924  -0.0000013006  -0.0000338563  -0.0000428354
        0.0000583626  -0.0000060112  -0.0000028615  -0.0000402066   0.0001331548
       -0.0000862237   0.0000490465   0.0000428587  -0.0000171067   0.0000169254
       -0.0004227736  -0.0002530177   0.0004874472  -0.0000128641   0.0000537107
       -0.0003174673  -0.0005188988   0.0005176769   0.0011868795   0.0003227409
       -0.0004337021   0.0007837599   0.0052513262  -0.1234714735   0.2287239401
       -0.0006608910   0.0137198227  -0.0292581170   0.0005409069   0.0006130964
        0.0011970043  -0.0002907961  -0.0004443905   0.0007546034   0.0004196523
       -0.0002007481   0.0004476535  -0.0002159180  -0.0002078161   0.0000408934
       -0.0000005756   0.0000523593  -0.0003351707
        0.0000248808   0.0000033867  -0.0000125268   0.0000073255  -0.0000550792
       -0.0000100703  -0.0000463954  -0.0000220397  -0.0000800536   0.0007708486
        0.0010409625   0.0008229627  -0.0044726025   0.0170347103   0.0207787074
       -0.0414074050   0.0025474748   0.0032336452  -0.0031028517  -0.0164633715
       -0.0195985665   0.0007512680  -0.0008556252  -0.0007089307   0.0000044611
        0.0000027258   0.0000060380   0.0000265441  -0.0000127684  -0.0000115152
        0.0000084041  -0.0000143000  -0.0000007982   0.0000041776   0.0000039296
        0.0000078360  -0.0000523957  -0.0000305020  -0.0000351524   0.0000548420
       -0.0000153183   0.0000471053   0.0001257342  -0.0001278637  -0.0001334091
       -0.0000130513  -0.0000670735   0.0000255025  -0.0006571395  -0.0002786288
       -0.0004379093   0.0008006924  -0.0004576973   0.0003095404  -0.0044857771
        0.0035491683   0.0004820987   0.0012681004  -0.0003626762  -0.0006608910
        0.0540108343  -0.0026803013  -0.0038248325   0.0007461605   0.0005081707
       -0.0003050320  -0.0040514142  -0.0037127951  -0.0004088195  -0.0000292240
        0.0000414234  -0.0000128565   0.0002551663   0.0001762890   0.0001236105
       -0.0005411833   0.0002477992   0.0004043170
       -0.0000409798   0.0000014751  -0.0000064335  -0.0000497088   0.0000064751
       -0.0000009296  -0.0001013421   0.0000480587   0.0000269490  -0.0008544012
        0.0005768414   0.0001748562   0.0045312906  -0.0130431158  -0.0157170983
        0.0024784166  -0.1218439159  -0.1056702527  -0.0039377850  -0.0147693772
       -0.0172620021   0.0008347031   0.0006813904   0.0002506229   0.0000002238
       -0.0000156175   0.0000045871  -0.0000157656   0.0000024148   0.0000053028
        0.0000070974   0.0000176007   0.0000013590  -0.0000028186  -0.0000029323
       -0.0000033347   0.0000259325   0.0000465499   0.0000405456  -0.0000152171
       -0.0000395160  -0.0000216822  -0.0001318761   0.0000380357   0.0000862334
        0.0000698157  -0.0000539309   0.0000498752   0.0002262377   0.0004243544
        0.0002233733  -0.0004577029   0.0000388617  -0.0004123395   0.0035090764
       -0.0023613761  -0.0004738582  -0.0002316317   0.0092879348   0.0137198227
       -0.0026803013   0.1433120778   0.1255531316   0.0005123940   0.0001220949
       -0.0004567750  -0.0036803765  -0.0028905300  -0.0004562362  -0.0000514240
       -0.0000746970   0.0000481631   0.0003132191   0.0000673865   0.0000623207
       -0.0002570764   0.0004234570   0.0002337993
       -0.0000391658   0.0000115942  -0.0000051224  -0.0000373232  -0.0000354842
       -0.0000041949  -0.0001095469   0.0001212010   0.0000085193  -0.0002934937
        0.0002497390   0.0002105220   0.0023438766  -0.0033232739  -0.0018436104
        0.0031093624  -0.1055285027  -0.1946872315  -0.0019630021  -0.0033744709
       -0.0017388343   0.0002421062   0.0003549443   0.0002893853  -0.0000070029
       -0.0000058990   0.0000088234  -0.0000159407   0.0000038629  -0.0000016248
        0.0000136159   0.0000179138  -0.0000009584   0.0000088105   0.0000054814
       -0.0000430151   0.0000326294   0.0000407065   0.0000588895  -0.0000472020
        0.0000216183   0.0000123668  -0.0001323109   0.0000808325   0.0000492960
        0.0000325079  -0.0000474157  -0.0003448207   0.0004061161   0.0002411122
        0.0004865434  -0.0003003184   0.0004231632   0.0007355687   0.0004877887
       -0.0005085791   0.0012003782   0.0004170824  -0.0146543365  -0.0292581170
       -0.0038248325   0.1255531316   0.2227175988   0.0002832475   0.0004697872
        0.0007761628  -0.0004054715  -0.0004637520   0.0012335208   0.0000077847
       -0.0000630029  -0.0003258162   0.0002039954   0.0002045968   0.0000331834
       -0.0004133129   0.0002050317   0.0004325875
        0.0000060401   0.0000118836  -0.0000019195   0.0000175839  -0.0000065627
       -0.0000080210  -0.0000005709   0.0000497846  -0.0000096301  -0.0000647412
        0.0000226584  -0.0000825956   0.0007717149  -0.0010453562   0.0008387955
       -0.0030988987  -0.0158286463   0.0200291570  -0.0412742140   0.0021420241
       -0.0039200824  -0.0046792201   0.0172028809  -0.0213105767  -0.0000094779
        0.0000048638  -0.0000049908  -0.0000000064  -0.0000001433   0.0000047824
        0.0000077262  -0.0000000621  -0.0000000467   0.0000267690   0.0000151272
       -0.0000123866   0.0000032442  -0.0000013703   0.0000059202  -0.0000523765
        0.0000260164  -0.0000324845   0.0000073080  -0.0000036635   0.0000059350
        0.0001067039   0.0001355892  -0.0001273326   0.0000471736   0.0000169475
        0.0000416767  -0.0006565207   0.0002170744  -0.0004064687  -0.0000066141
        0.0000621628   0.0000070882  -0.0040482671  -0.0036455410   0.0005409069
        0.0007461605   0.0005123940   0.0002832475   0.0541980602  -0.0032250648
        0.0050188495   0.0012547975  -0.0002510135   0.0004608587  -0.0046126190
        0.0038862982  -0.0005530232   0.0005633610   0.0001410697  -0.0004869617
        0.0007468837  -0.0004393513  -0.0002806976
        0.0000113086  -0.0000024006   0.0000028004   0.0000368780   0.0000095119
        0.0000084205   0.0000387056   0.0000146364  -0.0000037923   0.0000817393
        0.0000595032  -0.0000278431   0.0008416849   0.0005208134  -0.0001278640
       -0.0039747897  -0.0141988044   0.0176235337   0.0026340571  -0.1164638043
        0.1038485013   0.0045219322  -0.0120358980   0.0155404540  -0.0000059561
        0.0000140831  -0.0000133110   0.0000006800   0.0000017109   0.0000044916
       -0.0000023071  -0.0000054719   0.0000006178   0.0000145537   0.0000072564
       -0.0000081602  -0.0000013730  -0.0000139692  -0.0000037311  -0.0000304508
        0.0000465491  -0.0000406458   0.0000057631  -0.0000050763   0.0000028048
        0.0001346075   0.0000556274  -0.0000904639   0.0000180493  -0.0000390151
        0.0000190136  -0.0002794564   0.0004230986  -0.0002459243  -0.0000591254
       -0.0000615900  -0.0000524821  -0.0037079959  -0.0028643838   0.0006130964
        0.0005081707   0.0001220949   0.0004697872  -0.0032250648   0.1364867560
       -0.1233511097  -0.0003154458   0.0093116006  -0.0148177454   0.0036756455
       -0.0020044899   0.0004037672  -0.0004484918   0.0005865839  -0.0001839090
       -0.0004733188   0.0000350775   0.0004296935
       -0.0000137314   0.0000062252  -0.0000026643  -0.0000300276  -0.0000176883
       -0.0000126163  -0.0000337878   0.0000290179  -0.0000061693  -0.0000992410
       -0.0001277399   0.0000164848  -0.0002791618  -0.0002556016   0.0001913113
        0.0022442157   0.0037631884  -0.0023381761  -0.0042052999   0.1040285067
       -0.2011994892  -0.0020739533   0.0029434955  -0.0018841901   0.0000065429
       -0.0000146686   0.0000164537   0.0000021411  -0.0000016327  -0.0000118915
        0.0000028867   0.0000031703   0.0000005097  -0.0000132133  -0.0000095686
        0.0000052534  -0.0000058755   0.0000039003   0.0000107475   0.0000351977
       -0.0000405409   0.0000588534   0.0000053376  -0.0000011902  -0.0000400162
       -0.0001299408  -0.0000942211   0.0000499903  -0.0000427566  -0.0000188682
        0.0000184173   0.0004483280  -0.0002279003   0.0004936546   0.0000029264
        0.0000500277  -0.0003226392   0.0005431882   0.0005803883   0.0011970043
       -0.0003050320  -0.0004567750   0.0007761628   0.0050188495  -0.1233511097
        0.2301315590  -0.0005550934   0.0135885980  -0.0292177011  -0.0006901563
        0.0002480114   0.0012595599  -0.0001774758  -0.0002623571   0.0000472749
        0.0003451324  -0.0003646672   0.0007623166
        0.0000059784   0.0000120568   0.0000023673   0.0000180125  -0.0000063358
        0.0000076168  -0.0000009928   0.0000516215   0.0000106956  -0.0000614336
        0.0000279843   0.0000797350   0.0007738285  -0.0010372420  -0.0008100819
       -0.0031699996  -0.0164542937  -0.0195299865  -0.0412533463   0.0018954661
        0.0033207237  -0.0045779650   0.0178804969   0.0207491178  -0.0000007104
        0.0000000150  -0.0000050547  -0.0000094227   0.0000043315   0.0000054427
        0.0000079714  -0.0000000818   0.0000002433   0.0000048901  -0.0000002366
       -0.0000065191   0.0000267757   0.0000145394   0.0000132184   0.0000040302
       -0.0000027534  -0.0000088939  -0.0000521200   0.0000241468   0.0000339981
        0.0000530149   0.0000210865  -0.0000455675   0.0001077869   0.0001349141
        0.0001275759  -0.0000099207   0.0000639460  -0.0000270315  -0.0006427340
        0.0002038273   0.0004190124   0.0007320165   0.0005069772  -0.0002907961
       -0.0040514142  -0.0036803765  -0.0004054715   0.0012547975  -0.0003154458
       -0.0005550934   0.0541335285  -0.0029613676  -0.0043056442   0.0007565936
       -0.0004279397   0.0002984879   0.0005604782   0.0001521411   0.0004719412
       -0.0046096436   0.0038925222   0.0004499644
        0.0000116219  -0.0000022941  -0.0000028313   0.0000378545   0.0000099284
       -0.0000075123   0.0000396552   0.0000141713   0.0000027632   0.0000850005
        0.0000654992   0.0000309587   0.0008605276   0.0005385656   0.0001084801
       -0.0040880595  -0.0148118264  -0.0172254793   0.0023765589  -0.1232286608
       -0.1063588476   0.0045375311  -0.0126379505  -0.0152045471   0.0000002871
        0.0000023723  -0.0000054001  -0.0000064843   0.0000141796   0.0000141257
       -0.0000021174  -0.0000050799  -0.0000004020  -0.0000002358  -0.0000130760
        0.0000026455   0.0000151211   0.0000071699   0.0000095661   0.0000039103
       -0.0000029132  -0.0000055596  -0.0000324311   0.0000461584   0.0000429059
        0.0000235242  -0.0000365083  -0.0000229091   0.0001387344   0.0000575416
        0.0000949243  -0.0000653378  -0.0000521536   0.0000396566  -0.0003052945
        0.0004237252   0.0002569245   0.0005135957   0.0001209828  -0.0004443905
       -0.0037127951  -0.0028905300  -0.0004637520  -0.0002510135   0.0093116006
        0.0135885980  -0.0029613676   0.1444634509   0.1261109285  -0.0004878986
        0.0000370236  -0.0004076708  -0.0004351568   0.0005901874   0.0001664561
        0.0037042694  -0.0020215638  -0.0003196312
        0.0000133694  -0.0000061221  -0.0000019576   0.0000296098   0.0000175240
       -0.0000122223   0.0000321673  -0.0000293544  -0.0000040870   0.0000968614
        0.0001263871   0.0000071699   0.0002526648   0.0002616493   0.0002053081
       -0.0021398622  -0.0033214754  -0.0016009984   0.0036093300  -0.1065124082
       -0.1944717069   0.0019278959  -0.0026603073  -0.0013824034  -0.0000026959
        0.0000020427  -0.0000124925  -0.0000063348   0.0000138843   0.0000165399
       -0.0000027672  -0.0000031493   0.0000006127   0.0000065632  -0.0000024827
        0.0000103949   0.0000124026   0.0000081641   0.0000053865  -0.0000079724
        0.0000034257  -0.0000431966  -0.0000327590   0.0000381330   0.0000584308
        0.0000452435   0.0000235472   0.0000152688   0.0001257199   0.0000891633
        0.0000473747  -0.0000173870  -0.0000519573  -0.0003442411  -0.0004195725
        0.0002143910   0.0004788313   0.0002846295   0.0004622455   0.0007546034
       -0.0004088195  -0.0004562362   0.0012335208   0.0004608587  -0.0148177454
       -0.0292177011  -0.0043056442   0.1261109285   0.2221852002  -0.0003335723
        0.0003968936   0.0007760962   0.0001896064   0.0002404907   0.0000240976
        0.0005904645  -0.0001476319   0.0012721713
        0.0000055998   0.0000017081   0.0000018815   0.0000082978  -0.0000073834
       -0.0000020753   0.0000238146   0.0000111604   0.0000055464   0.0000125435
       -0.0000496866   0.0000083406  -0.0000435276  -0.0000050610   0.0000706809
        0.0009613437   0.0009841082  -0.0008869776  -0.0040545432   0.0165875466
       -0.0217671185  -0.0434179735   0.0037958715  -0.0071188432   0.0000054730
       -0.0000028926   0.0000019907   0.0000011068   0.0000005665  -0.0000023401
        0.0000027396  -0.0000029503  -0.0000006443  -0.0000094144  -0.0000064700
        0.0000063107  -0.0000000110   0.0000006775  -0.0000021410   0.0000265401
       -0.0000157930   0.0000158973   0.0000031735   0.0000010000  -0.0000059798
       -0.0000488030  -0.0000335557   0.0000367971   0.0000043031   0.0000045593
       -0.0000044925   0.0001103922  -0.0001260098   0.0001368307   0.0000535051
       -0.0000133342  -0.0000460004  -0.0005426621  -0.0002546026   0.0004196523
       -0.0000292240  -0.0000514240   0.0000077847  -0.0046126190   0.0036756455
       -0.0006901563   0.0007565936  -0.0004878986  -0.0003335723   0.0507980431
       -0.0074154722   0.0084974156  -0.0007778556  -0.0161543784   0.0217674763
        0.0007631640  -0.0004359315  -0.0001162637
       -0.0000052350   0.0000030721   0.0000009251  -0.0000085666  -0.0000106356
        0.0000087015  -0.0000313918   0.0000111056   0.0000096770  -0.0000508145
        0.0000151534  -0.0000063867  -0.0001538334   0.0000384549  -0.0000208098
       -0.0008333469   0.0006634201  -0.0002835078   0.0046343403  -0.0126270574
        0.0155158940   0.0033823109  -0.1196384444   0.1100522310  -0.0000025651
        0.0000001065  -0.0000009651   0.0000005844  -0.0000062197  -0.0000051078
        0.0000103162   0.0000068528  -0.0000016328   0.0000043735   0.0000141132
       -0.0000138404  -0.0000001839   0.0000016379   0.0000015454  -0.0000127397
        0.0000024071  -0.0000037954   0.0000034263  -0.0000155113  -0.0000072667
        0.0000245576   0.0000461133  -0.0000363896  -0.0000051877  -0.0000041131
        0.0000027946  -0.0001356721   0.0000274036  -0.0000731349  -0.0000037670
       -0.0000456485   0.0000119916   0.0002246066   0.0004094882  -0.0002007481
        0.0000414234  -0.0000746970  -0.0000630029   0.0038862982  -0.0020044899
        0.0002480114  -0.0004279397   0.0000370236   0.0003968936  -0.0074154722
        0.1378224921  -0.1296812926  -0.0025929925  -0.0145294345   0.0197661894
       -0.0005325293   0.0098574070  -0.0156169742
        0.0000061938  -0.0000041107  -0.0000049683   0.0000109926   0.0000192800
        0.0000017851   0.0000264230  -0.0000191342  -0.0000080473   0.0000380254
        0.0000318791   0.0000015505   0.0001482919  -0.0001094068   0.0000143605
        0.0003405835  -0.0002978004   0.0002280004  -0.0028328469   0.0034646613
       -0.0018224732  -0.0068847912   0.1100014337  -0.2079990810   0.0000021249
       -0.0000012023   0.0000012307   0.0000023294   0.0000051456   0.0000070369
       -0.0000114484  -0.0000075839   0.0000016941  -0.0000054287  -0.0000141507
        0.0000166435  -0.0000047504  -0.0000045506  -0.0000119558   0.0000115756
       -0.0000053764  -0.0000016127   0.0000054365   0.0000056149   0.0000099789
       -0.0000302710  -0.0000405987   0.0000593807  -0.0000079173  -0.0000087345
       -0.0000435480   0.0001267137  -0.0000677513   0.0000328524   0.0000389537
       -0.0000102592   0.0000186216  -0.0004121942  -0.0002371960   0.0004476535
       -0.0000128565   0.0000481631  -0.0003258162  -0.0005530232   0.0004037672
        0.0012595599   0.0002984879  -0.0004076708   0.0007760962   0.0084974156
       -0.1296812926   0.2385326452   0.0012603036   0.0027280519  -0.0025161203
       -0.0000583233   0.0142088222  -0.0286754674
       -0.0000202654  -0.0000211173  -0.0000002381  -0.0000309374   0.0000542488
        0.0000007840  -0.0001105383  -0.0001336183  -0.0000007809  -0.0003619389
        0.0003011110   0.0000005623  -0.0012512295  -0.0010214489   0.0000129853
       -0.0049627225   0.0037753532  -0.0000398844  -0.0262623272  -0.0142425627
        0.0003345410  -0.1902356271  -0.1179158302   0.0026356102   0.0000027132
        0.0000108293  -0.0000109034   0.0000027122   0.0000103335   0.0000114344
       -0.0000351123  -0.0000110504  -0.0000001957   0.0000079313  -0.0000021473
        0.0000027840   0.0000077630  -0.0000022828  -0.0000028740   0.0000084120
        0.0000071157  -0.0000136192   0.0000084865   0.0000066422   0.0000136473
        0.0000521997   0.0000362394  -0.0000208334   0.0000514667   0.0000348913
        0.0000201714   0.0000317609  -0.0000266335  -0.0000175448   0.0000308182
       -0.0000253803   0.0000167561   0.0002553492   0.0003129187  -0.0002159180
        0.0002551663   0.0003132191   0.0002039954   0.0005633610  -0.0004484918
       -0.0001774758   0.0005604782  -0.0004351568   0.0001896064  -0.0007778556
       -0.0025929925   0.0012603036   0.2231348137   0.1347801583  -0.0030332105
       -0.0009248779  -0.0027643477  -0.0011697034
        0.0000033638  -0.0000054482  -0.0000000351   0.0000214095   0.0000107299
        0.0000003604   0.0000568917   0.0000058995   0.0000000605   0.0002211250
       -0.0000549182   0.0000004290   0.0006538401   0.0004213662  -0.0000031351
        0.0023348720  -0.0007747779   0.0000167463   0.0122342878   0.0087181731
       -0.0001889303  -0.1176482510  -0.1353889205   0.0020361813  -0.0000027953
        0.0000070440  -0.0000077609  -0.0000029447   0.0000068459   0.0000076171
       -0.0000110582  -0.0000039761  -0.0000000776  -0.0000000513  -0.0000050932
        0.0000031109  -0.0000000920  -0.0000054586  -0.0000032127  -0.0000142992
        0.0000176954  -0.0000178492  -0.0000142646   0.0000169435   0.0000176580
        0.0000097104  -0.0000119365  -0.0000021562   0.0000093427  -0.0000123895
        0.0000017246  -0.0000806338   0.0000694834  -0.0000507777  -0.0000797407
        0.0000690116   0.0000491134   0.0001711213   0.0000613103  -0.0002078161
        0.0001762890   0.0000673865   0.0002045968   0.0001410697   0.0005865839
       -0.0002623571   0.0001521411   0.0005901874   0.0002404907  -0.0161543784
       -0.0145294345   0.0027280519   0.1347801583   0.1554793805  -0.0024151326
       -0.0169571132  -0.0153356879  -0.0021469003
       -0.0000000747   0.0000002153  -0.0000025193   0.0000000030  -0.0000000486
       -0.0000029635  -0.0000009129   0.0000001769   0.0000092488  -0.0000023177
        0.0000007109   0.0000056174  -0.0000087990  -0.0000031128   0.0002184202
       -0.0000298048   0.0000166245   0.0005519239  -0.0001447744  -0.0001015013
        0.0003328751   0.0026365394   0.0020366201  -0.0453314726  -0.0000006186
       -0.0000019440   0.0000018468   0.0000006468   0.0000016374   0.0000017104
        0.0000001484   0.0000000501  -0.0000009197  -0.0000002083   0.0000004200
        0.0000006257   0.0000000780  -0.0000005945   0.0000005179   0.0000008392
       -0.0000013582  -0.0000009377  -0.0000003199   0.0000011946  -0.0000013219
       -0.0000110658   0.0000029883  -0.0000017915   0.0000105648  -0.0000035361
       -0.0000014352   0.0000278346  -0.0000261948   0.0000035767  -0.0000261855
        0.0000253467   0.0000022001  -0.0001282345  -0.0000676651   0.0000408934
        0.0001236105   0.0000623207   0.0000331834  -0.0004869617  -0.0001839090
        0.0000472749   0.0004719412   0.0001664561   0.0000240976   0.0217674763
        0.0197661894  -0.0025161203  -0.0030332105  -0.0024151326   0.0481462578
       -0.0211661939  -0.0192759539  -0.0015607882
        0.0000057038   0.0000017734  -0.0000018308   0.0000082718  -0.0000074633
        0.0000017376   0.0000240377   0.0000109566  -0.0000060066   0.0000122679
       -0.0000512603  -0.0000081339  -0.0000406236  -0.0000087798  -0.0000705848
        0.0009691640   0.0010071129   0.0008544553  -0.0039072475   0.0173426282
        0.0211714706  -0.0433286614   0.0033059725   0.0059359539   0.0000014460
        0.0000003941   0.0000025662   0.0000054806  -0.0000025589  -0.0000021338
        0.0000026781  -0.0000028042   0.0000006069  -0.0000007025   0.0000002838
        0.0000026925  -0.0000094824  -0.0000059753  -0.0000065738   0.0000045397
        0.0000001807   0.0000070214   0.0000265338  -0.0000151275  -0.0000163053
        0.0000021311   0.0000032528   0.0000065074  -0.0000489527  -0.0000323829
       -0.0000371407   0.0000573513  -0.0000144106   0.0000496364   0.0001104728
       -0.0001258088  -0.0001342871  -0.0000304089  -0.0000534184  -0.0000005756
       -0.0005411833  -0.0002570764  -0.0004133129   0.0007468837  -0.0004733188
        0.0003451324  -0.0046096436   0.0037042694   0.0005904645   0.0007631640
       -0.0005325293  -0.0000583233  -0.0009248779  -0.0169571132  -0.0211661939
        0.0507016574  -0.0068367966  -0.0070468425
       -0.0000054057   0.0000032260  -0.0000006515  -0.0000085813  -0.0000113147
       -0.0000092130  -0.0000325719   0.0000118620  -0.0000087621  -0.0000522305
        0.0000138758   0.0000047527  -0.0001607447   0.0000432808   0.0000239053
       -0.0008527723   0.0006876018   0.0002703412   0.0046361051  -0.0132838964
       -0.0151411372   0.0028906991  -0.1278253629  -0.1130070319   0.0000003844
       -0.0000063993   0.0000046352  -0.0000028803   0.0000001106   0.0000011994
        0.0000108553   0.0000070524   0.0000019343   0.0000000503   0.0000024453
       -0.0000021431   0.0000048232   0.0000141652   0.0000146974   0.0000026895
       -0.0000155217   0.0000058415  -0.0000134591   0.0000027486   0.0000048351
       -0.0000040871  -0.0000020668  -0.0000048196   0.0000267172   0.0000476942
        0.0000386697  -0.0000079484  -0.0000460619  -0.0000140805  -0.0001397488
        0.0000302165   0.0000768667   0.0000442115  -0.0000696330   0.0000523593
        0.0002477992   0.0004234570   0.0002050317  -0.0004393513   0.0000350775
       -0.0003646672   0.0038925222  -0.0020215638  -0.0001476319  -0.0004359315
        0.0098574070   0.0142088222  -0.0027643477  -0.0153356879  -0.0192759539
       -0.0068367966   0.1474372878   0.1330622003
       -0.0000060461   0.0000040908  -0.0000048263  -0.0000106360  -0.0000187940
        0.0000021424  -0.0000253454   0.0000182834  -0.0000072204  -0.0000363145
       -0.0000322401   0.0000032328  -0.0001425238   0.0001088341   0.0000109362
       -0.0003189311   0.0002823549   0.0002156815   0.0026970470  -0.0031649348
       -0.0013012847   0.0057098058  -0.1129380368  -0.1998851706  -0.0000025890
       -0.0000046039   0.0000062698  -0.0000019886   0.0000009687   0.0000012963
        0.0000108932   0.0000077927   0.0000018750   0.0000050876   0.0000053419
       -0.0000123964   0.0000050039   0.0000132799   0.0000163728  -0.0000060412
       -0.0000045799   0.0000088612  -0.0000109823   0.0000045590  -0.0000018138
        0.0000098459   0.0000102775  -0.0000454375   0.0000289362   0.0000388121
        0.0000583910  -0.0000406056   0.0000134419   0.0000153396  -0.0001225968
        0.0000660644   0.0000312570   0.0000172065  -0.0000530993  -0.0003351707
        0.0004043170   0.0002337993   0.0004325875  -0.0002806976   0.0004296935
        0.0007623166   0.0004499644  -0.0003196312   0.0012721713  -0.0001162637
       -0.0156169742  -0.0286754674  -0.0011697034  -0.0021469003  -0.0015607882
       -0.0070468425   0.1330622003   0.2289908449
