           1           2   1.01914085736392     
           2           3   1.00773085081187     
           3           4   1.00703694962529     
           4           5   1.00688303177916     
           5           6   1.00703724900843     
           6           7   1.00772961643578     
           7           8   1.01914151055567     
           1           9  0.987990571535967     
           1          10  0.988011313765688     
           1          11  0.987535737920296     
           2          12  0.978630031204386     
           2          13  0.978615318981405     
           3          14  0.977498102084432     
           3          15  0.977552202841986     
           4          16  0.977569165917787     
           4          17  0.977521324999230     
           5          18  0.977521991347572     
           5          19  0.977566319981091     
           6          20  0.977546553650522     
           6          21  0.977506379727536     
           7          22  0.978623095794737     
           7          23  0.978621696129491     
           8          24  0.988008186545854     
           8          25  0.987535517594932     
           8          26  0.987994035058350     
