$coord
          0.192806268735          4.500824540911          3.600794154685     c 
          0.637679432408          5.143234331914          0.835093240023     c 
         -1.396219490611          4.080459401071         -0.930953431181     c 
         -4.015778947115          5.228871272549         -0.495158132078     c 
         -6.042172843179          4.211765509349         -2.296193584925     c 
         -6.489777629145          1.361275507757         -2.075884658385     c 
         -7.401183611896          0.535225876486          0.540456702731     c 
         -7.880181667859         -2.310742690266          0.756379065495     c 
         -5.534010147186         -3.931017212266          0.252588512023     c 
         -3.356767779288         -3.397645849143          2.078586026920     c 
         -0.956785334464         -4.906562601159          1.495802901848     c 
          0.173247144067         -4.281671734345         -1.096176595721     c 
          2.769054072732         -5.479589812306         -1.541293621158     c 
          4.914999220866         -4.223461278363         -0.057440217102     c 
          5.569623008177         -1.570890809065         -1.007637855036     c 
          7.919499754392         -0.475827455057          0.271851929730     c 
          8.856908528345          1.973367171522         -0.947074660389     c 
         11.213604404883          3.005921006696          0.341143454842     c 
         -1.555682496825          5.338881668498          4.303575785740     h 
          0.037168889684          2.463362337792          3.883775554150     h 
          1.725229321079          5.176015543072          4.809037861151     h 
          2.501845046592          4.436066040895          0.253058847616     h 
          0.748679640164          7.200976293842          0.591807678962     h 
         -0.847384106792          4.380385431339         -2.914800861246     h 
         -1.483068797968          2.020413388890         -0.699309669316     h 
         -3.887271016143          7.294437380964         -0.669017206824     h 
         -4.604903973765          4.903550330375          1.465060302100     h 
         -5.509381559782          4.689897635246         -4.244267084152     h 
         -7.834565754016          5.201371020932         -1.962599652903     h 
         -4.749099756101          0.353665529014         -2.569989914155     h 
         -7.872423856422          0.745610975422         -3.496827947407     h 
         -6.020360217104          1.106484514471          1.974064923538     h 
         -9.123439940333          1.587386647151          1.022364597640     h 
         -9.397890763106         -2.840951964565         -0.556493842914     h 
         -8.617580722951         -2.760222320211          2.644700389998     h 
         -4.906841751477         -3.620799237669         -1.694714871535     h 
         -6.020504774714         -5.946141560580          0.339437320871     h 
         -2.888707818624         -1.378175556712          2.029181503189     h 
         -3.989041114125         -3.762511695986          4.022520992115     h 
          0.460496661553         -4.544679359049          2.964892408642     h 
         -1.345564079983         -6.940429555684          1.613304122139     h 
         -1.144035602172         -4.897461787757         -2.575784688669     h 
          0.310156392397         -2.227637661339         -1.315513399423     h 
          2.657760861266         -7.495456259213         -1.069469586429     h 
          3.241011710518         -5.414730125970         -3.560157014117     h 
          6.617607364685         -5.404591126988         -0.165614672860     h 
          4.446092903539         -4.146656848407          1.957795798708     h 
          3.968406831201         -0.288331616706         -0.730008307613     h 
          5.864034300151         -1.628438086134         -3.057186018727     h 
          9.440703635111         -1.882923452153          0.222902293080     h 
          7.541127089059         -0.161811564049          2.285134916606     h 
          7.339261052336          3.397093469776         -0.918371318148     h 
          9.234810079141          1.628210480171         -2.963796226051     h 
         11.969772666535          4.657168352246         -0.643772302687     h 
         10.821081230323          3.573236732999          2.292334889258     h 
         12.709338826653          1.580710501430          0.411271532719     h 
$end
