   -0.07174534
   -0.05159036
   -0.05169606
   -0.05205803
   -0.05151997
   -0.05160995
   -0.05161299
   -0.05152382
   -0.05203218
   -0.05190873
   -0.05247949
   -0.05205373
   -0.05154291
   -0.05182408
   -0.05148842
   -0.05167469
   -0.05165072
   -0.07176311
    0.02355581
    0.02499585
    0.02494528
    0.02502796
    0.02497728
    0.02672301
    0.02663125
    0.02600638
    0.02453322
    0.02514371
    0.02636416
    0.02516233
    0.02647851
    0.02515430
    0.02649318
    0.02636492
    0.02515855
    0.02452225
    0.02604704
    0.02629590
    0.02654002
    0.02601824
    0.02592586
    0.02686948
    0.02598191
    0.02451127
    0.02713282
    0.02309449
    0.02638298
    0.02582425
    0.02452099
    0.02683837
    0.02799517
    0.02503603
    0.02496874
    0.02500842
    0.02496044
    0.02358423
