           1           2   1.02653479915954     
           2           3   1.01246205099503     
           3           4   1.01299986612306     
           4           5   1.01092168683037     
           5           6   1.01283947369362     
           6           7   1.01072243540520     
           7           8   1.01287124777192     
           8           9   1.01084040135230     
           9          10   1.01255440852078     
          10          11   1.01238727589068     
          11          12   1.01200313749869     
          12          13   1.01380017462749     
          13          14   1.00756299472264     
          14          15   1.01203044290185     
          15          16   1.01259530476674     
          16          17   1.01138087139268     
          17          18   1.02652146346993     
           1          19  0.982356096009015     
           1          20  0.981033525911968     
           1          21  0.981014520743345     
           2          22  0.975843669381553     
           2          23  0.975520432021327     
           3          24  0.971979510567493     
           3          25  0.974499136720827     
           4          26  0.974573027661100     
           4          27  0.975664989077058     
           5          28  0.972052012084927     
           5          29  0.974380058627473     
           6          30  0.973235047855763     
           6          31  0.974481002111686     
           7          32  0.973195909909850     
           7          33  0.974411000239906     
           8          34  0.974380713995891     
           8          35  0.972045899248889     
           9          36  0.975712090415052     
           9          37  0.974464165082064     
          10          38  0.974512433831998     
          10          39  0.971840971018956     
          11          40  0.974152296949969     
          11          41  0.974236475926102     
          12          42  0.970309303026507     
          12          43  0.973769649483369     
          13          44  0.976573553383329     
          13          45  0.974161674308961     
          14          46  0.978040659116426     
          14          47  0.974334326972272     
          15          48  0.974493912997273     
          15          49  0.974965282416684     
          16          50  0.975204486421463     
          16          51  0.971430734911852     
          17          52  0.975899184023276     
          17          53  0.975440484086824     
          18          54  0.981008510963908     
          18          55  0.981054575519699     
          18          56  0.982351724198706     
