           1           2   1.01906810460321     
           2           3   1.00779743894848     
           3           4   1.00690060345747     
           4           5   1.00801470182731     
           5           6   1.00593238916112     
           6           7   1.00802983271206     
           7           8   1.00690214660629     
           8           9   1.00780318951110     
           9          10   1.01906476176122     
           1          11  0.988039701007876     
           1          12  0.988046181098098     
           1          13  0.987570608780591     
           2          14  0.978608120315119     
           2          15  0.978660136691677     
           3          16  0.977520485038295     
           3          17  0.977603386682522     
           4          18  0.975176820337259     
           4          19  0.977358292792377     
           5          20  0.977464630678162     
           5          21  0.977202532177411     
           6          22  0.977234542409550     
           6          23  0.977398073290906     
           7          24  0.977402828429640     
           7          25  0.975140096748147     
           8          26  0.977542799023890     
           8          27  0.977567226126181     
           9          28  0.978686619991161     
           9          29  0.978586077748239     
          10          30  0.988054543344127     
          10          31  0.987571935680440     
          10          32  0.988029897625381     
