   -0.10208187
   -0.05287377
   -0.05901353
   -0.05838341
   -0.05815590
   -0.05825878
   -0.05816759
   -0.05837298
   -0.05885731
   -0.05825389
   -0.05860256
   -0.05860689
   -0.05810664
   -0.05893870
   -0.05906772
   -0.05274165
   -0.10201360
    0.03317067
    0.03321226
    0.03255452
    0.02845787
    0.02850655
    0.02975356
    0.02971760
    0.02854227
    0.02854033
    0.02902178
    0.02900383
    0.02893983
    0.02892889
    0.02896445
    0.02885603
    0.02848898
    0.02818763
    0.03120477
    0.02941149
    0.02811714
    0.02858132
    0.02912960
    0.03165709
    0.03158941
    0.02909838
    0.02845788
    0.02806613
    0.03061079
    0.02887956
    0.02877339
    0.02910328
    0.02832961
    0.02819010
    0.03306452
    0.03235889
    0.03302633
