           1           2   1.01909206060399     
           2           3   1.00772551980057     
           3           4   1.00702499407068     
           4           5   1.00679620684678     
           5           6   1.00672930081494     
           6           7   1.00675989317660     
           7           8   1.00675398971888     
           8           9   1.00674703830719     
           9          10   1.00776176035679     
          10          11   1.00617577031089     
          11          12   1.00881584890747     
          12          13   1.00620092366884     
          13          14   1.00778022962733     
          14          15   1.00707032024415     
          15          16   1.00773345357579     
          16          17   1.01911622698045     
           1          18  0.988021205773527     
           1          19  0.987998195401430     
           1          20  0.987553951295007     
           2          21  0.978675213033737     
           2          22  0.978645037427743     
           3          23  0.977538711901927     
           3          24  0.977503372715290     
           4          25  0.977545201627495     
           4          26  0.977589212775761     
           5          27  0.977516406789056     
           5          28  0.977545755233816     
           6          29  0.977553225095360     
           6          30  0.977558156015803     
           7          31  0.977550335350275     
           7          32  0.977467978578695     
           8          33  0.977604739947812     
           8          34  0.977474773894374     
           9          35  0.975774548293810     
           9          36  0.977233824801884     
          10          37  0.977208876796763     
          10          38  0.977312404026825     
          11          39  0.976866110395288     
          11          40  0.975643916799809     
          12          41  0.975641328628520     
          12          42  0.976850975806453     
          13          43  0.977357692914073     
          13          44  0.977206749628776     
          14          45  0.975840402724991     
          14          46  0.977284127571614     
          15          47  0.977481487509713     
          15          48  0.977577712790304     
          16          49  0.978697252958030     
          16          50  0.978613495531067     
          17          51  0.988002706495286     
          17          52  0.987563985801786     
          17          53  0.988037884811332     
