$hessian                                                                        
        0.5018740239   0.0125992519   0.0281371347  -0.1120795231   0.0269396282
        0.0592239179  -0.0211816650   0.0038392979   0.0197529542  -0.0039650134
       -0.0028384835   0.0004172493  -0.0007748361   0.0003982542   0.0010665541
        0.0000706912   0.0000422164   0.0000509443   0.0000031268  -0.0000157338
       -0.0000035118  -0.0000171265   0.0000053970  -0.0000005998  -0.0637928459
        0.0636107454  -0.0125437991  -0.1998859571  -0.1141752558   0.0056819459
       -0.1010447057   0.0061043538  -0.1026963091   0.0071773153  -0.0036005080
       -0.0084828087  -0.0072812733   0.0062032565   0.0086012568   0.0005081068
        0.0004976068   0.0008451740   0.0007779793   0.0007602548  -0.0000523566
       -0.0001215385  -0.0000424612  -0.0000948093   0.0000432383  -0.0001255518
        0.0000268480   0.0000002534   0.0000749578  -0.0000107069  -0.0003448238
       -0.0002471146   0.0000787813  -0.0000012230  -0.0000065093   0.0000287675
        0.0000107922   0.0000229841  -0.0000209534   0.0000305505  -0.0000254043
       -0.0000313737   0.0000043810  -0.0000139078   0.0000488842  -0.0000117593
       -0.0000001365  -0.0000058411   0.0000077953   0.0000059768  -0.0000109258
       -0.0000059635  -0.0000131152  -0.0000064171
        0.0125992519   0.5181647709  -0.0141234115   0.0263349627  -0.0796986679
       -0.0310930868  -0.0095768771   0.0040110144   0.0104684715  -0.0026594187
       -0.0013408677   0.0003397716  -0.0005729747   0.0003663428   0.0005138185
        0.0000156647   0.0000089818   0.0000199745  -0.0000226840  -0.0000253945
       -0.0000065140   0.0000041162   0.0000146414  -0.0000050023   0.0640089757
       -0.2569687311   0.0366739404  -0.1143133812  -0.1275567397   0.0062277324
        0.0062637290  -0.0462736509   0.0120970909  -0.0003863742   0.0010194297
       -0.0001136109   0.0193183077  -0.0127314601  -0.0222674642   0.0000811481
        0.0002605584   0.0004293451  -0.0008545800   0.0007799462   0.0006324604
        0.0000511561  -0.0000688200   0.0000391199  -0.0001529721   0.0000989707
        0.0000588411   0.0000642728   0.0000511371  -0.0000063778  -0.0002204104
       -0.0001159249   0.0000939852   0.0000341616   0.0000264376   0.0000058936
       -0.0000177297   0.0000020842   0.0000035866   0.0000074049  -0.0000003943
        0.0000026367  -0.0000092964  -0.0000319582   0.0000021172  -0.0000077157
        0.0000089906  -0.0000008176   0.0000034044   0.0000003162   0.0000073858
        0.0000078585  -0.0000010125   0.0000001137
        0.0281371347  -0.0141234115   0.4879706394   0.0586501631  -0.0314925445
       -0.1427609117   0.0065799420   0.0006184939  -0.0038441928   0.0005621984
        0.0004196793   0.0002737115   0.0001475391  -0.0001039215  -0.0000604914
        0.0000112375   0.0000273892   0.0000099560  -0.0000289323  -0.0000150575
       -0.0000066627  -0.0000014691   0.0000063731   0.0000064927  -0.0124537808
        0.0369532631  -0.0503283382   0.0054790912   0.0060916629  -0.0435217748
       -0.1022090011   0.0121197617  -0.2235855048   0.0159548396  -0.0091845209
       -0.0268227268   0.0003832985  -0.0010134791   0.0013539446  -0.0010187612
       -0.0002389865   0.0009372919  -0.0003505286  -0.0002402047   0.0001629155
        0.0000485169   0.0000057011   0.0002540533   0.0000125886   0.0001334564
       -0.0000736639   0.0000204606  -0.0000284952  -0.0000078947   0.0000209286
        0.0000625216   0.0000278078   0.0000291327  -0.0000119943  -0.0000019550
        0.0000038246  -0.0000046381   0.0000283610  -0.0000010738   0.0000052523
       -0.0000039510   0.0000197586   0.0000203421   0.0000053342  -0.0000025678
        0.0000062530  -0.0000004562   0.0000057591   0.0000009395   0.0000033239
       -0.0000002990  -0.0000138354  -0.0000153075
       -0.1120795231   0.0263349627   0.0586501631   0.4746091460  -0.0201954974
        0.0277577819  -0.1503136064  -0.0608614963  -0.0007383468  -0.0207876529
       -0.0092673210   0.0067955696  -0.0016428155   0.0011482846   0.0024232619
       -0.0000141446  -0.0001243067   0.0001339240   0.0000207132  -0.0000222119
        0.0000708063   0.0000167515   0.0000214545   0.0000024520  -0.0074807168
        0.0065500639   0.0083144314  -0.0189304269   0.0060790495   0.0203722790
        0.0080355132  -0.0039964555  -0.0085362606  -0.0982655312   0.0087859791
       -0.0986069614  -0.0586513009   0.0572697200  -0.0123554481  -0.0185789082
       -0.0112424897  -0.0032831866   0.0035285872   0.0004606037   0.0004425404
        0.0010210063  -0.0002504684  -0.0011661416   0.0002941329  -0.0004727103
       -0.0004114846  -0.0001141796   0.0001627313   0.0000228767  -0.0007050462
       -0.0005602541   0.0001841551   0.0000200137   0.0000563590   0.0000045190
        0.0000515279   0.0001193010  -0.0000126560   0.0000202827  -0.0000180816
       -0.0000493557  -0.0000700821   0.0000022999  -0.0000260666  -0.0000123676
       -0.0000129897   0.0000005958   0.0000312564   0.0000348409  -0.0000089546
       -0.0000026292  -0.0000013678   0.0000195063
        0.0269396282  -0.0796986679  -0.0314925445  -0.0201954974   0.5118867275
       -0.0107815159  -0.0601229821  -0.1101367576   0.0038014976   0.0038095209
        0.0039466326   0.0008018241   0.0011304070  -0.0001814340  -0.0011482502
        0.0000230821  -0.0000333342  -0.0001096196   0.0000720909   0.0001119336
        0.0000234410   0.0000005178  -0.0000057081  -0.0000013484   0.0192384028
       -0.0131212713  -0.0221945920  -0.0106080525   0.0046987544   0.0122443383
       -0.0010473409   0.0006984110  -0.0004964536   0.0085703155  -0.0478059186
        0.0142920455   0.0567224405  -0.2487830600   0.0352492689  -0.0015541056
        0.0004024826  -0.0012663546  -0.0248520088  -0.0232219611   0.0019764609
        0.0004642308   0.0002960248  -0.0001035024   0.0011254467   0.0005504419
       -0.0006318039  -0.0000230065   0.0001100187  -0.0000522234   0.0003790846
        0.0003232642  -0.0002573821  -0.0000773214  -0.0000518758   0.0001138648
        0.0000437177   0.0000332726   0.0000414644  -0.0000242297   0.0000052466
       -0.0000355255  -0.0000152446   0.0000071102   0.0000119893   0.0000283214
       -0.0000397637   0.0000113114  -0.0000147561  -0.0000029105  -0.0000050371
       -0.0000126612   0.0000123422   0.0000086473
        0.0592239179  -0.0310930868  -0.1427609117   0.0277577819  -0.0107815159
        0.5075547362  -0.0002301785   0.0042682866  -0.0644354877   0.0193565730
        0.0101511964  -0.0041845625   0.0027186350  -0.0013668773  -0.0030239930
       -0.0002338319  -0.0001198632  -0.0000955530  -0.0000163372   0.0000175868
        0.0000539513  -0.0000081540  -0.0000031227   0.0000073805  -0.0003214688
       -0.0018858680   0.0020951797   0.0040822578  -0.0003195696  -0.0030068117
        0.0151828213  -0.0091139101  -0.0272356752  -0.0992074222   0.0142573646
       -0.2126100893  -0.0124326624   0.0348661846  -0.0512701167  -0.0229498162
       -0.0147303215  -0.0018437418   0.0047181915   0.0040355915   0.0002467905
        0.0013558746   0.0006465911   0.0004121196  -0.0001157135   0.0004638431
        0.0003083656  -0.0000432475  -0.0000592413  -0.0000191502   0.0011208904
        0.0005974695  -0.0004165812   0.0000801595   0.0001464728   0.0000592505
       -0.0000294289   0.0000422918   0.0001412674  -0.0000497105   0.0000273069
       -0.0000026671   0.0000258924  -0.0000581829  -0.0000119761  -0.0000017044
       -0.0000049882   0.0000120770   0.0000022473   0.0000107724  -0.0000032600
        0.0000144333   0.0000055896   0.0000294590
       -0.0211816650  -0.0095768771   0.0065799420  -0.1503136064  -0.0601229821
       -0.0002301785   0.4701088172  -0.0178470290   0.0314270798  -0.1055622115
        0.0275978581   0.0534922002  -0.0190000127   0.0036293025   0.0191064896
        0.0005626110   0.0000094518  -0.0000373977   0.0000580035  -0.0001543567
        0.0001367839   0.0000690427   0.0000410552   0.0000484649   0.0005336837
       -0.0006045532  -0.0005366307  -0.0023428163   0.0008264716   0.0028971508
        0.0011134273  -0.0000785495  -0.0010982292  -0.0185181293  -0.0113133870
       -0.0033229719   0.0034882588   0.0002098075   0.0004752203  -0.0958238826
        0.0095940477  -0.0984942350  -0.0582939489   0.0568248760  -0.0121564883
        0.0071885453  -0.0045227731  -0.0089716399  -0.0079867614   0.0070253746
        0.0093812835   0.0008966636   0.0009840198  -0.0005327635  -0.0038851194
       -0.0026076573   0.0014569633  -0.0010448870  -0.0002909659   0.0003995974
        0.0000798674   0.0001404895   0.0002083233   0.0000326160   0.0000406819
       -0.0000584359  -0.0001487744   0.0001997298  -0.0000639471  -0.0000340552
        0.0000007821  -0.0000282294   0.0000279837   0.0000269358  -0.0000166491
       -0.0000236502  -0.0000317531  -0.0000617027
        0.0038392979   0.0040110144   0.0006184939  -0.0608614963  -0.1101367576
        0.0042682866  -0.0178470290   0.5126158732  -0.0131552972   0.0270550851
       -0.0807438326  -0.0314920940  -0.0086829173   0.0046785095   0.0114576482
        0.0000387954   0.0000431684  -0.0000324488  -0.0000119751  -0.0002198899
        0.0000704920   0.0000389701   0.0000633969   0.0000208414   0.0011747941
        0.0008034738  -0.0005478195   0.0017028486   0.0002932335  -0.0015294310
        0.0003869098   0.0002042711   0.0000019793  -0.0013928865   0.0004226597
       -0.0014047077  -0.0248554303  -0.0233538643   0.0019765962   0.0094308783
       -0.0473349538   0.0149234529   0.0567737752  -0.2475310254   0.0358434464
       -0.0000255329   0.0005005171  -0.0016405357   0.0182723268  -0.0137995550
       -0.0217449942  -0.0011016082   0.0006981361   0.0008474489  -0.0035965767
       -0.0014979787   0.0012879381  -0.0002871446   0.0001763803   0.0001217176
       -0.0001383528   0.0000688575   0.0001313255  -0.0000540438   0.0000162353
        0.0000200238   0.0001460054   0.0000016828  -0.0000348210  -0.0000276546
        0.0000292599  -0.0000187373   0.0000037974  -0.0000030780   0.0000218526
        0.0000191641  -0.0000057341  -0.0000106570
        0.0197529542   0.0104684715  -0.0038441928  -0.0007383468   0.0038014976
       -0.0644354877   0.0314270798  -0.0131552972   0.5089848029   0.0526504974
       -0.0316276590  -0.1390909308   0.0076688714   0.0011869179  -0.0043427288
        0.0000443154   0.0001097133   0.0004248822  -0.0001337646  -0.0001247284
       -0.0001783357  -0.0000318907   0.0000313754   0.0000264760  -0.0003330735
        0.0005541982   0.0004561187   0.0038405183  -0.0008552330  -0.0031330660
        0.0010162576   0.0005781402   0.0005729608  -0.0224235668  -0.0147070599
       -0.0016475433   0.0046555676   0.0041153829   0.0002379149  -0.0987039698
        0.0150388827  -0.2167454808  -0.0123959399   0.0361467862  -0.0521449542
        0.0144344416  -0.0102648613  -0.0280969478  -0.0002752684  -0.0009265048
        0.0022928342  -0.0004139164  -0.0003394454   0.0002307409   0.0006640777
        0.0003490041   0.0006197529  -0.0005703952  -0.0005963017   0.0000243398
       -0.0001274654   0.0000387504  -0.0001455745   0.0001267962  -0.0000255412
       -0.0001319829  -0.0001124238   0.0002437258   0.0002060927  -0.0000047220
       -0.0000073160  -0.0000066192   0.0000324643   0.0000231046  -0.0000264396
       -0.0000490980  -0.0000560028  -0.0001066320
       -0.0039650134  -0.0026594187   0.0005621984  -0.0207876529   0.0038095209
        0.0193565730  -0.1055622115   0.0270550851   0.0526504974   0.4737467457
       -0.0206114823   0.0270007082  -0.1410849784  -0.0585798151   0.0158277977
       -0.0189085228  -0.0116570693  -0.0028468723   0.0005160708   0.0000406372
        0.0000821666   0.0000091889  -0.0001649537   0.0001335915   0.0000115615
       -0.0001633077  -0.0000079910  -0.0009025965   0.0002802811   0.0010964116
       -0.0001424745  -0.0000431902  -0.0000942842   0.0003632048   0.0005085486
        0.0009069837   0.0007858719   0.0008544187  -0.0000360269   0.0076260938
       -0.0037955888  -0.0086282002  -0.0075051418   0.0067055444   0.0083565161
       -0.1047577352   0.0022919331  -0.1024749211  -0.0638832123   0.0661045866
       -0.0151421772   0.0046662927   0.0014879285  -0.0008009652  -0.0176859517
       -0.0113218573   0.0066080195   0.0006162035   0.0003669086   0.0007584505
       -0.0021760060  -0.0004737249  -0.0028580809  -0.0001431672   0.0000043458
        0.0000535818  -0.0008434101  -0.0000834251  -0.0004706063   0.0000392277
        0.0000250653   0.0000020401   0.0000007648   0.0000097434  -0.0000666055
       -0.0000331521   0.0000092858   0.0000311947
       -0.0028384835  -0.0013408677   0.0004196793  -0.0092673210   0.0039466326
        0.0101511964   0.0275978581  -0.0807438326  -0.0316276590  -0.0206114823
        0.5115697197  -0.0149355875  -0.0582089239  -0.1132406256   0.0128023786
       -0.0048044519  -0.0009982440  -0.0031432927   0.0000251444   0.0004162877
       -0.0002248230   0.0000274614  -0.0001801877  -0.0000358817  -0.0000823552
        0.0000623273   0.0000090635  -0.0007856096   0.0002639476   0.0006436122
        0.0000663998  -0.0000366132   0.0000291457  -0.0000782356   0.0002251883
        0.0005071126  -0.0010147199   0.0005410584   0.0006825044  -0.0006136827
        0.0008148828  -0.0002306854   0.0189622531  -0.0139498677  -0.0217973042
        0.0025075399  -0.0455860709   0.0008141649   0.0664799498  -0.2426114492
        0.0405231073  -0.0231315707  -0.0243413221   0.0063834153   0.0051119150
        0.0046241345  -0.0015006234   0.0000865149   0.0000288447  -0.0000032699
       -0.0000899020   0.0007099919  -0.0001929317   0.0001871514  -0.0000548320
       -0.0001005265   0.0004599877  -0.0000159863   0.0007965626   0.0000969914
       -0.0000706246   0.0000557085  -0.0000427017  -0.0000496968   0.0000181207
       -0.0000397270   0.0000172049  -0.0000431871
        0.0004172493   0.0003397716   0.0002737115   0.0067955696   0.0008018241
       -0.0041845625   0.0534922002  -0.0314920940  -0.1390909308   0.0270007082
       -0.0149355875   0.4988390724   0.0117764311   0.0105122653  -0.0678699505
       -0.0174035561  -0.0128134358   0.0033932898   0.0001149167  -0.0000751064
        0.0001302123  -0.0001693168  -0.0000443318   0.0000202543   0.0000173489
        0.0001731236  -0.0000690395   0.0000508232  -0.0001578208   0.0000179511
        0.0000965031   0.0000050226   0.0001758030  -0.0014029117  -0.0003196728
        0.0008426749  -0.0003525320  -0.0003055481   0.0001848638   0.0151081613
       -0.0093743878  -0.0265284956   0.0001137171  -0.0010952555   0.0019564258
       -0.1020767676   0.0005824391  -0.2051770921  -0.0147735259   0.0407602513
       -0.0530834992   0.0051850612   0.0051111136  -0.0006072202   0.0204334399
        0.0136092182  -0.0062386065   0.0001600596  -0.0003047891   0.0005652492
       -0.0038930771  -0.0010085925  -0.0032857974  -0.0000448352   0.0000218470
       -0.0000469287  -0.0006638407  -0.0000005501  -0.0001741247   0.0000211796
        0.0000266035   0.0000005796   0.0000110326   0.0000055870  -0.0000656683
       -0.0000140385  -0.0000218948   0.0000218283
       -0.0007748361  -0.0005729747   0.0001475391  -0.0016428155   0.0011304070
        0.0027186350  -0.0190000127  -0.0086829173   0.0076688714  -0.1410849784
       -0.0582089239   0.0117764311   0.4760331004  -0.0288028068  -0.0180468239
       -0.1121581359  -0.0050917811  -0.0576618740  -0.0105075375   0.0041880035
       -0.0113829035  -0.0007774295   0.0024082831  -0.0006311811   0.0000078778
       -0.0000619705  -0.0000071319  -0.0001537476   0.0001190561   0.0002260625
       -0.0000381529  -0.0000046587  -0.0000373311   0.0001736338   0.0000270203
        0.0000913006  -0.0000929028   0.0001177388   0.0000048290   0.0004432191
       -0.0001454910  -0.0004979307   0.0003655694  -0.0006681775  -0.0003823034
       -0.0187871358  -0.0134262065  -0.0007790232   0.0053355379   0.0019210660
        0.0000188450  -0.0665279698   0.0695582860  -0.0125383778  -0.0999059511
        0.0408412182   0.0911312005   0.0082487737   0.0010352781   0.0088090432
       -0.0191755988  -0.0049267029  -0.0198203912   0.0001363493  -0.0004396055
       -0.0004960022   0.0002456746  -0.0004642858   0.0002352932  -0.0004364176
       -0.0000093814  -0.0006552215   0.0001756398   0.0000675748   0.0000241538
       -0.0001017538   0.0000919517   0.0000842910
        0.0003982542   0.0003663428  -0.0001039215   0.0011482846  -0.0001814340
       -0.0013668773   0.0036293025   0.0046785095   0.0011869179  -0.0585798151
       -0.1132406256   0.0105122653  -0.0288028068   0.5128443429   0.0116953036
       -0.0025442636  -0.0657377976  -0.0046231292   0.0167536116  -0.0002009990
        0.0189221189   0.0022742524  -0.0042825101   0.0016279187  -0.0000172515
       -0.0000220987   0.0000490563   0.0001675278   0.0000163637  -0.0001030729
       -0.0000470733   0.0000057670   0.0000078436   0.0000237899  -0.0000471358
        0.0000836447  -0.0000031285   0.0001065013  -0.0000540164  -0.0000154905
        0.0001614256   0.0000103339   0.0012119984   0.0007420816  -0.0005878936
       -0.0036751702  -0.0016891527  -0.0003636784  -0.0230045833  -0.0230117165
        0.0049597070   0.0690770259  -0.2367817342   0.0407311646   0.0406830956
       -0.0714343301  -0.0608259871  -0.0058119912  -0.0005156072  -0.0091478970
       -0.0138904534  -0.0025366426  -0.0144631992   0.0002111171   0.0006259214
        0.0006923814  -0.0002352430   0.0003371074   0.0002376270   0.0011528881
       -0.0000125228   0.0010523662  -0.0000871945  -0.0001117801  -0.0000829092
       -0.0000166833  -0.0000782762  -0.0000460675
        0.0010665541   0.0005138185  -0.0000604914   0.0024232619  -0.0011482502
       -0.0030239930   0.0191064896   0.0114576482  -0.0043427288   0.0158277977
        0.0128023786  -0.0678699505  -0.0180468239   0.0116953036   0.4875610005
       -0.0604101382  -0.0071402881  -0.1448589245  -0.0081147116   0.0041528331
       -0.0078955303  -0.0003993162   0.0012883410   0.0000004472  -0.0000233239
        0.0000580800   0.0000229197   0.0002034277  -0.0000942256  -0.0002394546
        0.0000026400   0.0000332175   0.0000641559  -0.0000267367  -0.0000748561
       -0.0000816247  -0.0000226079  -0.0000598220  -0.0000234230  -0.0001879300
        0.0003719245   0.0000794862  -0.0003338560   0.0004317054   0.0006131969
       -0.0207907284  -0.0148626582   0.0007512641   0.0050087013   0.0051827778
       -0.0003960693  -0.0126031714   0.0402237328  -0.0529390616   0.0908237618
       -0.0601885841  -0.1847232454  -0.0150019484  -0.0035751481  -0.0257116024
        0.0006171966  -0.0001045839   0.0020661422   0.0009623262  -0.0008566872
        0.0009686661   0.0001537318  -0.0002025386   0.0000564998  -0.0003015396
       -0.0001355232  -0.0001332353   0.0001282387   0.0001476871  -0.0000425511
       -0.0000612953   0.0000837172   0.0001581073
        0.0000706912   0.0000156647   0.0000112375  -0.0000141446   0.0000230821
       -0.0002338319   0.0005626110   0.0000387954   0.0000443154  -0.0189085228
       -0.0048044519  -0.0174035561  -0.1121581359  -0.0025442636  -0.0604101382
        0.4980951946   0.0136752263  -0.0378069141  -0.0865358972   0.0444881702
       -0.0063482848  -0.0127074817   0.0183025914  -0.0091092162  -0.0000251560
        0.0000012808  -0.0000017306   0.0000414576   0.0000332015   0.0000022437
       -0.0000176750  -0.0000134089   0.0000465165  -0.0000107597  -0.0000656841
        0.0000551917  -0.0000190388   0.0000438046  -0.0000257184  -0.0011887253
       -0.0004171793  -0.0000759242  -0.0001666136   0.0000792369  -0.0000599179
       -0.0037488498  -0.0029772173   0.0000490957   0.0007769859   0.0007847367
        0.0000054913  -0.0090986403   0.0021642123  -0.0121242940   0.0074259092
        0.0001430076   0.0089545510  -0.0982106440   0.0369819667   0.0913580858
       -0.1623789680  -0.1054644810   0.0419953482  -0.0076956155   0.0158093530
       -0.0007231351   0.0077647818  -0.0177127384   0.0043446493  -0.0029642410
        0.0003342654  -0.0034183152   0.0003361931   0.0010739646  -0.0000588124
        0.0007752849   0.0000068644   0.0009330631
        0.0000422164   0.0000089818   0.0000273892  -0.0001243067  -0.0000333342
       -0.0001198632   0.0000094518   0.0000431684   0.0001097133  -0.0116570693
       -0.0009982440  -0.0128134358  -0.0050917811  -0.0657377976  -0.0071402881
        0.0136752263   0.4851864459   0.0068999883   0.0460254942  -0.1693842372
        0.0229996314   0.0034321520  -0.0008572067   0.0035090031   0.0000187118
       -0.0000325278   0.0000022723   0.0000044834  -0.0000035205  -0.0000179962
        0.0000045204   0.0000225859  -0.0000190126  -0.0000117476  -0.0000388370
       -0.0000076147  -0.0000236751  -0.0000111983  -0.0000128627  -0.0001147050
        0.0003057364  -0.0001842989   0.0000406699  -0.0000935449   0.0000512814
       -0.0034758987  -0.0018435911  -0.0000838056   0.0002148531   0.0001503887
       -0.0004015363   0.0173355587  -0.0018703140   0.0226244266  -0.0053935263
       -0.0003423071  -0.0100287508   0.0374175432  -0.0710785471  -0.0630423239
       -0.1051055092  -0.1367441537   0.0333794487   0.0088259036  -0.0151510058
       -0.0002750006   0.0063353110  -0.0238195125   0.0065186601  -0.0006799239
        0.0007979073  -0.0005437053  -0.0009605451   0.0009208973  -0.0008888806
       -0.0007434079   0.0006037680  -0.0005424394
        0.0000509443   0.0000199745   0.0000099560   0.0001339240  -0.0001096196
       -0.0000955530  -0.0000373977  -0.0000324488   0.0004248822  -0.0028468723
       -0.0031432927   0.0033932898  -0.0576618740  -0.0046231292  -0.1448589245
       -0.0378069141   0.0068999883   0.5030661474  -0.0061683539   0.0219905792
       -0.0704467166  -0.0127016755   0.0182892740  -0.0081008900   0.0000291614
       -0.0000283086   0.0000106336  -0.0000081375  -0.0000196024  -0.0000188740
        0.0000048929   0.0000247673  -0.0000709065  -0.0000326872   0.0000141279
       -0.0000570503  -0.0000443028  -0.0000195691   0.0000289833   0.0006514301
        0.0004642619  -0.0001844400   0.0001285946  -0.0000892817   0.0000169860
        0.0010482720   0.0007649124   0.0008498947   0.0001065490   0.0000581926
        0.0002866332  -0.0072667735   0.0017093198  -0.0082583538  -0.0148661553
       -0.0032778606  -0.0274095684   0.0913578037  -0.0633094710  -0.1906052865
        0.0421170092   0.0335945235  -0.0567636301   0.0104136749  -0.0219603251
        0.0031244135  -0.0032097966   0.0110760768  -0.0022870568  -0.0037580487
        0.0004741957  -0.0030792343   0.0007774636   0.0002756203   0.0005020698
       -0.0004107303   0.0009570947   0.0005225954
        0.0000031268  -0.0000226840  -0.0000289323   0.0000207132   0.0000720909
       -0.0000163372   0.0000580035  -0.0000119751  -0.0001337646   0.0005160708
        0.0000251444   0.0001149167  -0.0105075375   0.0167536116  -0.0081147116
       -0.0865358972   0.0460254942  -0.0061683539   0.4982038985   0.0229345130
       -0.0366848076  -0.1315423160  -0.0120569994  -0.0655768608   0.0000145966
       -0.0000328344   0.0000010830   0.0000034526   0.0000087195   0.0000100451
       -0.0000145825   0.0000120745   0.0000399301   0.0000288147  -0.0000129119
        0.0000506624  -0.0000539545  -0.0000936600  -0.0000037634  -0.0002393494
        0.0001668396   0.0001852777   0.0000447186  -0.0000857277   0.0000861856
        0.0000935350   0.0001623564   0.0000875409  -0.0008798720   0.0002132004
       -0.0008485564  -0.0020886146   0.0005263641  -0.0031733543   0.0006053264
       -0.0002640145   0.0011291547  -0.0079513078   0.0169277130  -0.0011556476
        0.0070216853  -0.0186815466   0.0037271868  -0.0865913099   0.0343707375
        0.0825469704  -0.1560037163  -0.1022282858   0.0562578671  -0.0113202432
        0.0007446810  -0.0114328552  -0.0208410782  -0.0061281028  -0.0168099769
        0.0079558370   0.0006752018   0.0059111016
       -0.0000157338  -0.0000253945  -0.0000150575  -0.0000222119   0.0001119336
        0.0000175868  -0.0001543567  -0.0002198899  -0.0001247284   0.0000406372
        0.0004162877  -0.0000751064   0.0041880035  -0.0002009990   0.0041528331
        0.0444881702  -0.1693842372   0.0219905792   0.0229345130   0.4903814514
        0.0069373983  -0.0125440381  -0.0663672244  -0.0125294710   0.0000194263
       -0.0000196753   0.0000015533  -0.0000270813  -0.0000101725   0.0000062717
        0.0000062111   0.0000210096   0.0000307869   0.0000210607  -0.0000085684
        0.0000175125  -0.0000414544  -0.0001090737  -0.0000055794   0.0000284517
        0.0002390677   0.0000692727   0.0000607199  -0.0000954896   0.0000386526
       -0.0002286226  -0.0000460406   0.0000089960  -0.0003687016  -0.0001299481
       -0.0004343241  -0.0003359089   0.0008981011  -0.0006502890  -0.0007882808
        0.0007140356  -0.0007019897   0.0081925559  -0.0146282711  -0.0002287618
        0.0057502543  -0.0257635425   0.0067077169   0.0344087238  -0.0761266425
       -0.0685502373  -0.1023150272  -0.1354394893   0.0468041957   0.0192499181
        0.0010832739   0.0194298859  -0.0150375647  -0.0036104844  -0.0129266143
       -0.0075096639  -0.0016800177  -0.0099710829
       -0.0000035118  -0.0000065140  -0.0000066627   0.0000708063   0.0000234410
        0.0000539513   0.0001367839   0.0000704920  -0.0001783357   0.0000821666
       -0.0002248230   0.0001302123  -0.0113829035   0.0189221189  -0.0078955303
       -0.0063482848   0.0229996314  -0.0704467166  -0.0366848076   0.0069373983
        0.5076291902  -0.0659706351  -0.0119438819  -0.1360316152  -0.0000123955
        0.0000192770  -0.0000014853  -0.0000177225  -0.0000012931   0.0000139177
        0.0000025395  -0.0000075740   0.0000008730   0.0000007521   0.0000195691
       -0.0000160956   0.0000290371   0.0000271722   0.0000103138   0.0001007409
       -0.0001725550   0.0000465836  -0.0000767284   0.0000729397  -0.0000271715
        0.0000190437   0.0002369456  -0.0000426261  -0.0002782797   0.0003484680
        0.0001385912  -0.0035015782   0.0006447764  -0.0034814494  -0.0005544887
        0.0010215113   0.0004466192   0.0101223962  -0.0216428000   0.0029766842
       -0.0026418518   0.0100874084  -0.0018144325   0.0829560154  -0.0688796351
       -0.1961491142   0.0559932790   0.0463180018  -0.0694692697  -0.0075244681
        0.0009241848  -0.0069617141   0.0032295543  -0.0004189887   0.0057894458
       -0.0177454592  -0.0053752709  -0.0247141634
       -0.0000171265   0.0000041162  -0.0000014691   0.0000167515   0.0000005178
       -0.0000081540   0.0000690427   0.0000389701  -0.0000318907   0.0000091889
        0.0000274614  -0.0001693168  -0.0007774295   0.0022742524  -0.0003993162
       -0.0127074817   0.0034321520  -0.0127016755  -0.1315423160  -0.0125440381
       -0.0659706351   0.4929628065  -0.0054541978  -0.0309207298  -0.0000041751
       -0.0000046642   0.0000029900   0.0000003002   0.0000100757   0.0000082898
       -0.0000045200  -0.0000042608   0.0000026950   0.0000080265   0.0000017842
        0.0000334593   0.0000206005   0.0000282081  -0.0000140145  -0.0000391393
       -0.0000413623  -0.0000592705  -0.0000126103  -0.0000353510  -0.0000004028
        0.0000046027   0.0000858901   0.0000750368   0.0000666638   0.0000907189
        0.0001230605  -0.0004072313  -0.0000188261  -0.0006322387  -0.0001270342
        0.0000922013   0.0000629531   0.0001437718  -0.0004732175  -0.0002790819
        0.0010174735  -0.0009136269   0.0005888753   0.0069684032   0.0011348095
        0.0059551465  -0.0207162742  -0.0057682877  -0.0172658710  -0.0813429766
        0.0849269848  -0.0184888328  -0.1673232239  -0.1048097625   0.0560102699
       -0.0862660932   0.0379194523   0.0840801231
        0.0000053970   0.0000146414   0.0000063731   0.0000214545  -0.0000057081
       -0.0000031227   0.0000410552   0.0000633969   0.0000313754  -0.0001649537
       -0.0001801877  -0.0000443318   0.0024082831  -0.0042825101   0.0012883410
        0.0183025914  -0.0008572067   0.0182892740  -0.0120569994  -0.0663672244
       -0.0119438819  -0.0054541978   0.5244783875  -0.0054450837  -0.0000111917
        0.0000035758   0.0000054313   0.0000024562   0.0000053968  -0.0000014849
        0.0000026109  -0.0000028283  -0.0000177291  -0.0000177499   0.0000035941
       -0.0000096185   0.0000278090   0.0000281971  -0.0000051724   0.0000130745
       -0.0000578945  -0.0000308910  -0.0000846650   0.0000395062   0.0000153550
        0.0000159933   0.0001590582  -0.0000528636   0.0000659288   0.0001389148
        0.0000564614   0.0009255227  -0.0002107950   0.0011982049  -0.0000321581
       -0.0000585623  -0.0000088568   0.0001525029   0.0004418187   0.0007419629
        0.0011790880   0.0008822603   0.0005741122  -0.0074933600  -0.0011481088
       -0.0096157407  -0.0153702157  -0.0030905766  -0.0131454324   0.0851314191
       -0.2352236487   0.0459333780  -0.1052317469  -0.1350983573   0.0463302466
        0.0376220515  -0.0796751393  -0.0741463062
       -0.0000005998  -0.0000050023   0.0000064927   0.0000024520  -0.0000013484
        0.0000073805   0.0000484649   0.0000208414   0.0000264760   0.0001335915
       -0.0000358817   0.0000202543  -0.0006311811   0.0016279187   0.0000004472
       -0.0091092162   0.0035090031  -0.0081008900  -0.0655768608  -0.0125294710
       -0.1360316152  -0.0309207298  -0.0054450837   0.4900839130   0.0000028717
       -0.0000071872   0.0000038896  -0.0000046333   0.0000005880   0.0000032521
       -0.0000042508   0.0000065275  -0.0000113993   0.0000012351  -0.0000035592
        0.0000033612  -0.0000150021   0.0000021394  -0.0000034669  -0.0000388226
        0.0000373914   0.0000107338  -0.0000021479  -0.0000326393   0.0000180151
        0.0000226022  -0.0000159627   0.0000656407  -0.0000188971   0.0000631675
       -0.0001334930  -0.0004228144   0.0000429529  -0.0003206830  -0.0000480581
        0.0000448847   0.0002307947   0.0006350406  -0.0005483681   0.0007974333
       -0.0001124920  -0.0006125928   0.0001843226  -0.0184607234  -0.0051534464
       -0.0243149731   0.0030859942   0.0005121620   0.0048453500  -0.0184076439
        0.0457271783  -0.0542415293   0.0561902685   0.0466730545  -0.0682881956
        0.0836515524  -0.0738772666  -0.2048615116
       -0.0637928459   0.0640089757  -0.0124537808  -0.0074807168   0.0192384028
       -0.0003214688   0.0005336837   0.0011747941  -0.0003330735   0.0000115615
       -0.0000823552   0.0000173489   0.0000078778  -0.0000172515  -0.0000233239
       -0.0000251560   0.0000187118   0.0000291614   0.0000145966   0.0000194263
       -0.0000123955  -0.0000041751  -0.0000111917   0.0000028717   0.0720954504
       -0.0761638966   0.0113753283   0.0060041715  -0.0260896338   0.0045590036
       -0.0056098875   0.0174329382  -0.0058141433   0.0005419845  -0.0004820743
       -0.0006017740  -0.0020908395   0.0017108312   0.0033870969  -0.0000964173
        0.0000714064  -0.0001068088  -0.0003097381  -0.0005752553   0.0004705935
        0.0000336870   0.0000109472  -0.0000730726   0.0001316679  -0.0001533922
       -0.0000665105  -0.0000208275  -0.0000665942   0.0000376712   0.0000492948
       -0.0000060311  -0.0000293446  -0.0000249356   0.0000104060  -0.0000424850
        0.0000026157  -0.0000159169  -0.0000045283   0.0000141503  -0.0000178383
       -0.0000049199   0.0000094389  -0.0000075384   0.0000100351   0.0000155040
       -0.0000092109   0.0000044041  -0.0000091478  -0.0000069533   0.0000024096
       -0.0000009977   0.0000082942  -0.0000082949
        0.0636107454  -0.2569687311   0.0369532631   0.0065500639  -0.0131212713
       -0.0018858680  -0.0006045532   0.0008034738   0.0005541982  -0.0001633077
        0.0000623273   0.0001731236  -0.0000619705  -0.0000220987   0.0000580800
        0.0000012808  -0.0000325278  -0.0000283086  -0.0000328344  -0.0000196753
        0.0000192770  -0.0000046642   0.0000035758  -0.0000071872  -0.0761638966
        0.2977207426  -0.0411042305   0.0032228093  -0.0242682773   0.0047361890
        0.0022350767  -0.0048627621   0.0030201122  -0.0004223320   0.0002794039
        0.0001865327   0.0017013812  -0.0001861421  -0.0025795536   0.0000748192
       -0.0001688320   0.0000176640   0.0002289868   0.0006092795  -0.0001619647
       -0.0000272150  -0.0000303837  -0.0000119119  -0.0001677147   0.0000554310
        0.0000649772   0.0000070364   0.0000929142  -0.0000255732  -0.0000215295
       -0.0000137192  -0.0000007384   0.0000105933   0.0000012443   0.0000319718
        0.0000133600   0.0000365630   0.0000017436  -0.0000035198   0.0000046607
       -0.0000057935   0.0000049121   0.0000108743  -0.0000135924  -0.0000074120
       -0.0000020806   0.0000000670   0.0000209177   0.0000197581  -0.0000046422
       -0.0000010332  -0.0000037471   0.0000121645
       -0.0125437991   0.0366739404  -0.0503283382   0.0083144314  -0.0221945920
        0.0020951797  -0.0005366307  -0.0005478195   0.0004561187  -0.0000079910
        0.0000090635  -0.0000690395  -0.0000071319   0.0000490563   0.0000229197
       -0.0000017306   0.0000022723   0.0000106336   0.0000010830   0.0000015533
       -0.0000014853   0.0000029900   0.0000054313   0.0000038896   0.0113753283
       -0.0411042305   0.0573315744  -0.0004042072   0.0013648875   0.0004164247
       -0.0098302235   0.0283776301  -0.0075765706   0.0000399654  -0.0006294770
        0.0008143470   0.0036309864  -0.0024174303  -0.0030698778  -0.0000717892
        0.0001650611  -0.0001578986   0.0001453886   0.0002111530   0.0000336986
        0.0000065593  -0.0000521434   0.0000265071  -0.0000849256   0.0000708325
       -0.0000055750   0.0000236697   0.0000184513   0.0000017140  -0.0000304484
       -0.0000055310   0.0000147590  -0.0000018375   0.0000040063  -0.0000018382
       -0.0000027287  -0.0000021681  -0.0000038106  -0.0000073930  -0.0000023970
        0.0000055958  -0.0000087356  -0.0000003679  -0.0000190698  -0.0000013423
        0.0000008157  -0.0000033462  -0.0000015352  -0.0000022415   0.0000026473
        0.0000020471   0.0000042435   0.0000008406
       -0.1998859571  -0.1143133812   0.0054790912  -0.0189304269  -0.0106080525
        0.0040822578  -0.0023428163   0.0017028486   0.0038405183  -0.0009025965
       -0.0007856096   0.0000508232  -0.0001537476   0.0001675278   0.0002034277
        0.0000414576   0.0000044834  -0.0000081375   0.0000034526  -0.0000270813
       -0.0000177225   0.0000003002   0.0000024562  -0.0000046333   0.0060041715
        0.0032228093  -0.0004042072   0.2319530218   0.1324859134  -0.0097594451
       -0.0170564506  -0.0120516462  -0.0029137875   0.0006724487  -0.0001607527
       -0.0003054689   0.0000908762  -0.0001007731  -0.0004739579   0.0004592925
        0.0001267730   0.0001831441   0.0001323545   0.0003472237  -0.0000872204
        0.0000140727  -0.0000185275   0.0000229595   0.0000036113   0.0000036672
       -0.0000208794   0.0000282373   0.0000311379  -0.0000301386  -0.0001232369
       -0.0000356034   0.0000732156   0.0000409438   0.0000470673   0.0000372997
       -0.0000360946  -0.0000153137   0.0000135925  -0.0000060051   0.0000091436
        0.0000188338   0.0000107577  -0.0000433268   0.0000153527  -0.0000206878
        0.0000275493  -0.0000102147  -0.0000093145  -0.0000136600   0.0000073749
        0.0000123352  -0.0000048727   0.0000079220
       -0.1141752558  -0.1275567397   0.0060916629   0.0060790495   0.0046987544
       -0.0003195696   0.0008264716   0.0002932335  -0.0008552330   0.0002802811
        0.0002639476  -0.0001578208   0.0001190561   0.0000163637  -0.0000942256
        0.0000332015  -0.0000035205  -0.0000196024   0.0000087195  -0.0000101725
       -0.0000012931   0.0000100757   0.0000053968   0.0000005880  -0.0260896338
       -0.0242682773   0.0013648875   0.1324859134   0.1450295461  -0.0056912723
       -0.0002781022   0.0004989141  -0.0006156279   0.0000610668   0.0000699922
        0.0003420323   0.0004441572   0.0006455422  -0.0001098908   0.0001593272
       -0.0000514151   0.0000814976   0.0001480574   0.0002698634  -0.0001773719
       -0.0000142475   0.0000012285   0.0000697170  -0.0000692278   0.0000708608
        0.0000505956   0.0000132069  -0.0000029056  -0.0000193982  -0.0000050997
        0.0000275739   0.0000261110   0.0000183021   0.0000024540   0.0000175132
       -0.0000182172  -0.0000121845   0.0000080582  -0.0000136635   0.0000157222
        0.0000141251  -0.0000081628  -0.0000042893  -0.0000048018  -0.0000120299
        0.0000149109  -0.0000059769  -0.0000077810  -0.0000099965   0.0000031126
        0.0000045351  -0.0000048033   0.0000021835
        0.0056819459   0.0062277324  -0.0435217748   0.0203722790   0.0122443383
       -0.0030068117   0.0028971508  -0.0015294310  -0.0031330660   0.0010964116
        0.0006436122   0.0000179511   0.0002260625  -0.0001030729  -0.0002394546
        0.0000022437  -0.0000179962  -0.0000188740   0.0000100451   0.0000062717
        0.0000139177   0.0000082898  -0.0000014849   0.0000032521   0.0045590036
        0.0047361890   0.0004164247  -0.0097594451  -0.0056912723   0.0498493199
       -0.0248823559  -0.0171810253  -0.0012863534   0.0002554424   0.0004757970
        0.0003715550  -0.0003422977   0.0003228279   0.0005347117   0.0000391622
       -0.0000844306  -0.0000453739  -0.0001271115  -0.0001447857  -0.0000340345
       -0.0000415853   0.0000390912   0.0001023081  -0.0000352623   0.0000259099
        0.0000216340  -0.0000245228  -0.0000288462   0.0000122165   0.0000847198
        0.0000496026  -0.0000259126  -0.0000048572  -0.0000063642  -0.0000236260
       -0.0000001176   0.0000050740   0.0000071578  -0.0000140627   0.0000057609
        0.0000024291  -0.0000077266   0.0000070654  -0.0000224903   0.0000031787
       -0.0000072120   0.0000020020  -0.0000007581   0.0000033395  -0.0000003026
        0.0000041678   0.0000033094   0.0000031946
       -0.1010447057   0.0062637290  -0.1022090011   0.0080355132  -0.0010473409
        0.0151828213   0.0011134273   0.0003869098   0.0010162576  -0.0001424745
        0.0000663998   0.0000965031  -0.0000381529  -0.0000470733   0.0000026400
       -0.0000176750   0.0000045204   0.0000048929  -0.0000145825   0.0000062111
        0.0000025395  -0.0000045200   0.0000026109  -0.0000042508  -0.0056098875
        0.0022350767  -0.0098302235  -0.0170564506  -0.0002781022  -0.0248823559
        0.1158468219  -0.0080332829   0.1172233399  -0.0012940560   0.0008887745
        0.0035895480   0.0005391562  -0.0004527508   0.0000196389  -0.0002495214
        0.0000294741   0.0000672143  -0.0000901175   0.0000145173  -0.0001350661
       -0.0000612187  -0.0000069663  -0.0000961577   0.0000391928  -0.0000417462
        0.0000036522   0.0000010714   0.0000153796  -0.0000036286   0.0000260297
        0.0000017561  -0.0000315807  -0.0000170453  -0.0000298022   0.0000073642
        0.0000231390   0.0000076322  -0.0000175282   0.0000197625  -0.0000009856
       -0.0000123153  -0.0000035134   0.0000209417   0.0000149501   0.0000050771
       -0.0000051779   0.0000018370   0.0000093196   0.0000036457  -0.0000046571
       -0.0000145897  -0.0000043508  -0.0000064340
        0.0061043538  -0.0462736509   0.0121197617  -0.0039964555   0.0006984110
       -0.0091139101  -0.0000785495   0.0002042711   0.0005781402  -0.0000431902
       -0.0000366132   0.0000050226  -0.0000046587   0.0000057670   0.0000332175
       -0.0000134089   0.0000225859   0.0000247673   0.0000120745   0.0000210096
       -0.0000075740  -0.0000042608  -0.0000028283   0.0000065275   0.0174329382
       -0.0048627621   0.0283776301  -0.0120516462   0.0004989141  -0.0171810253
       -0.0080332829   0.0494484173  -0.0123075672   0.0011769930   0.0001497738
       -0.0020640663  -0.0004482915   0.0002018137  -0.0005726332  -0.0001618432
        0.0002117011   0.0000475352   0.0001206383  -0.0001714603   0.0001307730
       -0.0000164022  -0.0000416148  -0.0000040385   0.0000083037  -0.0000187639
       -0.0000480661   0.0000036151  -0.0000147120   0.0000141606  -0.0000049766
       -0.0000097209  -0.0000096704  -0.0000184369  -0.0000006979  -0.0000090121
        0.0000082381  -0.0000104492  -0.0000057299   0.0000004734  -0.0000150631
       -0.0000014538   0.0000043237   0.0000001612  -0.0000097847   0.0000132443
       -0.0000113393   0.0000000803  -0.0000073755  -0.0000048039   0.0000005863
       -0.0000024174   0.0000116541  -0.0000036707
       -0.1026963091   0.0120970909  -0.2235855048  -0.0085362606  -0.0004964536
       -0.0272356752  -0.0010982292   0.0000019793   0.0005729608  -0.0000942842
        0.0000291457   0.0001758030  -0.0000373311   0.0000078436   0.0000641559
        0.0000465165  -0.0000190126  -0.0000709065   0.0000399301   0.0000307869
        0.0000008730   0.0000026950  -0.0000177291  -0.0000113993  -0.0058141433
        0.0030201122  -0.0075765706  -0.0029137875  -0.0006156279  -0.0012863534
        0.1172233399  -0.0123075672   0.2617426156   0.0036244038  -0.0021398446
       -0.0042132622  -0.0005163890   0.0002204262   0.0007624521   0.0009961304
        0.0001077982   0.0003591607  -0.0000422841   0.0000752233  -0.0001579455
       -0.0000800649  -0.0000059772   0.0002796018  -0.0000525120  -0.0000164620
        0.0000155406  -0.0000123980   0.0000072289  -0.0000135085  -0.0000488133
       -0.0000153214   0.0000284827   0.0000393463   0.0000617303   0.0000632631
       -0.0000086665   0.0000084107   0.0000345906  -0.0000371733   0.0000082071
        0.0000206738   0.0000169526  -0.0000527820  -0.0000170056   0.0000036356
       -0.0000061197   0.0000046925  -0.0000141026  -0.0000040225  -0.0000013172
        0.0000097985   0.0000209363   0.0000445824
        0.0071773153  -0.0003863742   0.0159548396  -0.0982655312   0.0085703155
       -0.0992074222  -0.0185181293  -0.0013928865  -0.0224235668   0.0003632048
       -0.0000782356  -0.0014029117   0.0001736338   0.0000237899  -0.0000267367
       -0.0000107597  -0.0000117476  -0.0000326872   0.0000288147   0.0000210607
        0.0000007521   0.0000080265  -0.0000177499   0.0000012351   0.0005419845
       -0.0004223320   0.0000399654   0.0006724487   0.0000610668   0.0002554424
       -0.0012940560   0.0011769930   0.0036244038   0.1182221240  -0.0077957359
        0.1121010313  -0.0050188252   0.0032559813  -0.0101294770  -0.0047806993
       -0.0036946026  -0.0000924105   0.0009407611   0.0006224469  -0.0000333727
       -0.0003569666  -0.0001328435   0.0011787100  -0.0000519770   0.0000693197
       -0.0000601004   0.0000296285   0.0000018010  -0.0000478154   0.0000458896
        0.0000692301   0.0000327068   0.0000769338   0.0001170643   0.0001044707
        0.0000057841   0.0000143849   0.0000969728  -0.0000397362   0.0000083026
        0.0000255514   0.0000286422  -0.0000913355  -0.0000194583   0.0000055217
        0.0000116828   0.0000064462  -0.0000098668  -0.0000122038   0.0000111907
        0.0000258341   0.0000126076   0.0000422406
       -0.0036005080   0.0010194297  -0.0091845209   0.0087859791  -0.0478059186
        0.0142573646  -0.0113133870   0.0004226597  -0.0147070599   0.0005085486
        0.0002251883  -0.0003196728   0.0000270203  -0.0000471358  -0.0000748561
       -0.0000656841  -0.0000388370   0.0000141279  -0.0000129119  -0.0000085684
        0.0000195691   0.0000017842   0.0000035941  -0.0000035592  -0.0004820743
        0.0002794039  -0.0006294770  -0.0001607527   0.0000699922   0.0004757970
        0.0008887745   0.0001497738  -0.0021398446  -0.0077957359   0.0525001721
       -0.0145608035   0.0169712939  -0.0058959013   0.0280069383  -0.0037375743
       -0.0014504682  -0.0006604783  -0.0001587727   0.0004851600  -0.0007740335
        0.0000322609   0.0002349586   0.0001019045   0.0000650065  -0.0001549687
        0.0001584927  -0.0000325829  -0.0000303223  -0.0000345985   0.0000433262
        0.0000253959  -0.0000113954   0.0000450428   0.0000327734   0.0000322089
       -0.0000063381   0.0000141474   0.0000155101   0.0000029248   0.0000059521
        0.0000017975  -0.0000148037  -0.0000405933   0.0000035030  -0.0000055383
        0.0000066673   0.0000025585   0.0000078956   0.0000023323  -0.0000005805
        0.0000068064  -0.0000048873   0.0000111080
       -0.0084828087  -0.0001136109  -0.0268227268  -0.0986069614   0.0142920455
       -0.2126100893  -0.0033229719  -0.0014047077  -0.0016475433   0.0009069837
        0.0005071126   0.0008426749   0.0000913006   0.0000836447  -0.0000816247
        0.0000551917  -0.0000076147  -0.0000570503   0.0000506624   0.0000175125
       -0.0000160956   0.0000334593  -0.0000096185   0.0000033612  -0.0006017740
        0.0001865327   0.0008143470  -0.0003054689   0.0003420323   0.0003715550
        0.0035895480  -0.0020640663  -0.0042132622   0.1121010313  -0.0145608035
        0.2500618298  -0.0056761820   0.0034808307  -0.0077784108  -0.0001219437
       -0.0006718404   0.0005194455   0.0002966032  -0.0001405182   0.0002408259
        0.0000993322   0.0000623818   0.0004002318  -0.0001178667   0.0000041971
       -0.0001540089   0.0000191485  -0.0000401034   0.0000074184   0.0000183886
        0.0000259493   0.0000396132   0.0000092992   0.0000480788   0.0000191786
        0.0000092584  -0.0000219936   0.0000245533  -0.0000239283   0.0000152917
        0.0000369558  -0.0000164673  -0.0000384020  -0.0000281917   0.0000021955
        0.0000145031  -0.0000012762  -0.0000194902  -0.0000184266   0.0000121200
        0.0000134606   0.0000115932   0.0000161692
       -0.0072812733   0.0193183077   0.0003832985  -0.0586513009   0.0567224405
       -0.0124326624   0.0034882588  -0.0248554303   0.0046555676   0.0007858719
       -0.0010147199  -0.0003525320  -0.0000929028  -0.0000031285  -0.0000226079
       -0.0000190388  -0.0000236751  -0.0000443028  -0.0000539545  -0.0000414544
        0.0000290371   0.0000206005   0.0000278090  -0.0000150021  -0.0020908395
        0.0017013812   0.0036309864   0.0000908762   0.0004441572  -0.0003422977
        0.0005391562  -0.0004482915  -0.0005163890  -0.0050188252   0.0169712939
       -0.0056761820   0.0715826218  -0.0652491881   0.0096635203   0.0009194026
       -0.0001756699   0.0002999153  -0.0038331780  -0.0039519914   0.0006188459
       -0.0000537192   0.0001339223  -0.0000358929  -0.0004075442   0.0001663882
        0.0001594504   0.0000161951   0.0001389762  -0.0000307575   0.0000181196
        0.0000628360  -0.0000113221   0.0000437774  -0.0000061245   0.0000572737
        0.0000253366   0.0000340719   0.0000074835   0.0000089851   0.0000227743
       -0.0000010213  -0.0000604696   0.0000127816  -0.0000380344  -0.0000088192
        0.0000086612  -0.0000013325   0.0000292460   0.0000117386   0.0000113248
        0.0000034177  -0.0000078662   0.0000036330
        0.0062032565  -0.0127314601  -0.0010134791   0.0572697200  -0.2487830600
        0.0348661846   0.0002098075  -0.0233538643   0.0041153829   0.0008544187
        0.0005410584  -0.0003055481   0.0001177388   0.0001065013  -0.0000598220
        0.0000438046  -0.0000111983  -0.0000195691  -0.0000936600  -0.0001090737
        0.0000271722   0.0000282081   0.0000281971   0.0000021394   0.0017108312
       -0.0001861421  -0.0024174303  -0.0001007731   0.0006455422   0.0003228279
       -0.0004527508   0.0002018137   0.0002204262   0.0032559813  -0.0058959013
        0.0034808307  -0.0652491881   0.2908161056  -0.0392228749   0.0006432371
        0.0004691207  -0.0001440143  -0.0039999683  -0.0026061455  -0.0001380024
        0.0000075661  -0.0001824948   0.0001632384  -0.0006511541   0.0006075742
        0.0002118422   0.0001245534   0.0001878761  -0.0001106614   0.0000125140
        0.0000936117   0.0000330956   0.0000319309  -0.0000519594   0.0000506673
        0.0000640211   0.0000296434  -0.0000037595   0.0000083889   0.0000400390
        0.0000106453  -0.0000610522   0.0001179744  -0.0000641117  -0.0000208438
        0.0000382812  -0.0000083629   0.0000437479   0.0000118699   0.0000087397
       -0.0000003359  -0.0000239093  -0.0000055565
        0.0086012568  -0.0222674642   0.0013539446  -0.0123554481   0.0352492689
       -0.0512701167   0.0004752203   0.0019765962   0.0002379149  -0.0000360269
        0.0006825044   0.0001848638   0.0000048290  -0.0000540164  -0.0000234230
       -0.0000257184  -0.0000128627   0.0000289833  -0.0000037634  -0.0000055794
        0.0000103138  -0.0000140145  -0.0000051724  -0.0000034669   0.0033870969
       -0.0025795536  -0.0030698778  -0.0004739579  -0.0001098908   0.0005347117
        0.0000196389  -0.0005726332   0.0007624521  -0.0101294770   0.0280069383
       -0.0077784108   0.0096635203  -0.0392228749   0.0582381502  -0.0000392449
       -0.0007824522   0.0002336239   0.0006223728  -0.0001440136   0.0007525239
       -0.0001611026   0.0001579335  -0.0001925728   0.0005057930  -0.0001585674
        0.0000535743  -0.0000475091  -0.0001117638  -0.0000046664   0.0000057541
       -0.0000143673  -0.0000217502  -0.0000055907  -0.0000166864  -0.0000137819
       -0.0000153526  -0.0000035675  -0.0000212407   0.0000308956  -0.0000002089
       -0.0000243276   0.0000002692   0.0000004215   0.0000550515  -0.0000034777
       -0.0000046311   0.0000003576   0.0000016631   0.0000032819  -0.0000109508
       -0.0000076263  -0.0000106390  -0.0000118802
        0.0005081068   0.0000811481  -0.0010187612  -0.0185789082  -0.0015541056
       -0.0229498162  -0.0958238826   0.0094308783  -0.0987039698   0.0076260938
       -0.0006136827   0.0151081613   0.0004432191  -0.0000154905  -0.0001879300
       -0.0011887253  -0.0001147050   0.0006514301  -0.0002393494   0.0000284517
        0.0001007409  -0.0000391393   0.0000130745  -0.0000388226  -0.0000964173
        0.0000748192  -0.0000717892   0.0004592925   0.0001593272   0.0000391622
       -0.0002495214  -0.0001618432   0.0009961304  -0.0047806993  -0.0037375743
       -0.0001219437   0.0009194026   0.0006432371  -0.0000392449   0.1178842274
       -0.0071956194   0.1128819497  -0.0048092514   0.0031258678  -0.0098939403
       -0.0013827848   0.0009917203   0.0034738479   0.0006589777  -0.0003758943
        0.0000095445  -0.0000453513  -0.0000126019  -0.0000250089  -0.0000329860
        0.0000543615  -0.0001692409  -0.0014717992  -0.0010584355   0.0001478885
        0.0001169489  -0.0000715977  -0.0000975013   0.0001222948   0.0000352921
       -0.0000264494  -0.0000145444   0.0003111481   0.0000261211   0.0000370857
       -0.0000092301  -0.0000009916   0.0000254117  -0.0000103433   0.0000094253
       -0.0000477012  -0.0000182024  -0.0000989920
        0.0004976068   0.0002605584  -0.0002389865  -0.0112424897   0.0004024826
       -0.0147303215   0.0095940477  -0.0473349538   0.0150388827  -0.0037955888
        0.0008148828  -0.0093743878  -0.0001454910   0.0001614256   0.0003719245
       -0.0004171793   0.0003057364   0.0004642619   0.0001668396   0.0002390677
       -0.0001725550  -0.0000413623  -0.0000578945   0.0000373914   0.0000714064
       -0.0001688320   0.0001650611   0.0001267730  -0.0000514151  -0.0000844306
        0.0000294741   0.0002117011   0.0001077982  -0.0036946026  -0.0014504682
       -0.0006718404  -0.0001756699   0.0004691207  -0.0007824522  -0.0071956194
        0.0526125098  -0.0149032951   0.0167360783  -0.0058834073   0.0280497003
        0.0007866722  -0.0000136171  -0.0023889803  -0.0004592129   0.0003095868
       -0.0006716574   0.0001393415  -0.0001085104   0.0000712963  -0.0000301679
       -0.0000523383  -0.0000510723  -0.0011110567  -0.0001081603  -0.0001053725
        0.0000783596  -0.0001387495  -0.0001219359  -0.0000455598  -0.0001409983
        0.0000472642   0.0001611084  -0.0002495235  -0.0000337237   0.0000429176
       -0.0000443469   0.0000000653  -0.0000704601  -0.0000350512  -0.0000114404
       -0.0000061649   0.0000511946  -0.0000111943
        0.0008451740   0.0004293451   0.0009372919  -0.0032831866  -0.0012663546
       -0.0018437418  -0.0984942350   0.0149234529  -0.2167454808  -0.0086282002
       -0.0002306854  -0.0265284956  -0.0004979307   0.0000103339   0.0000794862
       -0.0000759242  -0.0001842989  -0.0001844400   0.0001852777   0.0000692727
        0.0000465836  -0.0000592705  -0.0000308910   0.0000107338  -0.0001068088
        0.0000176640  -0.0001578986   0.0001831441   0.0000814976  -0.0000453739
        0.0000672143   0.0000475352   0.0003591607  -0.0000924105  -0.0006604783
        0.0005194455   0.0002999153  -0.0001440143   0.0002336239   0.1128819497
       -0.0149032951   0.2530468751  -0.0056554158   0.0034821491  -0.0078833271
        0.0032302428  -0.0021662568  -0.0043557223  -0.0006249786   0.0002957294
        0.0008939101  -0.0000879523  -0.0000522833  -0.0001385220  -0.0002430203
        0.0000689038   0.0002846724   0.0004671946   0.0006037920   0.0010602147
       -0.0002095280  -0.0000249644   0.0001935676  -0.0001551193   0.0000838974
        0.0000631880   0.0001546519  -0.0004565687   0.0001214080  -0.0000401263
        0.0000216730  -0.0000322089  -0.0000551495  -0.0000397336  -0.0000389748
       -0.0000055075   0.0000245783   0.0001040247
        0.0007779793  -0.0008545800  -0.0003505286   0.0035285872  -0.0248520088
        0.0047181915  -0.0582939489   0.0567737752  -0.0123959399  -0.0075051418
        0.0189622531   0.0001137171   0.0003655694   0.0012119984  -0.0003338560
       -0.0001666136   0.0000406699   0.0001285946   0.0000447186   0.0000607199
       -0.0000767284  -0.0000126103  -0.0000846650  -0.0000021479  -0.0003097381
        0.0002289868   0.0001453886   0.0001323545   0.0001480574  -0.0001271115
       -0.0000901175   0.0001206383  -0.0000422841   0.0009407611  -0.0001587727
        0.0002966032  -0.0038331780  -0.0039999683   0.0006223728  -0.0048092514
        0.0167360783  -0.0056554158   0.0707769996  -0.0646155843   0.0098600067
        0.0004863460  -0.0004382785  -0.0005263150  -0.0019918408   0.0017141557
        0.0035617412  -0.0002619580  -0.0006255042   0.0005188525   0.0002626059
       -0.0001738845  -0.0001691601  -0.0002044141   0.0001168148  -0.0003645169
       -0.0000060135  -0.0000463144  -0.0000085996   0.0000855018  -0.0001010302
       -0.0000233161   0.0000606777  -0.0001436098   0.0000828874   0.0000457446
       -0.0000303676   0.0000296673  -0.0000333770  -0.0000111186   0.0000026896
        0.0000103574   0.0000215392  -0.0000047926
        0.0007602548   0.0007799462  -0.0002402047   0.0004606037  -0.0232219611
        0.0040355915   0.0568248760  -0.2475310254   0.0361467862   0.0067055444
       -0.0139498677  -0.0010952555  -0.0006681775   0.0007420816   0.0004317054
        0.0000792369  -0.0000935449  -0.0000892817  -0.0000857277  -0.0000954896
        0.0000729397  -0.0000353510   0.0000395062  -0.0000326393  -0.0005752553
        0.0006092795   0.0002111530   0.0003472237   0.0002698634  -0.0001447857
        0.0000145173  -0.0001714603   0.0000752233   0.0006224469   0.0004851600
       -0.0001405182  -0.0039519914  -0.0026061455  -0.0001440136   0.0031258678
       -0.0058834073   0.0034821491  -0.0646155843   0.2902838671  -0.0404822706
       -0.0003476041   0.0001602627   0.0002138883   0.0013630939  -0.0007879130
       -0.0025563966   0.0002210446   0.0006445602  -0.0001760975  -0.0003325599
        0.0000739904   0.0001823405   0.0002075486   0.0000201253   0.0002743392
       -0.0000486634   0.0000548466   0.0000238366  -0.0000828603   0.0000508091
        0.0000212262   0.0000146857   0.0000905185  -0.0000769232  -0.0000421877
        0.0000135917  -0.0000205158   0.0000425683   0.0000316492  -0.0000089759
       -0.0000035502  -0.0000092428   0.0000366991
       -0.0000523566   0.0006324604   0.0001629155   0.0004425404   0.0019764609
        0.0002467905  -0.0121564883   0.0358434464  -0.0521449542   0.0083565161
       -0.0217973042   0.0019564258  -0.0003823034  -0.0005878936   0.0006131969
       -0.0000599179   0.0000512814   0.0000169860   0.0000861856   0.0000386526
       -0.0000271715  -0.0000004028   0.0000153550   0.0000180151   0.0004705935
       -0.0001619647   0.0000336986  -0.0000872204  -0.0001773719  -0.0000340345
       -0.0001350661   0.0001307730  -0.0001579455  -0.0000333727  -0.0007740335
        0.0002408259   0.0006188459  -0.0001380024   0.0007525239  -0.0098939403
        0.0280497003  -0.0078833271   0.0098600067  -0.0404822706   0.0585761827
        0.0000059990  -0.0004926645   0.0006836929   0.0032121299  -0.0024479142
       -0.0029539575   0.0001721549   0.0003177532  -0.0000378463  -0.0002289677
       -0.0000089218   0.0000666131  -0.0001925398   0.0001693669  -0.0000563173
       -0.0000289457  -0.0000262224  -0.0000235585  -0.0000741802  -0.0000604621
        0.0000381875   0.0000944305  -0.0000871570  -0.0001084738   0.0000014120
       -0.0000039559  -0.0000090794  -0.0000158206  -0.0000080289   0.0000066110
        0.0000207078   0.0000289177   0.0000240004
       -0.0001215385   0.0000511561   0.0000485169   0.0010210063   0.0004642308
        0.0013558746   0.0071885453  -0.0000255329   0.0144344416  -0.1047577352
        0.0025075399  -0.1020767676  -0.0187871358  -0.0036751702  -0.0207907284
       -0.0037488498  -0.0034758987   0.0010482720   0.0000935350  -0.0002286226
        0.0000190437   0.0000046027   0.0000159933   0.0000226022   0.0000336870
       -0.0000272150   0.0000065593   0.0000140727  -0.0000142475  -0.0000415853
       -0.0000612187  -0.0000164022  -0.0000800649  -0.0003569666   0.0000322609
        0.0000993322  -0.0000537192   0.0000075661  -0.0001611026  -0.0013827848
        0.0007866722   0.0032302428   0.0004863460  -0.0003476041   0.0000059990
        0.1271306325   0.0006527318   0.1155644332  -0.0064780386   0.0028277579
       -0.0115798992   0.0007323850   0.0003520867  -0.0001451785  -0.0001127675
        0.0003704719  -0.0004609843   0.0000140174   0.0000883679   0.0003222725
       -0.0009353525  -0.0002361753  -0.0009838526  -0.0000046155  -0.0000414185
       -0.0000281349   0.0000401772  -0.0001024006   0.0001407776  -0.0000014839
        0.0000430280  -0.0000059352   0.0000292665  -0.0000047137  -0.0000003659
        0.0000139330  -0.0000044622   0.0000562321
       -0.0000424612  -0.0000688200   0.0000057011  -0.0002504684   0.0002960248
        0.0006465911  -0.0045227731   0.0005005171  -0.0102648613   0.0022919331
       -0.0455860709   0.0005824391  -0.0134262065  -0.0016891527  -0.0148626582
       -0.0029772173  -0.0018435911   0.0007649124   0.0001623564  -0.0000460406
        0.0002369456   0.0000858901   0.0001590582  -0.0000159627   0.0000109472
       -0.0000303837  -0.0000521434  -0.0000185275   0.0000012285   0.0000390912
       -0.0000069663  -0.0000416148  -0.0000059772  -0.0001328435   0.0002349586
        0.0000623818   0.0001339223  -0.0001824948   0.0001579335   0.0009917203
       -0.0000136171  -0.0021662568  -0.0004382785   0.0001602627  -0.0004926645
        0.0006527318   0.0510986715   0.0000859954   0.0177382265  -0.0035563111
        0.0268980497  -0.0001904013   0.0002441849  -0.0006784925   0.0004851809
        0.0004396394  -0.0001451652   0.0001575587  -0.0000322123   0.0001260336
       -0.0006788265  -0.0001843631  -0.0007327548  -0.0000467831   0.0000094569
        0.0000546417  -0.0000470670   0.0000899279  -0.0002767153  -0.0000229595
        0.0000446251  -0.0000162531   0.0000770021   0.0000139291   0.0000360043
        0.0000143102  -0.0000178123   0.0000131845
       -0.0000948093   0.0000391199   0.0002540533  -0.0011661416  -0.0001035024
        0.0004121196  -0.0089716399  -0.0016405357  -0.0280969478  -0.1024749211
        0.0008141649  -0.2051770921  -0.0007790232  -0.0003636784   0.0007512641
        0.0000490957  -0.0000838056   0.0008498947   0.0000875409   0.0000089960
       -0.0000426261   0.0000750368  -0.0000528636   0.0000656407  -0.0000730726
       -0.0000119119   0.0000265071   0.0000229595   0.0000697170   0.0001023081
       -0.0000961577  -0.0000040385   0.0002796018   0.0011787100   0.0001019045
        0.0004002318  -0.0000358929   0.0001632384  -0.0001925728   0.0034738479
       -0.0023889803  -0.0043557223  -0.0005263150   0.0002138883   0.0006836929
        0.1155644332   0.0000859954   0.2414636164  -0.0068648343   0.0030495542
       -0.0087237659   0.0002623918  -0.0002420643   0.0001660024   0.0002844580
        0.0003085239   0.0008118513   0.0001526125   0.0001755216   0.0002220996
       -0.0000050932   0.0000037621  -0.0000201413  -0.0000470819   0.0000043646
        0.0000213734  -0.0000236884  -0.0001570644   0.0000393316   0.0000096926
        0.0000298000   0.0000098721  -0.0000352677  -0.0000299032   0.0000117064
        0.0000331600   0.0000097975   0.0000377010
        0.0000432383  -0.0001529721   0.0000125886   0.0002941329   0.0011254467
       -0.0001157135  -0.0079867614   0.0182723268  -0.0002752684  -0.0638832123
        0.0664799498  -0.0147735259   0.0053355379  -0.0230045833   0.0050087013
        0.0007769859   0.0002148531   0.0001065490  -0.0008798720  -0.0003687016
       -0.0002782797   0.0000666638   0.0000659288  -0.0000188971   0.0001316679
       -0.0001677147  -0.0000849256   0.0000036113  -0.0000692278  -0.0000352623
        0.0000391928   0.0000083037  -0.0000525120  -0.0000519770   0.0000650065
       -0.0001178667  -0.0004075442  -0.0006511541   0.0005057930   0.0006589777
       -0.0004592129  -0.0006249786  -0.0019918408   0.0013630939   0.0032121299
       -0.0064780386   0.0177382265  -0.0068648343   0.0780110981  -0.0766177221
        0.0146591289  -0.0033213798  -0.0042051175   0.0008843761   0.0006385636
       -0.0001587083  -0.0001703850  -0.0000176865   0.0000414995   0.0000364636
        0.0000946687   0.0002324242   0.0001021757  -0.0003969739  -0.0000121169
        0.0002468634  -0.0007897055   0.0001882146  -0.0014822984   0.0000004111
        0.0000273659   0.0000038111   0.0000687134   0.0000251768   0.0000544151
        0.0000415286   0.0000194149   0.0000617517
       -0.0001255518   0.0000989707   0.0001334564  -0.0004727103   0.0005504419
        0.0004638431   0.0070253746  -0.0137995550  -0.0009265048   0.0661045866
       -0.2426114492   0.0407602513   0.0019210660  -0.0230117165   0.0051827778
        0.0007847367   0.0001503887   0.0000581926   0.0002132004  -0.0001299481
        0.0003484680   0.0000907189   0.0001389148   0.0000631675  -0.0001533922
        0.0000554310   0.0000708325   0.0000036672   0.0000708608   0.0000259099
       -0.0000417462  -0.0000187639  -0.0000164620   0.0000693197  -0.0001549687
        0.0000041971   0.0001663882   0.0006075742  -0.0001585674  -0.0003758943
        0.0003095868   0.0002957294   0.0017141557  -0.0007879130  -0.0024479142
        0.0028277579  -0.0035563111   0.0030495542  -0.0766177221   0.2830676260
       -0.0476634583  -0.0039162480  -0.0028035463   0.0009486680   0.0003324051
        0.0005042405   0.0000462711   0.0000103600  -0.0001562322   0.0000669701
        0.0003586410   0.0002036767   0.0000270484  -0.0002285103   0.0001983617
        0.0001038075   0.0001461851   0.0009979480  -0.0005219006   0.0000053550
        0.0000622137   0.0000081046   0.0001243516   0.0000318619   0.0000506673
        0.0000335055  -0.0000176934   0.0000268906
        0.0000268480   0.0000588411  -0.0000736639  -0.0004114846  -0.0006318039
        0.0003083656   0.0093812835  -0.0217449942   0.0022928342  -0.0151421772
        0.0405231073  -0.0530834992   0.0000188450   0.0049597070  -0.0003960693
        0.0000054913  -0.0004015363   0.0002866332  -0.0008485564  -0.0004343241
        0.0001385912   0.0001230605   0.0000564614  -0.0001334930  -0.0000665105
        0.0000649772  -0.0000055750  -0.0000208794   0.0000505956   0.0000216340
        0.0000036522  -0.0000480661   0.0000155406  -0.0000601004   0.0001584927
       -0.0001540089   0.0001594504   0.0002118422   0.0000535743   0.0000095445
       -0.0006716574   0.0008939101   0.0035617412  -0.0025563966  -0.0029539575
       -0.0115798992   0.0268980497  -0.0087237659   0.0146591289  -0.0476634583
        0.0620977268   0.0010919595   0.0005502035   0.0005272295  -0.0000288351
        0.0004194437  -0.0001099789   0.0000323551  -0.0000984941  -0.0001232926
       -0.0000304619   0.0000684352  -0.0000937373   0.0002361390   0.0000394750
       -0.0000435465  -0.0011761213   0.0001785052  -0.0007219034  -0.0000032769
        0.0000037415   0.0000081508   0.0000725572   0.0000421153   0.0000224485
       -0.0000137534  -0.0000332629  -0.0000501473
        0.0000002534   0.0000642728   0.0000204606  -0.0001141796  -0.0000230065
       -0.0000432475   0.0008966636  -0.0011016082  -0.0004139164   0.0046662927
       -0.0231315707   0.0051850612  -0.0665279698   0.0690770259  -0.0126031714
       -0.0090986403   0.0173355587  -0.0072667735  -0.0020886146  -0.0003359089
       -0.0035015782  -0.0004072313   0.0009255227  -0.0004228144  -0.0000208275
        0.0000070364   0.0000236697   0.0000282373   0.0000132069  -0.0000245228
        0.0000010714   0.0000036151  -0.0000123980   0.0000296285  -0.0000325829
        0.0000191485   0.0000161951   0.0001245534  -0.0000475091  -0.0000453513
        0.0001393415  -0.0000879523  -0.0002619580   0.0002210446   0.0001721549
        0.0007323850  -0.0001904013   0.0002623918  -0.0033213798  -0.0039162480
        0.0010919595   0.0817327695  -0.0772580930   0.0183029634  -0.0064002983
        0.0180101191  -0.0008591234   0.0004841334  -0.0000718199   0.0004176920
       -0.0002142801   0.0005973455   0.0000311427   0.0002072125  -0.0003394125
       -0.0000942956  -0.0001218488  -0.0001300328   0.0000149221  -0.0002313123
       -0.0000244136  -0.0002087161   0.0000500469   0.0000314316   0.0000350786
        0.0000090024   0.0000050240   0.0000093735
        0.0000749578   0.0000511371  -0.0000284952   0.0001627313   0.0001100187
       -0.0000592413   0.0009840198   0.0006981361  -0.0003394454   0.0014879285
       -0.0243413221   0.0051111136   0.0695582860  -0.2367817342   0.0402237328
        0.0021642123  -0.0018703140   0.0017093198   0.0005263641   0.0008981011
        0.0006447764  -0.0000188261  -0.0002107950   0.0000429529  -0.0000665942
        0.0000929142   0.0000184513   0.0000311379  -0.0000029056  -0.0000288462
        0.0000153796  -0.0000147120   0.0000072289   0.0000018010  -0.0000303223
       -0.0000401034   0.0001389762   0.0001878761  -0.0001117638  -0.0000126019
       -0.0001085104  -0.0000522833  -0.0006255042   0.0006445602   0.0003177532
        0.0003520867   0.0002441849  -0.0002420643  -0.0042051175  -0.0028035463
        0.0005502035  -0.0772580930   0.2766716099  -0.0473005581   0.0071999278
       -0.0149932069  -0.0000480733  -0.0003113908   0.0002616274   0.0000623688
        0.0000208600   0.0007285105  -0.0004028020  -0.0002682712   0.0002351186
        0.0000975396  -0.0000146781   0.0002491018  -0.0002168105   0.0000062925
        0.0000443164   0.0000215799   0.0000615271   0.0000287411  -0.0000160582
       -0.0000054114   0.0000114148   0.0000795244
       -0.0000107069  -0.0000063778  -0.0000078947   0.0000228767  -0.0000522234
       -0.0000191502  -0.0005327635   0.0008474489   0.0002307409  -0.0008009652
        0.0063834153  -0.0006072202  -0.0125383778   0.0407311646  -0.0529390616
       -0.0121242940   0.0226244266  -0.0082583538  -0.0031733543  -0.0006502890
       -0.0034814494  -0.0006322387   0.0011982049  -0.0003206830   0.0000376712
       -0.0000255732   0.0000017140  -0.0000301386  -0.0000193982   0.0000122165
       -0.0000036286   0.0000141606  -0.0000135085  -0.0000478154  -0.0000345985
        0.0000074184  -0.0000307575  -0.0001106614  -0.0000046664  -0.0000250089
        0.0000712963  -0.0001385220   0.0005188525  -0.0001760975  -0.0000378463
       -0.0001451785  -0.0006784925   0.0001660024   0.0008843761   0.0009486680
        0.0005272295   0.0183029634  -0.0473005581   0.0609670216   0.0099494283
       -0.0243063740   0.0031467834   0.0001331896   0.0005631369   0.0002720448
        0.0003685273   0.0001833568   0.0006312419  -0.0000188475  -0.0001302420
       -0.0000496760   0.0000665338  -0.0001296243   0.0000603981  -0.0002811058
        0.0000029673  -0.0002775843   0.0000591364   0.0000197233   0.0000477783
        0.0000516260   0.0000325403   0.0000850264
       -0.0003448238  -0.0002204104   0.0000209286  -0.0007050462   0.0003790846
        0.0011208904  -0.0038851194  -0.0035965767   0.0006640777  -0.0176859517
        0.0051119150   0.0204334399  -0.0999059511   0.0406830956   0.0908237618
        0.0074259092  -0.0053935263  -0.0148661553   0.0006053264  -0.0007882808
       -0.0005544887  -0.0001270342  -0.0000321581  -0.0000480581   0.0000492948
       -0.0000215295  -0.0000304484  -0.0001232369  -0.0000050997   0.0000847198
        0.0000260297  -0.0000049766  -0.0000488133   0.0000458896   0.0000433262
        0.0000183886   0.0000181196   0.0000125140   0.0000057541  -0.0000329860
       -0.0000301679  -0.0002430203   0.0002626059  -0.0003325599  -0.0002289677
       -0.0001127675   0.0004851809   0.0002844580   0.0006385636   0.0003324051
       -0.0000288351  -0.0064002983   0.0071999278   0.0099494283   0.1210413515
       -0.0437588095  -0.1036157956  -0.0014055785  -0.0001989699  -0.0036720851
        0.0007154906  -0.0000090461  -0.0003243593   0.0000013982   0.0001260309
        0.0000049771  -0.0001039544  -0.0000079797   0.0001844780   0.0000160213
        0.0000109927   0.0000484555   0.0000239657  -0.0000039269  -0.0000387657
       -0.0000372180   0.0000195450   0.0000560349
       -0.0002471146  -0.0001159249   0.0000625216  -0.0005602541   0.0003232642
        0.0005974695  -0.0026076573  -0.0014979787   0.0003490041  -0.0113218573
        0.0046241345   0.0136092182   0.0408412182  -0.0714343301  -0.0601885841
        0.0001430076  -0.0003423071  -0.0032778606  -0.0002640145   0.0007140356
        0.0010215113   0.0000922013  -0.0000585623   0.0000448847  -0.0000060311
       -0.0000137192  -0.0000055310  -0.0000356034   0.0000275739   0.0000496026
        0.0000017561  -0.0000097209  -0.0000153214   0.0000692301   0.0000253959
        0.0000259493   0.0000628360   0.0000936117  -0.0000143673   0.0000543615
       -0.0000523383   0.0000689038  -0.0001738845   0.0000739904  -0.0000089218
        0.0003704719   0.0004396394   0.0003085239  -0.0001587083   0.0005042405
        0.0004194437   0.0180101191  -0.0149932069  -0.0243063740  -0.0437588095
        0.0813797641   0.0718872203  -0.0006291852   0.0006065103  -0.0004168649
        0.0000013118  -0.0002165337  -0.0003695742   0.0001756750   0.0001210540
        0.0001205396  -0.0000473806  -0.0001144458   0.0000380739   0.0000001996
        0.0000125105   0.0000267178  -0.0000434039  -0.0000268197  -0.0000351827
        0.0000315159  -0.0000698375   0.0000089977
        0.0000787813   0.0000939852   0.0000278078   0.0001841551  -0.0002573821
       -0.0004165812   0.0014569633   0.0012879381   0.0006197529   0.0066080195
       -0.0015006234  -0.0062386065   0.0911312005  -0.0608259871  -0.1847232454
        0.0089545510  -0.0100287508  -0.0274095684   0.0011291547  -0.0007019897
        0.0004466192   0.0000629531  -0.0000088568   0.0002307947  -0.0000293446
       -0.0000007384   0.0000147590   0.0000732156   0.0000261110  -0.0000259126
       -0.0000315807  -0.0000096704   0.0000284827   0.0000327068  -0.0000113954
        0.0000396132  -0.0000113221   0.0000330956  -0.0000217502  -0.0001692409
       -0.0000510723   0.0002846724  -0.0001691601   0.0001823405   0.0000666131
       -0.0004609843  -0.0001451652   0.0008118513  -0.0001703850   0.0000462711
       -0.0001099789  -0.0008591234  -0.0000480733   0.0031467834  -0.1036157956
        0.0718872203   0.2168646493  -0.0038907941  -0.0006820265  -0.0048098702
        0.0004052348  -0.0000438584   0.0006369051  -0.0008200191   0.0007793478
        0.0002310486  -0.0000003957  -0.0000487143  -0.0000631506   0.0000233120
        0.0000714349   0.0000910671   0.0000139956  -0.0000558106   0.0000118356
        0.0000739021   0.0000123702   0.0002654086
       -0.0000012230   0.0000341616   0.0000291327   0.0000200137  -0.0000773214
        0.0000801595  -0.0010448870  -0.0002871446  -0.0005703952   0.0006162035
        0.0000865149   0.0001600596   0.0082487737  -0.0058119912  -0.0150019484
       -0.0982106440   0.0374175432   0.0913578037  -0.0079513078   0.0081925559
        0.0101223962   0.0001437718   0.0001525029   0.0006350406  -0.0000249356
        0.0000105933  -0.0000018375   0.0000409438   0.0000183021  -0.0000048572
       -0.0000170453  -0.0000184369   0.0000393463   0.0000769338   0.0000450428
        0.0000092992   0.0000437774   0.0000319309  -0.0000055907  -0.0014717992
       -0.0011110567   0.0004671946  -0.0002044141   0.0002075486  -0.0001925398
        0.0000140174   0.0001575587   0.0001526125  -0.0000176865   0.0000103600
        0.0000323551   0.0004841334  -0.0003113908   0.0001331896  -0.0014055785
       -0.0006291852  -0.0038907941   0.1160611628  -0.0455578017  -0.1043092895
       -0.0154336914   0.0055846053   0.0225763761  -0.0006144899   0.0028721356
       -0.0008911103   0.0006604471  -0.0007953939  -0.0002093216   0.0002080542
       -0.0003125948  -0.0000511191  -0.0001164048  -0.0000361380   0.0001589604
       -0.0001041258   0.0001270993  -0.0008251227
       -0.0000065093   0.0000264376  -0.0000119943   0.0000563590  -0.0000518758
        0.0001464728  -0.0002909659   0.0001763803  -0.0005963017   0.0003669086
        0.0000288447  -0.0003047891   0.0010352781  -0.0005156072  -0.0035751481
        0.0369819667  -0.0710785471  -0.0633094710   0.0169277130  -0.0146282711
       -0.0216428000  -0.0004732175   0.0004418187  -0.0005483681   0.0000104060
        0.0000012443   0.0000040063   0.0000470673   0.0000024540  -0.0000063642
       -0.0000298022  -0.0000006979   0.0000617303   0.0001170643   0.0000327734
        0.0000480788  -0.0000061245  -0.0000519594  -0.0000166864  -0.0010584355
       -0.0001081603   0.0006037920   0.0001168148   0.0000201253   0.0001693669
        0.0000883679  -0.0000322123   0.0001755216   0.0000414995  -0.0001562322
       -0.0000984941  -0.0000718199   0.0002616274   0.0005631369  -0.0001989699
        0.0006065103  -0.0006820265  -0.0455578017   0.0836050099   0.0725923105
       -0.0113319598   0.0060799943   0.0160466141   0.0033448110  -0.0057121059
        0.0006101542   0.0000746874   0.0007436690  -0.0008380524  -0.0002374686
        0.0001999529  -0.0000399757  -0.0000487082  -0.0000943372   0.0000845527
        0.0001028395   0.0002031644   0.0005647346
        0.0000287675   0.0000058936  -0.0000019550   0.0000045190   0.0001138648
        0.0000592505   0.0003995974   0.0001217176   0.0000243398   0.0007584505
       -0.0000032699   0.0005652492   0.0088090432  -0.0091478970  -0.0257116024
        0.0913580858  -0.0630423239  -0.1906052865  -0.0011556476  -0.0002287618
        0.0029766842  -0.0002790819   0.0007419629   0.0007974333  -0.0000424850
        0.0000319718  -0.0000018382   0.0000372997   0.0000175132  -0.0000236260
        0.0000073642  -0.0000090121   0.0000632631   0.0001044707   0.0000322089
        0.0000191786   0.0000572737   0.0000506673  -0.0000137819   0.0001478885
       -0.0001053725   0.0010602147  -0.0003645169   0.0002743392  -0.0000563173
        0.0003222725   0.0001260336   0.0002220996   0.0000364636   0.0000669701
       -0.0001232926   0.0004176920   0.0000623688   0.0002720448  -0.0036720851
       -0.0004168649  -0.0048098702  -0.1043092895   0.0725923105   0.2236329290
        0.0083951363  -0.0019946797  -0.0093607578  -0.0007556187   0.0006125063
        0.0005304593  -0.0003126800  -0.0000022041   0.0005006310  -0.0000414212
        0.0000886989  -0.0000554344   0.0000825875  -0.0000556857  -0.0001729621
       -0.0000340862   0.0000670441   0.0002129474
        0.0000107922  -0.0000177297   0.0000038246   0.0000515279   0.0000437177
       -0.0000294289   0.0000798674  -0.0001383528  -0.0001274654  -0.0021760060
       -0.0000899020  -0.0038930771  -0.0191755988  -0.0138904534   0.0006171966
       -0.1623789680  -0.1051055092   0.0421170092   0.0070216853   0.0057502543
       -0.0026418518   0.0010174735   0.0011790880  -0.0001124920   0.0000026157
        0.0000133600  -0.0000027287  -0.0000360946  -0.0000182172  -0.0000001176
        0.0000231390   0.0000082381  -0.0000086665   0.0000057841  -0.0000063381
        0.0000092584   0.0000253366   0.0000640211  -0.0000153526   0.0001169489
        0.0000783596  -0.0002095280  -0.0000060135  -0.0000486634  -0.0000289457
       -0.0009353525  -0.0006788265  -0.0000050932   0.0000946687   0.0003586410
       -0.0000304619  -0.0002142801   0.0000208600   0.0003685273   0.0007154906
        0.0000013118   0.0004052348  -0.0154336914  -0.0113319598   0.0083951363
        0.1908438011   0.1215176461  -0.0435681383   0.0004716720   0.0000170229
       -0.0002745487   0.0000382207   0.0021761398  -0.0010851523  -0.0000500816
        0.0001024404   0.0000099548   0.0000438972   0.0001223098  -0.0000253662
       -0.0001568345  -0.0001274588   0.0001322730
        0.0000229841   0.0000020842  -0.0000046381   0.0001193010   0.0000332726
        0.0000422918   0.0001404895   0.0000688575   0.0000387504  -0.0004737249
        0.0007099919  -0.0010085925  -0.0049267029  -0.0025366426  -0.0001045839
       -0.1054644810  -0.1367441537   0.0335945235  -0.0186815466  -0.0257635425
        0.0100874084  -0.0009136269   0.0008822603  -0.0006125928  -0.0000159169
        0.0000365630  -0.0000021681  -0.0000153137  -0.0000121845   0.0000050740
        0.0000076322  -0.0000104492   0.0000084107   0.0000143849   0.0000141474
       -0.0000219936   0.0000340719   0.0000296434  -0.0000035675  -0.0000715977
       -0.0001387495  -0.0000249644  -0.0000463144   0.0000548466  -0.0000262224
       -0.0002361753  -0.0001843631   0.0000037621   0.0002324242   0.0002036767
        0.0000684352   0.0005973455   0.0007285105   0.0001833568  -0.0000090461
       -0.0002165337  -0.0000438584   0.0055846053   0.0060799943  -0.0019946797
        0.1215176461   0.1618246195  -0.0415770339  -0.0006572547   0.0005545826
       -0.0000558972   0.0024980780  -0.0062212845   0.0014391038  -0.0002203085
        0.0003904906  -0.0003000885   0.0009498840   0.0002677264   0.0002276915
        0.0000131628  -0.0000533644   0.0000820729
       -0.0000209534   0.0000035866   0.0000283610  -0.0000126560   0.0000414644
        0.0001412674   0.0002083233   0.0001313255  -0.0001455745  -0.0028580809
       -0.0001929317  -0.0032857974  -0.0198203912  -0.0144631992   0.0020661422
        0.0419953482   0.0333794487  -0.0567636301   0.0037271868   0.0067077169
       -0.0018144325   0.0005888753   0.0005741122   0.0001843226  -0.0000045283
        0.0000017436  -0.0000038106   0.0000135925   0.0000080582   0.0000071578
       -0.0000175282  -0.0000057299   0.0000345906   0.0000969728   0.0000155101
        0.0000245533   0.0000074835  -0.0000037595  -0.0000212407  -0.0000975013
       -0.0001219359   0.0001935676  -0.0000085996   0.0000238366  -0.0000235585
       -0.0009838526  -0.0007327548  -0.0000201413   0.0001021757   0.0000270484
       -0.0000937373   0.0000311427  -0.0004028020   0.0006312419  -0.0003243593
       -0.0003695742   0.0006369051   0.0225763761   0.0160466141  -0.0093607578
       -0.0435681383  -0.0415770339   0.0671675495  -0.0001882035  -0.0006291646
        0.0002616918  -0.0009770177   0.0016614293   0.0003689920   0.0000218647
       -0.0002558140   0.0000133935  -0.0006801207   0.0000893838   0.0000239115
        0.0001925893   0.0000434214  -0.0002509671
        0.0000305505   0.0000074049  -0.0000010738   0.0000202827  -0.0000242297
       -0.0000497105   0.0000326160  -0.0000540438   0.0001267962  -0.0001431672
        0.0001871514  -0.0000448352   0.0001363493   0.0002111171   0.0009623262
       -0.0076956155   0.0088259036   0.0104136749  -0.0865913099   0.0344087238
        0.0829560154   0.0069684032  -0.0074933600  -0.0184607234   0.0000141503
       -0.0000035198  -0.0000073930  -0.0000060051  -0.0000136635  -0.0000140627
        0.0000197625   0.0000004734  -0.0000371733  -0.0000397362   0.0000029248
       -0.0000239283   0.0000089851   0.0000083889   0.0000308956   0.0001222948
       -0.0000455598  -0.0001551193   0.0000855018  -0.0000828603  -0.0000741802
       -0.0000046155  -0.0000467831  -0.0000470819  -0.0003969739  -0.0002285103
        0.0002361390   0.0002072125  -0.0002682712  -0.0000188475   0.0000013982
        0.0001756750  -0.0008200191  -0.0006144899   0.0033448110  -0.0007556187
        0.0004716720  -0.0006572547  -0.0001882035   0.1008872967  -0.0434214201
       -0.0918752516  -0.0128716128   0.0063909184   0.0222953772   0.0005855302
       -0.0003414334   0.0000993880   0.0008921854   0.0000009416  -0.0003474290
       -0.0021206652  -0.0008835243  -0.0041999614
       -0.0000254043  -0.0000003943   0.0000052523  -0.0000180816   0.0000052466
        0.0000273069   0.0000406819   0.0000162353  -0.0000255412   0.0000043458
       -0.0000548320   0.0000218470  -0.0004396055   0.0006259214  -0.0008566872
        0.0158093530  -0.0151510058  -0.0219603251   0.0343707375  -0.0761266425
       -0.0688796351   0.0011348095  -0.0011481088  -0.0051534464  -0.0000178383
        0.0000046607  -0.0000023970   0.0000091436   0.0000157222   0.0000057609
       -0.0000009856  -0.0000150631   0.0000082071   0.0000083026   0.0000059521
        0.0000152917   0.0000227743   0.0000400390  -0.0000002089   0.0000352921
       -0.0001409983   0.0000838974  -0.0001010302   0.0000508091  -0.0000604621
       -0.0000414185   0.0000094569   0.0000043646  -0.0000121169   0.0001983617
        0.0000394750  -0.0003394125   0.0002351186  -0.0001302420   0.0001260309
        0.0001210540   0.0007793478   0.0028721356  -0.0057121059   0.0006125063
        0.0000170229   0.0005545826  -0.0006291646  -0.0434214201   0.0891607934
        0.0807434119  -0.0096350706   0.0066098046   0.0160739058  -0.0000262846
        0.0003328804   0.0005535784   0.0002410324  -0.0001410828  -0.0003251237
       -0.0006129936   0.0005035951  -0.0009509199
       -0.0000313737   0.0000026367  -0.0000039510  -0.0000493557  -0.0000355255
       -0.0000026671  -0.0000584359   0.0000200238  -0.0001319829   0.0000535818
       -0.0001005265  -0.0000469287  -0.0004960022   0.0006923814   0.0009686661
       -0.0007231351  -0.0002750006   0.0031244135   0.0825469704  -0.0685502373
       -0.1961491142   0.0059551465  -0.0096157407  -0.0243149731  -0.0000049199
       -0.0000057935   0.0000055958   0.0000188338   0.0000141251   0.0000024291
       -0.0000123153  -0.0000014538   0.0000206738   0.0000255514   0.0000017975
        0.0000369558  -0.0000010213   0.0000106453  -0.0000243276  -0.0000264494
        0.0000472642   0.0000631880  -0.0000233161   0.0000212262   0.0000381875
       -0.0000281349   0.0000546417   0.0000213734   0.0002468634   0.0001038075
       -0.0000435465  -0.0000942956   0.0000975396  -0.0000496760   0.0000049771
        0.0001205396   0.0002310486  -0.0008911103   0.0006101542   0.0005304593
       -0.0002745487  -0.0000558972   0.0002616918  -0.0918752516   0.0807434119
        0.2303307966   0.0088939336  -0.0032408443  -0.0122605162   0.0004549146
        0.0001565124   0.0002213384   0.0005666708   0.0000516170   0.0009027461
       -0.0041777779  -0.0008673047  -0.0037318805
        0.0000043810  -0.0000092964   0.0000197586  -0.0000700821  -0.0000152446
        0.0000258924  -0.0001487744   0.0001460054  -0.0001124238  -0.0008434101
        0.0004599877  -0.0006638407   0.0002456746  -0.0002352430   0.0001537318
        0.0077647818   0.0063353110  -0.0032097966  -0.1560037163  -0.1023150272
        0.0559932790  -0.0207162742  -0.0153702157   0.0030859942   0.0000094389
        0.0000049121  -0.0000087356   0.0000107577  -0.0000081628  -0.0000077266
       -0.0000035134   0.0000043237   0.0000169526   0.0000286422  -0.0000148037
       -0.0000164673  -0.0000604696  -0.0000610522   0.0000002692  -0.0000145444
        0.0001611084   0.0001546519   0.0000606777   0.0000146857   0.0000944305
        0.0000401772  -0.0000470670  -0.0000236884  -0.0007897055   0.0001461851
       -0.0011761213  -0.0001218488  -0.0000146781   0.0000665338  -0.0001039544
       -0.0000473806  -0.0000003957   0.0006604471   0.0000746874  -0.0003126800
        0.0000382207   0.0024980780  -0.0009770177  -0.0128716128  -0.0096350706
        0.0088939336   0.1852717161   0.1186668258  -0.0588116269   0.0001041078
       -0.0000284903   0.0004841555  -0.0033639906  -0.0008876028  -0.0042168166
        0.0008728738   0.0001772247   0.0005477540
       -0.0000139078  -0.0000319582   0.0000203421   0.0000022999   0.0000071102
       -0.0000581829   0.0001997298   0.0000016828   0.0002437258  -0.0000834251
       -0.0000159863  -0.0000005501  -0.0004642858   0.0003371074  -0.0002025386
       -0.0177127384  -0.0238195125   0.0110760768  -0.1022282858  -0.1354394893
        0.0463180018  -0.0057682877  -0.0030905766   0.0005121620  -0.0000075384
        0.0000108743  -0.0000003679  -0.0000433268  -0.0000042893   0.0000070654
        0.0000209417   0.0000001612  -0.0000527820  -0.0000913355  -0.0000405933
       -0.0000384020   0.0000127816   0.0001179744   0.0000004215   0.0003111481
       -0.0002495235  -0.0004565687  -0.0001436098   0.0000905185  -0.0000871570
       -0.0001024006   0.0000899279  -0.0001570644   0.0001882146   0.0009979480
        0.0001785052  -0.0001300328   0.0002491018  -0.0001296243  -0.0000079797
       -0.0001144458  -0.0000487143  -0.0007953939   0.0007436690  -0.0000022041
        0.0021761398  -0.0062212845   0.0016614293   0.0063909184   0.0066098046
       -0.0032408443   0.1186668258   0.1589043594  -0.0548189179   0.0004980782
        0.0005870295   0.0000745644  -0.0008820768   0.0004690696  -0.0009166964
        0.0000075469  -0.0001886790   0.0001183207
        0.0000488842   0.0000021172   0.0000053342  -0.0000260666   0.0000119893
       -0.0000119761  -0.0000639471  -0.0000348210   0.0002060927  -0.0004706063
        0.0007965626  -0.0001741247   0.0002352932   0.0002376270   0.0000564998
        0.0043446493   0.0065186601  -0.0022870568   0.0562578671   0.0468041957
       -0.0694692697  -0.0172658710  -0.0131454324   0.0048453500   0.0000100351
       -0.0000135924  -0.0000190698   0.0000153527  -0.0000048018  -0.0000224903
        0.0000149501  -0.0000097847  -0.0000170056  -0.0000194583   0.0000035030
       -0.0000281917  -0.0000380344  -0.0000641117   0.0000550515   0.0000261211
       -0.0000337237   0.0001214080   0.0000828874  -0.0000769232  -0.0001084738
        0.0001407776  -0.0002767153   0.0000393316  -0.0014822984  -0.0005219006
       -0.0007219034   0.0000149221  -0.0002168105   0.0000603981   0.0001844780
        0.0000380739  -0.0000631506  -0.0002093216  -0.0008380524   0.0005006310
       -0.0010851523   0.0014391038   0.0003689920   0.0222953772   0.0160739058
       -0.0122605162  -0.0588116269  -0.0548189179   0.0799862835   0.0002474556
       -0.0003570206   0.0005521234  -0.0041086098  -0.0012138373  -0.0024462013
       -0.0003380579  -0.0002992932   0.0008319342
       -0.0000117593  -0.0000077157  -0.0000025678  -0.0000123676   0.0000283214
       -0.0000017044  -0.0000340552  -0.0000276546  -0.0000047220   0.0000392277
        0.0000969914   0.0000211796  -0.0004364176   0.0011528881  -0.0003015396
       -0.0029642410  -0.0006799239  -0.0037580487  -0.0113202432   0.0192499181
       -0.0075244681  -0.0813429766   0.0851314191  -0.0184076439   0.0000155040
       -0.0000074120  -0.0000013423  -0.0000206878  -0.0000120299   0.0000031787
        0.0000050771   0.0000132443   0.0000036356   0.0000055217  -0.0000055383
        0.0000021955  -0.0000088192  -0.0000208438  -0.0000034777   0.0000370857
        0.0000429176  -0.0000401263   0.0000457446  -0.0000421877   0.0000014120
       -0.0000014839  -0.0000229595   0.0000096926   0.0000004111   0.0000053550
       -0.0000032769  -0.0002313123   0.0000062925  -0.0002811058   0.0000160213
        0.0000001996   0.0000233120   0.0002080542  -0.0002374686  -0.0000414212
       -0.0000500816  -0.0002203085   0.0000218647   0.0005855302  -0.0000262846
        0.0004549146   0.0001041078   0.0004980782   0.0002474556   0.0938539758
       -0.0991939072   0.0251531449   0.0081551435  -0.0215201354   0.0053429390
       -0.0066369596   0.0157987445  -0.0009134801
       -0.0000001365   0.0000089906   0.0000062530  -0.0000129897  -0.0000397637
       -0.0000049882   0.0000007821   0.0000292599  -0.0000073160   0.0000250653
       -0.0000706246   0.0000266035  -0.0000093814  -0.0000125228  -0.0001355232
        0.0003342654   0.0007979073   0.0004741957   0.0007446810   0.0010832739
        0.0009241848   0.0849269848  -0.2352236487   0.0457271783  -0.0000092109
       -0.0000020806   0.0000008157   0.0000275493   0.0000149109  -0.0000072120
       -0.0000051779  -0.0000113393  -0.0000061197   0.0000116828   0.0000066673
        0.0000145031   0.0000086612   0.0000382812  -0.0000046311  -0.0000092301
       -0.0000443469   0.0000216730  -0.0000303676   0.0000135917  -0.0000039559
        0.0000430280   0.0000446251   0.0000298000   0.0000273659   0.0000622137
        0.0000037415  -0.0000244136   0.0000443164   0.0000029673   0.0000109927
        0.0000125105   0.0000714349  -0.0003125948   0.0001999529   0.0000886989
        0.0001024404   0.0003904906  -0.0002558140  -0.0003414334   0.0003328804
        0.0001565124  -0.0000284903   0.0005870295  -0.0003570206  -0.0991939072
        0.2706713467  -0.0532686453   0.0064362592  -0.0237130463   0.0058312248
        0.0072775753  -0.0152208758   0.0006714389
       -0.0000058411  -0.0000008176  -0.0000004562   0.0000005958   0.0000113114
        0.0000120770  -0.0000282294  -0.0000187373  -0.0000066192   0.0000020401
        0.0000557085   0.0000005796  -0.0006552215   0.0010523662  -0.0001332353
       -0.0034183152  -0.0005437053  -0.0030792343  -0.0114328552   0.0194298859
       -0.0069617141  -0.0184888328   0.0459333780  -0.0542415293   0.0000044041
        0.0000000670  -0.0000033462  -0.0000102147  -0.0000059769   0.0000020020
        0.0000018370   0.0000000803   0.0000046925   0.0000064462   0.0000025585
       -0.0000012762  -0.0000013325  -0.0000083629   0.0000003576  -0.0000009916
        0.0000000653  -0.0000322089   0.0000296673  -0.0000205158  -0.0000090794
       -0.0000059352  -0.0000162531   0.0000098721   0.0000038111   0.0000081046
        0.0000081508  -0.0002087161   0.0000215799  -0.0002775843   0.0000484555
        0.0000267178   0.0000910671  -0.0000511191  -0.0000399757  -0.0000554344
        0.0000099548  -0.0003000885   0.0000133935   0.0000993880   0.0005535784
        0.0002213384   0.0004841555   0.0000745644   0.0005521234   0.0251531449
       -0.0532686453   0.0621904480  -0.0031677260   0.0122102579  -0.0022925511
        0.0116314299  -0.0251571458   0.0039881668
        0.0000077953   0.0000034044   0.0000057591   0.0000312564  -0.0000147561
        0.0000022473   0.0000279837   0.0000037974   0.0000324643   0.0000007648
       -0.0000427017   0.0000110326   0.0001756398  -0.0000871945   0.0001282387
        0.0003361931  -0.0009605451   0.0007774636  -0.0208410782  -0.0150375647
        0.0032295543  -0.1673232239  -0.1052317469   0.0561902685  -0.0000091478
        0.0000209177  -0.0000015352  -0.0000093145  -0.0000077810  -0.0000007581
        0.0000093196  -0.0000073755  -0.0000141026  -0.0000098668   0.0000078956
       -0.0000194902   0.0000292460   0.0000437479   0.0000016631   0.0000254117
       -0.0000704601  -0.0000551495  -0.0000333770   0.0000425683  -0.0000158206
        0.0000292665   0.0000770021  -0.0000352677   0.0000687134   0.0001243516
        0.0000725572   0.0000500469   0.0000615271   0.0000591364   0.0000239657
       -0.0000434039   0.0000139956  -0.0001164048  -0.0000487082   0.0000825875
        0.0000438972   0.0009498840  -0.0006801207   0.0008921854   0.0002410324
        0.0005666708  -0.0033639906  -0.0008820768  -0.0041086098   0.0081551435
        0.0064362592  -0.0031677260   0.1948834300   0.1241769361  -0.0620189394
       -0.0130838555  -0.0097550095   0.0089438807
        0.0000059768   0.0000003162   0.0000009395   0.0000348409  -0.0000029105
        0.0000107724   0.0000269358  -0.0000030780   0.0000231046   0.0000097434
       -0.0000496968   0.0000055870   0.0000675748  -0.0001117801   0.0001476871
        0.0010739646   0.0009208973   0.0002756203  -0.0061281028  -0.0036104844
       -0.0004189887  -0.1048097625  -0.1350983573   0.0466730545  -0.0000069533
        0.0000197581  -0.0000022415  -0.0000136600  -0.0000099965   0.0000033395
        0.0000036457  -0.0000048039  -0.0000040225  -0.0000122038   0.0000023323
       -0.0000184266   0.0000117386   0.0000118699   0.0000032819  -0.0000103433
       -0.0000350512  -0.0000397336  -0.0000111186   0.0000316492  -0.0000080289
       -0.0000047137   0.0000139291  -0.0000299032   0.0000251768   0.0000318619
        0.0000421153   0.0000314316   0.0000287411   0.0000197233  -0.0000039269
       -0.0000268197  -0.0000558106  -0.0000361380  -0.0000943372  -0.0000556857
        0.0001223098   0.0002677264   0.0000893838   0.0000009416  -0.0001410828
        0.0000516170  -0.0008876028   0.0004690696  -0.0012138373  -0.0215201354
       -0.0237130463   0.0122102579   0.1241769361   0.1541473639  -0.0539793306
        0.0078534448   0.0069559299  -0.0037304747
       -0.0000109258   0.0000073858   0.0000033239  -0.0000089546  -0.0000050371
       -0.0000032600  -0.0000166491   0.0000218526  -0.0000264396  -0.0000666055
        0.0000181207  -0.0000656683   0.0000241538  -0.0000829092  -0.0000425511
       -0.0000588124  -0.0008888806   0.0005020698  -0.0168099769  -0.0129266143
        0.0057894458   0.0560102699   0.0463302466  -0.0682881956   0.0000024096
       -0.0000046422   0.0000026473   0.0000073749   0.0000031126  -0.0000003026
       -0.0000046571   0.0000005863  -0.0000013172   0.0000111907  -0.0000005805
        0.0000121200   0.0000113248   0.0000087397  -0.0000109508   0.0000094253
       -0.0000114404  -0.0000389748   0.0000026896  -0.0000089759   0.0000066110
       -0.0000003659   0.0000360043   0.0000117064   0.0000544151   0.0000506673
        0.0000224485   0.0000350786  -0.0000160582   0.0000477783  -0.0000387657
       -0.0000351827   0.0000118356   0.0001589604   0.0000845527  -0.0001729621
       -0.0000253662   0.0002276915   0.0000239115  -0.0003474290  -0.0003251237
        0.0009027461  -0.0042168166  -0.0009166964  -0.0024462013   0.0053429390
        0.0058312248  -0.0022925511  -0.0620189394  -0.0539793306   0.0780081157
        0.0219540325   0.0165812869  -0.0119553854
       -0.0000059635   0.0000078585  -0.0000002990  -0.0000026292  -0.0000126612
        0.0000144333  -0.0000236502   0.0000191641  -0.0000490980  -0.0000331521
       -0.0000397270  -0.0000140385  -0.0001017538  -0.0000166833  -0.0000612953
        0.0007752849  -0.0007434079  -0.0004107303   0.0079558370  -0.0075096639
       -0.0177454592  -0.0862660932   0.0376220515   0.0836515524  -0.0000009977
       -0.0000010332   0.0000020471   0.0000123352   0.0000045351   0.0000041678
       -0.0000145897  -0.0000024174   0.0000097985   0.0000258341   0.0000068064
        0.0000134606   0.0000034177  -0.0000003359  -0.0000076263  -0.0000477012
       -0.0000061649  -0.0000055075   0.0000103574  -0.0000035502   0.0000207078
        0.0000139330   0.0000143102   0.0000331600   0.0000415286   0.0000335055
       -0.0000137534   0.0000090024  -0.0000054114   0.0000516260  -0.0000372180
        0.0000315159   0.0000739021  -0.0001041258   0.0001028395  -0.0000340862
       -0.0001568345   0.0000131628   0.0001925893  -0.0021206652  -0.0006129936
       -0.0041777779   0.0008728738   0.0000075469  -0.0003380579  -0.0066369596
        0.0072775753   0.0116314299  -0.0130838555   0.0078534448   0.0219540325
        0.0989157852  -0.0440402666  -0.0947951779
       -0.0000131152  -0.0000010125  -0.0000138354  -0.0000013678   0.0000123422
        0.0000055896  -0.0000317531  -0.0000057341  -0.0000560028   0.0000092858
        0.0000172049  -0.0000218948   0.0000919517  -0.0000782762   0.0000837172
        0.0000068644   0.0006037680   0.0009570947   0.0006752018  -0.0016800177
       -0.0053752709   0.0379194523  -0.0796751393  -0.0738772666   0.0000082942
       -0.0000037471   0.0000042435  -0.0000048727  -0.0000048033   0.0000033094
       -0.0000043508   0.0000116541   0.0000209363   0.0000126076  -0.0000048873
        0.0000115932  -0.0000078662  -0.0000239093  -0.0000106390  -0.0000182024
        0.0000511946   0.0000245783   0.0000215392  -0.0000092428   0.0000289177
       -0.0000044622  -0.0000178123   0.0000097975   0.0000194149  -0.0000176934
       -0.0000332629   0.0000050240   0.0000114148   0.0000325403   0.0000195450
       -0.0000698375   0.0000123702   0.0001270993   0.0002031644   0.0000670441
       -0.0001274588  -0.0000533644   0.0000434214  -0.0008835243   0.0005035951
       -0.0008673047   0.0001772247  -0.0001886790  -0.0002992932   0.0157987445
       -0.0152208758  -0.0251571458  -0.0097550095   0.0069559299   0.0165812869
       -0.0440402666   0.0886847641   0.0878254757
       -0.0000064171   0.0000001137  -0.0000153075   0.0000195063   0.0000086473
        0.0000294590  -0.0000617027  -0.0000106570  -0.0001066320   0.0000311947
       -0.0000431871   0.0000218283   0.0000842910  -0.0000460675   0.0001581073
        0.0009330631  -0.0005424394   0.0005225954   0.0059111016  -0.0099710829
       -0.0247141634   0.0840801231  -0.0741463062  -0.2048615116  -0.0000082949
        0.0000121645   0.0000008406   0.0000079220   0.0000021835   0.0000031946
       -0.0000064340  -0.0000036707   0.0000445824   0.0000422406   0.0000111080
        0.0000161692   0.0000036330  -0.0000055565  -0.0000118802  -0.0000989920
       -0.0000111943   0.0001040247  -0.0000047926   0.0000366991   0.0000240004
        0.0000562321   0.0000131845   0.0000377010   0.0000617517   0.0000268906
       -0.0000501473   0.0000093735   0.0000795244   0.0000850264   0.0000560349
        0.0000089977   0.0002654086  -0.0008251227   0.0005647346   0.0002129474
        0.0001322730   0.0000820729  -0.0002509671  -0.0041999614  -0.0009509199
       -0.0037318805   0.0005477540   0.0001183207   0.0008319342  -0.0009134801
        0.0006714389   0.0039881668   0.0089438807  -0.0037304747  -0.0119553854
       -0.0947951779   0.0878254757   0.2393518888
