           1           2   1.01914941021339     
           2           3   1.00757510783229     
           3           4   1.00825168213189     
           4           5   1.00681342168881     
           5           6   1.00714172531417     
           6           7   1.00895742243560     
           7           8   1.01888051179018     
           1           9  0.988103759248315     
           1          10  0.987582898730791     
           1          11  0.987953436539264     
           2          12  0.978498196452580     
           2          13  0.978733712248304     
           3          14  0.975360963173512     
           3          15  0.977409059924075     
           4          16  0.976898069987207     
           4          17  0.975602017406610     
           5          18  0.977466307396402     
           5          19  0.977374744553399     
           6          20  0.975490876693953     
           6          21  0.976852327189957     
           7          22  0.978424523723897     
           7          23  0.976650422957392     
           8          24  0.987692614561903     
           8          25  0.987943413286176     
           8          26  0.988114720080145     
