$coord
         -6.473114362473          1.541468507925          0.260143887891     c 
         -4.605887939894         -0.511420316323         -0.479247289840     c 
         -1.905844628509          0.100081532604          0.345256167659     c 
         -0.039037119055         -2.018481112359         -0.253732895665     c 
          2.654683100895         -1.453409679207          0.628783925636     c 
          3.823755151913          0.841243351424         -0.676018243301     c 
          6.538176616849          1.303645811424          0.144371822591     c 
         -8.413000309386          1.047146264373         -0.257748529292     h 
         -6.424287087091          1.870882336478          2.296531884798     h 
         -6.013480961748          3.331739107988         -0.669663687363     h 
         -5.178847854309         -2.336473990398          0.339430200572     h 
         -4.634518167126         -0.816083032366         -2.535914967132     h 
         -1.304665367896          1.860475652714         -0.564201998211     h 
         -1.868322641831          0.493506456230          2.381921894943     h 
         -0.045281160608         -2.396730577576         -2.293217241421     h 
         -0.713500635874         -3.778632715435          0.618868157524     h 
          3.862124206169         -3.109246203815          0.293637343373     h 
          2.673147240681         -1.176116504137          2.690084959433     h 
          3.723135553104          0.578136132305         -2.734349974903     h 
          2.685203350764          2.530831812387         -0.300103371033     h 
          6.642117004423          1.698508291721          2.168657211763     h 
          7.382272385250          2.903872767322         -0.856728331448     h 
          7.714530225467         -0.355721495478         -0.214423148493     h 
$end
