   24
          4          1          4
         17          5         21
          8         22         29
          5         30         34
          4         35         38
          1         39         39
          1         40         40
          1         41         41
          1         42         42
          7         43         49
          4         50         53
          6         54         59
          1         60         60
          1         61         61
         10         62         71
          1         72         72
          1         73         73
          2         74         75
          2         76         77
          3         78         80
          1         81         81
          5         82         86
          5         87         91
          2         92         93
