           1           2   1.02657787057382     
           2           3   1.01138933778151     
           3           4   1.01132597357493     
           4           5   1.01305699841169     
           5           6   1.01250111832418     
           6           7   1.02657183954657     
           1           8  0.981152490427119     
           1           9  0.982186135998043     
           1          10  0.979138140973007     
           2          11  0.973653224832771     
           2          12  0.977042256315531     
           3          13  0.976332089879409     
           3          14  0.976066251371824     
           4          15  0.972635661215765     
           4          16  0.975525025516830     
           5          17  0.974616363157284     
           5          18  0.972492522208550     
           6          19  0.975585191143986     
           6          20  0.975833728697592     
           7          21  0.981035396771108     
           7          22  0.982366870417542     
           7          23  0.981026333726870     
