   -0.10149884
   -0.05296926
   -0.05786130
   -0.05833650
   -0.05763376
   -0.05777403
   -0.05740020
   -0.05723050
   -0.05912583
   -0.05714573
   -0.05717916
   -0.05180713
   -0.09928138
    0.03178091
    0.03306709
    0.03269290
    0.02752700
    0.02730204
    0.03037741
    0.02992683
    0.02688655
    0.02760541
    0.03428349
    0.02686596
    0.02646706
    0.03335029
    0.02677009
    0.02741567
    0.02516617
    0.02881085
    0.02670261
    0.03997345
    0.02459810
    0.03097764
    0.02785777
    0.02647370
    0.02564683
    0.03072397
    0.03179620
    0.03524006
    0.02895758
