           1           2   1.01906704744085     
           2           3   1.00767785023923     
           3           4   1.00810765576023     
           4           5   1.00575715443295     
           5           6   1.00927563891749     
           6           7   1.00646506595214     
           7           8   1.00628262748309     
           8           9   1.00784856569708     
           9          10   1.00785291506784     
          10          11   1.00666303147050     
          11          12   1.00742749751540     
          12          13   1.02001078322641     
           1          14  0.987614641001029     
           1          15  0.988030650764367     
           1          16  0.988016581061918     
           2          17  0.978760991500397     
           2          18  0.978594626396434     
           3          19  0.975335309564308     
           3          20  0.977065413091610     
           4          21  0.977442163500033     
           4          22  0.977434693280534     
           5          23  0.973838898051400     
           5          24  0.977668326830257     
           6          25  0.977008872387758     
           6          26  0.972540470024900     
           7          27  0.977900994273882     
           7          28  0.978148319242783     
           8          29  0.977235695814222     
           8          30  0.975577048270538     
           9          31  0.977912839357899     
           9          32  0.970636544835861     
          10          33  0.977253098297348     
          10          34  0.975670413129902     
          11          35  0.977745654531156     
          11          36  0.978089053138240     
          12          37  0.978549348116179     
          12          38  0.976261782754196     
          13          39  0.987857309446176     
          13          40  0.985849693555805     
          13          41  0.987672161517403     
