$coord
         -9.467593878089          0.120438052648         -0.166170090907     c 
         -6.927266200743         -1.116363144743          0.353343319401     c 
         -4.695861771347          0.586359956586         -0.325084031011     c 
         -2.152230413113         -0.659683567280          0.219743991456     c 
          0.097539034085          1.046860269468         -0.369502276987     c 
          2.604577075364         -0.091074726265          0.496256346314     c 
          4.883213095929          1.530884377193         -0.234184280708     c 
          7.398205057035          0.492953760523          0.770645991288     c 
          8.337152644277         -1.795509084423         -0.690100548538     c 
        -11.046043785782         -1.060769738669          0.457146138139     h 
         -9.724797067999          0.490133873100         -2.185703176096     h 
         -9.622294991474          1.935339934675          0.806986719535     h 
         -6.772474410560         -2.905887257325         -0.684906197216     h 
         -6.789846599795         -1.648368311405          2.357003250102     h 
         -4.796415061562          1.134825708119         -2.322716716890     h 
         -4.833263078614          2.363115037672          0.736442455974     h 
         -1.982103933567         -2.430270469294         -0.854336158360     h 
         -2.074571956285         -1.233582069267          2.212760367670     h 
         -0.176837952750          2.895909529635          0.526550517496     h 
          0.169406078976          1.444921683899         -2.405602713541     h 
          2.805284909635         -2.006154627090         -0.277565137247     h 
          2.567012466295         -0.349218769151          2.560401651235     h 
          4.576054985998          3.464654025572          0.466565930668     h 
          4.977081820560          1.701799457520         -2.296357376354     h 
          8.841794422534          1.984708594432          0.724259450793     h 
          7.190800971115          0.030153509431          2.783067665266     h 
          6.943680623389         -3.313240496011         -0.714918306769     h 
         10.084299213273         -2.555288056785          0.114871422102     h 
          8.736880731232         -1.311621969168         -2.658762242353     h 
$end
