   76
          4          1          4
          1          5          5
          3          6          8
          2          9         10
          1         11         11
          2         12         13
          1         14         14
          1         15         15
          4         16         19
          2         20         21
          2         22         23
          1         24         24
          1         25         25
          1         26         26
          1         27         27
          2         28         29
          3         30         32
          1         33         33
          1         34         34
          1         35         35
          1         36         36
          1         37         37
          4         38         41
          1         42         42
          3         43         45
          1         46         46
          1         47         47
          1         48         48
          2         49         50
          2         51         52
          4         53         56
          1         57         57
          1         58         58
          2         59         60
          2         61         62
          1         63         63
          1         64         64
          1         65         65
          1         66         66
          3         67         69
          1         70         70
          1         71         71
          1         72         72
          1         73         73
          1         74         74
          1         75         75
          2         76         77
          1         78         78
          1         79         79
          3         80         82
          1         83         83
          2         84         85
          1         86         86
          1         87         87
          1         88         88
          1         89         89
          2         90         91
          2         92         93
          1         94         94
          1         95         95
          1         96         96
          1         97         97
          1         98         98
          2         99        100
          1        101        101
          2        102        103
          1        104        104
          2        105        106
          1        107        107
          1        108        108
          1        109        109
          1        110        110
          1        111        111
          1        112        112
          1        113        113
          1        114        114
