           1           2   1.02632579675869     
           2           3   1.01278721828247     
           3           4   1.01157798763798     
           4           5   1.01248115616729     
           5           6   1.01111681068757     
           6           7   1.01254054347814     
           7           8   1.01135288372788     
           8           9   1.02655898748073     
           1          10  0.982481782859560     
           1          11  0.980822261301315     
           1          12  0.981091498461162     
           2          13  0.975906883522651     
           2          14  0.973919322802466     
           3          15  0.975686590746146     
           3          16  0.974322408964997     
           4          17  0.975857090246083     
           4          18  0.973390260064248     
           5          19  0.972607016901335     
           5          20  0.975756962084758     
           6          21  0.975690685647756     
           6          22  0.972694484457025     
           7          23  0.973420651884461     
           7          24  0.976145137178084     
           8          25  0.975584391611039     
           8          26  0.977267923691126     
           9          27  0.982202840473928     
           9          28  0.979088442026987     
           9          29  0.981176717185869     
