           1           2   1.01907325568683     
           2           3   1.00773548467989     
           3           4   1.00706728269442     
           4           5   1.00685517022981     
           5           6   1.00660344842550     
           6           7   1.00795305925239     
           7           8   1.00591217203355     
           8           9   1.00801064810031     
           9          10   1.00688647915122     
          10          11   1.00778899448423     
          11          12   1.01907577258745     
           1          13  0.987561787468324     
           1          14  0.988030366640724     
           1          15  0.988022431418154     
           2          16  0.978639011259837     
           2          17  0.978645410192949     
           3          18  0.977536847134770     
           3          19  0.977558323466001     
           4          20  0.977455794890328     
           4          21  0.977545462584482     
           5          22  0.977532237548961     
           5          23  0.977596949929401     
           6          24  0.977367501075895     
           6          25  0.975267617394209     
           7          26  0.977190141188347     
           7          27  0.977405979094960     
           8          28  0.977200350305198     
           8          29  0.977432080739756     
           9          30  0.975285677571339     
           9          31  0.977379573439610     
          10          32  0.977599159865508     
          10          33  0.977527286042428     
          11          34  0.978602552502013     
          11          35  0.978670271756534     
          12          36  0.988044739310947     
          12          37  0.988035545078708     
          12          38  0.987564428054625     
