           1           2   1.01905045687475     
           2           3   1.00779119856880     
           3           4   1.00700077065267     
           4           5   1.00686090539972     
           5           6   1.00678360759648     
           6           7   1.00667078227490     
           7           8   1.00795723273180     
           8           9   1.00693778115200     
           9          10   1.02001768931062     
           1          11  0.987567598359824     
           1          12  0.988001906572271     
           1          13  0.988043802676697     
           2          14  0.978610449828737     
           2          15  0.978684631640203     
           3          16  0.977611500088736     
           3          17  0.977415365033996     
           4          18  0.977412730832289     
           4          19  0.977688189616011     
           5          20  0.977362594838120     
           5          21  0.977662356182580     
           6          22  0.977787579824743     
           6          23  0.977320497099228     
           7          24  0.975783915552770     
           7          25  0.977218789335027     
           8          26  0.977536412118690     
           8          27  0.977365230207387     
           9          28  0.978336273752821     
           9          29  0.978694678544953     
          10          30  0.987626412781038     
          10          31  0.987801514260199     
          10          32  0.986195555507104     
