$hessian                                                                        
        0.4733622146   0.0259138298   0.0000520853  -0.1744934704   0.0560476983
        0.0000677843  -0.0282458689   0.0054063050   0.0000135464  -0.0035435223
       -0.0032226126   0.0000037640  -0.0452954263   0.0124512692  -0.0194309780
       -0.1622426929  -0.1208804260   0.0002492599  -0.0452021494   0.0122374677
        0.0190397898  -0.0073076289   0.0051208870  -0.0023202701  -0.0072736464
        0.0051077909   0.0023232254   0.0007546354   0.0008553853   0.0002195996
        0.0007523754   0.0008481121  -0.0002166610   0.0000243527  -0.0001960150
        0.0002053695   0.0000237252  -0.0001961010  -0.0002051799  -0.0013128979
        0.0005064094  -0.0000013351
        0.0259138298   0.5126124936  -0.0000354722   0.0554124749  -0.0927481971
       -0.0000343261  -0.0158667224   0.0069028656   0.0000031894  -0.0032224205
       -0.0020010102   0.0000005209   0.0128967208  -0.1216518078   0.1099383973
       -0.1211417592  -0.1635078429   0.0002483991   0.0126788272  -0.1220380768
       -0.1100984328   0.0181304241  -0.0096486942   0.0025188174   0.0181217349
       -0.0096441746  -0.0025421164  -0.0008532027   0.0006648006   0.0003906197
       -0.0008441902   0.0006610418  -0.0003885284  -0.0000509635   0.0000119977
       -0.0000971361  -0.0000513737   0.0000122585   0.0000972332  -0.0011233796
        0.0003743457  -0.0000011651
        0.0000520853  -0.0000354722   0.5227681981   0.0000737693  -0.0000345210
       -0.0681375409   0.0000146890  -0.0000058896   0.0004377588  -0.0000008700
       -0.0000001881   0.0003224496  -0.0196952329   0.1099702688  -0.2040415046
        0.0002457700   0.0002458766  -0.0452780764   0.0193045909  -0.1101361280
       -0.2037298200  -0.0226720624   0.0127741563  -0.0015834535   0.0226846610
       -0.0127782221  -0.0016179445  -0.0007444807   0.0001780858   0.0003072321
        0.0007370276  -0.0001778143   0.0003052745   0.0001177201  -0.0000342655
        0.0000213184  -0.0001173667   0.0000344242   0.0000203031  -0.0000003003
       -0.0000003111   0.0002058053
       -0.1744934704   0.0554124749   0.0000737693   0.4596009630  -0.0110097399
        0.0000405650  -0.1264933506  -0.0660166680   0.0000031199  -0.0282385110
       -0.0158681246  -0.0000037019  -0.0066303584   0.0053995220  -0.0031287621
       -0.0255794063   0.0082145330   0.0000196494  -0.0065818993   0.0053779005
        0.0031399498  -0.0430247285   0.0116000067  -0.0162660329  -0.0429972427
        0.0114881751   0.0161269664  -0.0009206823  -0.0023813525  -0.0016821398
       -0.0009273745  -0.0023918538   0.0016786006   0.0009021231  -0.0008045157
        0.0003510993   0.0009035807  -0.0008051732  -0.0003488745  -0.0055196427
        0.0017848154  -0.0000042086
        0.0560476983  -0.0927481971  -0.0000345210  -0.0110097399   0.4976728900
        0.0000117820  -0.0660141767  -0.1304629280   0.0000076774   0.0054048481
        0.0069041579   0.0000018513   0.0177209181  -0.0103300729   0.0029538193
       -0.0183351492   0.0080216175   0.0000163460   0.0177437739  -0.0103504588
       -0.0029816248   0.0112061478  -0.1182646130   0.1042538070   0.0110956116
       -0.1181172530  -0.1042296952  -0.0146118585  -0.0167998456  -0.0038058201
       -0.0146024389  -0.0167789071   0.0038027875   0.0010473969   0.0006851004
       -0.0002205909   0.0010443833   0.0006849555   0.0002212412   0.0032625852
       -0.0001164457   0.0000029403
        0.0000677843  -0.0000343261  -0.0681375409   0.0000405650   0.0000117820
        0.5395585784   0.0000083093   0.0000101654  -0.0697392670  -0.0000120541
       -0.0000096458   0.0004374677  -0.0231368088   0.0127337866  -0.0015450592
        0.0000384740  -0.0000148174   0.0003180817   0.0231201706  -0.0127396130
       -0.0015800685  -0.0160679654   0.1041426207  -0.1979961923   0.0159282831
       -0.1041051153  -0.1981843873  -0.0176398949  -0.0197424107  -0.0020470795
        0.0176587014   0.0197477288  -0.0020526048  -0.0008547956  -0.0003690488
        0.0002115456   0.0008525354   0.0003669231   0.0002131728  -0.0000033043
        0.0000019705   0.0005433533
       -0.0282458689  -0.0158667224   0.0000146890  -0.1264933506  -0.0660141767
        0.0000083093   0.4596346392  -0.0110108408  -0.0000392073  -0.1745089173
        0.0554014392  -0.0000972649   0.0009008865  -0.0008021632   0.0003481322
       -0.0055201268   0.0017853452   0.0000006101   0.0009038272  -0.0008085995
       -0.0003521539  -0.0009192676  -0.0023807748   0.0016827923  -0.0009282353
       -0.0023914634  -0.0016776154  -0.0430266964   0.0116080970   0.0162763624
       -0.0429984442   0.0114927577  -0.0161334863  -0.0065989858   0.0053820872
       -0.0031406239  -0.0066182976   0.0053950843   0.0031287413  -0.0255811622
        0.0082099303  -0.0000192848
        0.0054063050   0.0069028656  -0.0000058896  -0.0660166680  -0.1304629280
        0.0000101654  -0.0110108408   0.4976479774  -0.0000011533   0.0560398490
       -0.0927362992   0.0000442958   0.0010426152   0.0006829151  -0.0002214142
        0.0032628353  -0.0001171012  -0.0000039540   0.0010505682   0.0006871955
        0.0002205513  -0.0146094969  -0.0167923726   0.0038084348  -0.0146056565
       -0.0167817408  -0.0037987893   0.0112174661  -0.1183087358  -0.1042742580
        0.0110972573  -0.1180688920   0.1042050318   0.0177114911  -0.0103247949
        0.0029825553   0.0177544804  -0.0103478006  -0.0029513454  -0.0183402055
        0.0080197116  -0.0000142305
        0.0000135464   0.0000031894   0.0004377588   0.0000031199   0.0000076774
       -0.0697392670  -0.0000392073  -0.0000011533   0.5395530538  -0.0000900093
        0.0000421835  -0.0681372970  -0.0008514507  -0.0003663202   0.0002119911
        0.0000052520  -0.0000019686   0.0005433041   0.0008566666   0.0003695315
        0.0002129334   0.0176452796   0.0197440524  -0.0020518730  -0.0176557883
       -0.0197418691  -0.0020473564   0.0160785593  -0.1041585751  -0.1979468255
       -0.0159356668   0.1040854938  -0.1982299697  -0.0231475334   0.0127426748
       -0.0015877167   0.0231134520  -0.0127222871  -0.0015370583   0.0000037800
       -0.0000026295   0.0003183225
       -0.0035435223  -0.0032224205  -0.0000008700  -0.0282385110   0.0054048481
       -0.0000120541  -0.1745089173   0.0560398490  -0.0000900093   0.4733414157
        0.0258960882  -0.0000533073   0.0000234614  -0.0001952072   0.0002051202
       -0.0013126552   0.0005065434   0.0000006004   0.0000247014  -0.0001971389
       -0.0002054866   0.0007548648   0.0008540337  -0.0002190093   0.0007530210
        0.0008484317   0.0002167845  -0.0073072736   0.0051250667   0.0023157280
       -0.0072804452   0.0051052049  -0.0023287658  -0.0452368177   0.0122916134
       -0.0191969406  -0.0452706170   0.0124252884   0.0193125396  -0.1621987047
       -0.1208822008   0.0000556705
       -0.0032226126  -0.0020010102  -0.0000001881  -0.0158681246   0.0069041579
       -0.0000096458   0.0554014392  -0.0927362992   0.0000421835   0.0258960882
        0.5126306821   0.0000291640  -0.0000518201   0.0000124808  -0.0000970196
       -0.0011234808   0.0003747336   0.0000011453  -0.0000504310   0.0000116813
        0.0000974367  -0.0008491508   0.0006646777  -0.0003908098  -0.0008463295
        0.0006610733   0.0003881022   0.0181437299  -0.0096559354  -0.0025165525
        0.0181096661  -0.0096337843   0.0025442973   0.0127351625  -0.1216371032
        0.1099447445   0.0128686450  -0.1220429482  -0.1100838625  -0.1211427817
       -0.1635524062   0.0000510047
        0.0000037640   0.0000005209   0.0003224496  -0.0000037019   0.0000018513
        0.0004374677  -0.0000972649   0.0000442958  -0.0681372970  -0.0000533073
        0.0000291640   0.5227679995   0.0001177808  -0.0000343338   0.0000205856
        0.0000008128   0.0000004594   0.0002061371  -0.0001172876   0.0000345342
        0.0000208662   0.0007428757  -0.0001778319   0.0003080520  -0.0007376062
        0.0001778953   0.0003043058   0.0226649015  -0.0127675066  -0.0015788804
       -0.0226940450   0.0127821429  -0.0016227539  -0.0194611265   0.1099773783
       -0.2041019366   0.0195786147  -0.1101203670  -0.2036688389   0.0000555900
        0.0000517972  -0.0452781567
       -0.0452954263   0.0128967208  -0.0196952329  -0.0066303584   0.0177209181
       -0.0231368088   0.0009008865   0.0010426152  -0.0008514507   0.0000234614
       -0.0000518201   0.0001177808   0.0537151417  -0.0177313145   0.0232736286
        0.0012109296  -0.0146519623   0.0190698635   0.0009974516  -0.0015044744
        0.0016859132  -0.0054559035   0.0032691245  -0.0006530233   0.0008526626
       -0.0003842253  -0.0003837382  -0.0000244160  -0.0000468572   0.0000143769
       -0.0005183650  -0.0003666163   0.0004398426   0.0001238683  -0.0001159987
        0.0001291407   0.0000574080   0.0000077013  -0.0000417243   0.0000426594
       -0.0000838111   0.0000314319
        0.0124512692  -0.1216518078   0.1099702688   0.0053995220  -0.0103300729
        0.0127337866  -0.0008021632   0.0006829151  -0.0003663202  -0.0001952072
        0.0000124808  -0.0000343338  -0.0177313145   0.1394865550  -0.1295376928
       -0.0007531271  -0.0169565669   0.0219190356  -0.0015418258   0.0096391337
       -0.0148528472   0.0034868864  -0.0011652428   0.0001231961  -0.0003417773
       -0.0000614625   0.0003351557   0.0000469822  -0.0000701726  -0.0000580530
        0.0001250096   0.0004044943  -0.0001519812  -0.0001158579  -0.0000082736
       -0.0000465950   0.0000077649  -0.0000502174  -0.0000031698  -0.0000361615
        0.0000682375  -0.0000304498
       -0.0194309780   0.1099383973  -0.2040415046  -0.0031287621   0.0029538193
       -0.0015450592   0.0003481322  -0.0002214142   0.0002119911   0.0002051202
       -0.0000970196   0.0000205856   0.0232736286  -0.1295376928   0.2339202734
        0.0009193772   0.0026040476  -0.0020791177  -0.0017511140   0.0147882096
       -0.0287109305  -0.0005408011   0.0002945366   0.0012623943   0.0003395377
       -0.0003791975   0.0007747776  -0.0000196941   0.0000464641  -0.0003224610
       -0.0003728586  -0.0002873596   0.0004396326   0.0001287767  -0.0000464774
        0.0000257274   0.0000415060   0.0000036492   0.0000315930  -0.0000118708
       -0.0000599626   0.0000120979
       -0.1622426929  -0.1211417592   0.0002457700  -0.0255794063  -0.0183351492
        0.0000384740  -0.0055201268   0.0032628353   0.0000052520  -0.0013126552
       -0.0011234808   0.0000008128   0.0012109296  -0.0007531271   0.0009193772
        0.1910747672   0.1390288774  -0.0002839091   0.0011659719  -0.0008040037
       -0.0009255884   0.0006003852  -0.0004406697  -0.0001540760   0.0005979567
       -0.0004364936   0.0001534879   0.0001851243   0.0003191450   0.0001757946
        0.0001849016   0.0003167148  -0.0001754102   0.0000429493  -0.0000362872
       -0.0000115930   0.0000429547  -0.0000362668   0.0000120142  -0.0004510592
        0.0001796648  -0.0000004061
       -0.1208804260  -0.1635078429   0.0002458766   0.0082145330   0.0080216175
       -0.0000148174   0.0017853452  -0.0001171012  -0.0000019686   0.0005065434
        0.0003747336   0.0000004594  -0.0146519623  -0.0169565669   0.0026040476
        0.1390288774   0.1877320738  -0.0002884869  -0.0146918126  -0.0170007472
       -0.0025435048   0.0001486599   0.0005553869  -0.0002698109   0.0001459468
        0.0005499895   0.0002675087   0.0001906615   0.0001216766   0.0002202937
        0.0001912371   0.0001223931  -0.0002193838  -0.0000836371   0.0000678639
       -0.0000602624  -0.0000836586   0.0000685537   0.0000597681   0.0001796923
       -0.0000320304   0.0000002808
        0.0002492599   0.0002483991  -0.0452780764   0.0000196494   0.0000163460
        0.0003180817   0.0000006101  -0.0000039540   0.0005433041   0.0000006004
        0.0000011453   0.0002061371   0.0190698635   0.0219190356  -0.0020791177
       -0.0002839091  -0.0002884869   0.0480922787  -0.0190498704  -0.0218904376
       -0.0019887362  -0.0004583223  -0.0002359794   0.0000436089   0.0004534144
        0.0002349827   0.0000391453   0.0001164654   0.0000812112   0.0000432526
       -0.0001179057  -0.0000820549   0.0000437409   0.0000312624  -0.0000302893
        0.0000120662  -0.0000313554   0.0000302887   0.0000118932   0.0000002374
       -0.0000002064  -0.0000075784
       -0.0452021494   0.0126788272   0.0193045909  -0.0065818993   0.0177437739
        0.0231201706   0.0009038272   0.0010505682   0.0008566666   0.0000247014
       -0.0000504310  -0.0001172876   0.0009974516  -0.0015418258  -0.0017511140
        0.0011659719  -0.0146918126  -0.0190498704   0.0536221760  -0.0174686898
       -0.0228312856   0.0008480717  -0.0003827703   0.0003811988  -0.0054551408
        0.0032701801   0.0006608879  -0.0005229012  -0.0003689802  -0.0004401918
       -0.0000242358  -0.0000472661  -0.0000152505   0.0000571292   0.0000080197
        0.0000414670   0.0001237410  -0.0001160889  -0.0001288088   0.0000432565
       -0.0000835043  -0.0000311732
        0.0122374677  -0.1220380768  -0.1101361280   0.0053779005  -0.0103504588
       -0.0127396130  -0.0008085995   0.0006871955   0.0003695315  -0.0001971389
        0.0000116813   0.0000345342  -0.0015044744   0.0096391337   0.0147882096
       -0.0008040037  -0.0170007472  -0.0218904376  -0.0174686898   0.1399343440
        0.1297387172  -0.0003421683  -0.0000625980  -0.0003324308   0.0034824965
       -0.0011665822  -0.0001236006   0.0001254203   0.0004075249   0.0001529803
        0.0000466099  -0.0000702492   0.0000578944   0.0000079526  -0.0000507884
        0.0000037087  -0.0001162729  -0.0000083553   0.0000463525  -0.0000364999
        0.0000679764   0.0000302816
        0.0190397898  -0.1100984328  -0.2037298200   0.0031399498  -0.0029816248
       -0.0015800685  -0.0003521539   0.0002205513   0.0002129334  -0.0002054866
        0.0000974367   0.0000208662   0.0016859132  -0.0148528472  -0.0287109305
       -0.0009255884  -0.0025435048  -0.0019887362  -0.0228312856   0.1297387172
        0.2335599840  -0.0003376036   0.0003777942   0.0007693385   0.0005513059
       -0.0003041381   0.0012598969   0.0003742539   0.0002891717   0.0004406416
        0.0000200740  -0.0000464505  -0.0003227065  -0.0000416690  -0.0000032158
        0.0000313254  -0.0001292545   0.0000464662   0.0000256687   0.0000117550
        0.0000600767   0.0000116071
       -0.0073076289   0.0181304241  -0.0226720624  -0.0430247285   0.0112061478
       -0.0160679654  -0.0009192676  -0.0146094969   0.0176452796   0.0007548648
       -0.0008491508   0.0007428757  -0.0054559035   0.0034868864  -0.0005408011
        0.0006003852   0.0001486599  -0.0004583223   0.0008480717  -0.0003421683
       -0.0003376036   0.0560825733  -0.0131187812   0.0193199398   0.0014363917
       -0.0012072339   0.0021720789   0.0006013261   0.0005665051   0.0002436854
       -0.0032560380  -0.0037733110   0.0004239591  -0.0005207039   0.0001240295
       -0.0003746500  -0.0000246593   0.0000468230   0.0000205285   0.0001853170
        0.0001906663  -0.0001169423
        0.0051208870  -0.0096486942   0.0127741563   0.0116000067  -0.1182646130
        0.1041426207  -0.0023807748  -0.0167923726   0.0197440524   0.0008540337
        0.0006646777  -0.0001778319   0.0032691245  -0.0011652428   0.0002945366
       -0.0004406697   0.0005553869  -0.0002359794  -0.0003827703  -0.0000625980
        0.0003777942  -0.0131187812   0.1386248596  -0.1235267977  -0.0012189312
        0.0091341638  -0.0140285759   0.0005662980   0.0002533764   0.0004919857
       -0.0037711086  -0.0037572103   0.0005610798  -0.0003690462   0.0004058876
       -0.0002891178  -0.0000471599  -0.0000697901  -0.0000461728   0.0003188921
        0.0001221692  -0.0000817505
       -0.0023202701   0.0025188174  -0.0015834535  -0.0162660329   0.1042538070
       -0.1979961923   0.0016827923   0.0038084348  -0.0020518730  -0.0002190093
       -0.0003908098   0.0003080520  -0.0006530233   0.0001231961   0.0012623943
       -0.0001540760  -0.0002698109   0.0000436089   0.0003811988  -0.0003324308
        0.0007693385   0.0193199398  -0.1235267977   0.2262453622  -0.0022015459
        0.0140563208  -0.0291550788  -0.0002438291  -0.0004919915   0.0007758762
        0.0004241445   0.0005659056   0.0012218087   0.0004393627  -0.0001523723
        0.0004403682  -0.0000137819   0.0000578440  -0.0003236497  -0.0001758696
       -0.0002201126   0.0000434384
       -0.0072736464   0.0181217349   0.0226846610  -0.0429972427   0.0110956116
        0.0159282831  -0.0009282353  -0.0146056565  -0.0176557883   0.0007530210
       -0.0008463295  -0.0007376062   0.0008526626  -0.0003417773   0.0003395377
        0.0005979567   0.0001459468   0.0004534144  -0.0054551408   0.0034824965
        0.0005513059   0.0014363917  -0.0012189312  -0.0022015459   0.0560245815
       -0.0129939536  -0.0191644831  -0.0032563618  -0.0037709257  -0.0004233116
        0.0006046966   0.0005674255  -0.0002450577  -0.0000240546   0.0000465489
       -0.0000192492  -0.0005193665   0.0001264794   0.0003722830   0.0001847380
        0.0001913301   0.0001175570
        0.0051077909  -0.0096441746  -0.0127782221   0.0114881751  -0.1181172530
       -0.1041051153  -0.0023914634  -0.0167817408  -0.0197418691   0.0008484317
        0.0006610733   0.0001778953  -0.0003842253  -0.0000614625  -0.0003791975
       -0.0004364936   0.0005499895   0.0002349827   0.0032701801  -0.0011665822
       -0.0003041381  -0.0012072339   0.0091341638   0.0140563208  -0.0129939536
        0.1384720798   0.1234833902  -0.0037720484  -0.0037577993  -0.0005647846
        0.0005673217   0.0002544919  -0.0004946522  -0.0000468058  -0.0000705816
        0.0000467052  -0.0003663788   0.0004057708   0.0002872988   0.0003167035
        0.0001220248   0.0000813859
        0.0023232254  -0.0025421164  -0.0016179445   0.0161269664  -0.1042296952
       -0.1981843873  -0.0016776154  -0.0037987893  -0.0020473564   0.0002167845
        0.0003881022   0.0003043058  -0.0003837382   0.0003351557   0.0007747776
        0.0001534879   0.0002675087   0.0000391453   0.0006608879  -0.0001236006
        0.0012598969   0.0021720789  -0.0140285759  -0.0291550788  -0.0191644831
        0.1234833902   0.2264618773  -0.0004230746  -0.0005598818   0.0012216053
        0.0002449357   0.0004947043   0.0007810378   0.0000158518  -0.0000581750
       -0.0003212429  -0.0004405203   0.0001525401   0.0004394765   0.0001752131
        0.0002194330   0.0000438875
        0.0007546354  -0.0008532027  -0.0007444807  -0.0009206823  -0.0146118585
       -0.0176398949  -0.0430266964   0.0112174661   0.0160785593  -0.0073072736
        0.0181437299   0.0226649015  -0.0000244160   0.0000469822  -0.0000196941
        0.0001851243   0.0001906615   0.0001164654  -0.0005229012   0.0001254203
        0.0003742539   0.0006013261   0.0005662980  -0.0002438291  -0.0032563618
       -0.0037720484  -0.0004230746   0.0560881397  -0.0131354765  -0.0193272123
        0.0014364703  -0.0012076163  -0.0021715018   0.0008508929  -0.0003415651
        0.0003392653  -0.0054567507   0.0034838051   0.0005403452   0.0005984931
        0.0001474043   0.0004558970
        0.0008553853   0.0006648006   0.0001780858  -0.0023813525  -0.0167998456
       -0.0197424107   0.0116080970  -0.1183087358  -0.1041585751   0.0051250667
       -0.0096559354  -0.0127675066  -0.0000468572  -0.0000701726   0.0000464641
        0.0003191450   0.0001216766   0.0000812112  -0.0003689802   0.0004075249
        0.0002891717   0.0005665051   0.0002533764  -0.0004919915  -0.0037709257
       -0.0037577993  -0.0005598818  -0.0131354765   0.1386851437   0.1235455916
       -0.0012198300   0.0091342193   0.0140194023  -0.0003834116  -0.0000620589
       -0.0003784023   0.0032710665  -0.0011649075  -0.0002962770  -0.0004384318
        0.0005527137   0.0002351185
        0.0002195996   0.0003906197   0.0003072321  -0.0016821398  -0.0038058201
       -0.0020470795   0.0162763624  -0.1042742580  -0.1979468255   0.0023157280
       -0.0025165525  -0.0015788804   0.0000143769  -0.0000580530  -0.0003224610
        0.0001757946   0.0002202937   0.0000432526  -0.0004401918   0.0001529803
        0.0004406416   0.0002436854   0.0004919857   0.0007758762  -0.0004233116
       -0.0005647846   0.0012216053  -0.0193272123   0.1235455916   0.2261851378
        0.0022042251  -0.0140655309  -0.0291547003  -0.0003826163   0.0003345319
        0.0007728948   0.0006513655  -0.0001194161   0.0012621724   0.0001543343
        0.0002684124   0.0000411337
        0.0007523754  -0.0008441902   0.0007370276  -0.0009273745  -0.0146024389
        0.0176587014  -0.0429984442   0.0110972573  -0.0159356668  -0.0072804452
        0.0181096661  -0.0226940450  -0.0005183650   0.0001250096  -0.0003728586
        0.0001849016   0.0001912371  -0.0001179057  -0.0000242358   0.0000466099
        0.0000200740  -0.0032560380  -0.0037711086   0.0004241445   0.0006046966
        0.0005673217   0.0002449357   0.0014364703  -0.0012198300   0.0022042251
        0.0560325858  -0.0129891606   0.0191773013  -0.0054557845   0.0034841181
       -0.0005518205   0.0008498948  -0.0003420184  -0.0003380449   0.0005997627
        0.0001475268  -0.0004560681
        0.0008481121   0.0006610418  -0.0001778143  -0.0023918538  -0.0167789071
        0.0197477288   0.0114927577  -0.1180688920   0.1040854938   0.0051052049
       -0.0096337843   0.0127821429  -0.0003666163   0.0004044943  -0.0002873596
        0.0003167148   0.0001223931  -0.0000820549  -0.0000472661  -0.0000702492
       -0.0000464505  -0.0037733110  -0.0037572103   0.0005659056   0.0005674255
        0.0002544919   0.0004947043  -0.0012076163   0.0091342193  -0.0140655309
       -0.0129891606   0.1384065644  -0.1234611196   0.0032681264  -0.0011649615
        0.0003021460  -0.0003835060  -0.0000621248   0.0003785241  -0.0004390112
        0.0005529245  -0.0002363157
       -0.0002166610  -0.0003885284   0.0003052745   0.0016786006   0.0038027875
       -0.0020526048  -0.0161334863   0.1042050318  -0.1982299697  -0.0023287658
        0.0025442973  -0.0016227539   0.0004398426  -0.0001519812   0.0004396326
       -0.0001754102  -0.0002193838   0.0000437409  -0.0000152505   0.0000578944
       -0.0003227065   0.0004239591   0.0005610798   0.0012218087  -0.0002450577
       -0.0004946522   0.0007810378  -0.0021715018   0.0140194023  -0.0291547003
        0.0191773013  -0.1234611196   0.2265181934  -0.0006627067   0.0001271017
        0.0012601415   0.0003823762  -0.0003329195   0.0007711424  -0.0001532398
       -0.0002690102   0.0000417634
        0.0000243527  -0.0000509635   0.0001177201   0.0009021231   0.0010473969
       -0.0008547956  -0.0065989858   0.0177114911  -0.0231475334  -0.0452368177
        0.0127351625  -0.0194611265   0.0001238683  -0.0001158579   0.0001287767
        0.0000429493  -0.0000836371   0.0000312624   0.0000571292   0.0000079526
       -0.0000416690  -0.0005207039  -0.0003690462   0.0004393627  -0.0000240546
       -0.0000468058   0.0000158518   0.0008508929  -0.0003834116  -0.0003826163
       -0.0054557845   0.0032681264  -0.0006627067   0.0536547564  -0.0175380848
        0.0230108988   0.0009980281  -0.0015294935   0.0017353821   0.0011822465
       -0.0146528292   0.0190711929
       -0.0001960150   0.0000119977  -0.0000342655  -0.0008045157   0.0006851004
       -0.0003690488   0.0053820872  -0.0103247949   0.0127426748   0.0122916134
       -0.1216371032   0.1099773783  -0.0001159987  -0.0000082736  -0.0000464774
       -0.0000362872   0.0000678639  -0.0000302893   0.0000080197  -0.0000507884
       -0.0000032158   0.0001240295   0.0004058876  -0.0001523723   0.0000465489
       -0.0000705816  -0.0000581750  -0.0003415651  -0.0000620589   0.0003345319
        0.0034841181  -0.0011649615   0.0001271017  -0.0175380848   0.1394685486
       -0.1295537589  -0.0015195963   0.0096384013  -0.0148555016  -0.0007843540
       -0.0169592374   0.0219214180
        0.0002053695  -0.0000971361   0.0000213184   0.0003510993  -0.0002205909
        0.0002115456  -0.0031406239   0.0029825553  -0.0015877167  -0.0191969406
        0.1099447445  -0.2041019366   0.0001291407  -0.0000465950   0.0000257274
       -0.0000115930  -0.0000602624   0.0000120662   0.0000414670   0.0000037087
        0.0000313254  -0.0003746500  -0.0002891178   0.0004403682  -0.0000192492
        0.0000467052  -0.0003212429   0.0003392653  -0.0003784023   0.0007728948
       -0.0005518205   0.0003021460   0.0012601415   0.0230108988  -0.1295537589
        0.2339939210  -0.0017065888   0.0147848349  -0.0287111409   0.0009242253
        0.0025811690  -0.0020472715
        0.0000237252  -0.0000513737  -0.0001173667   0.0009035807   0.0010443833
        0.0008525354  -0.0066182976   0.0177544804   0.0231134520  -0.0452706170
        0.0128686450   0.0195786147   0.0000574080   0.0000077649   0.0000415060
        0.0000429547  -0.0000836586  -0.0000313554   0.0001237410  -0.0001162729
       -0.0001292545  -0.0000246593  -0.0000471599  -0.0000137819  -0.0005193665
       -0.0003663788  -0.0004405203  -0.0054567507   0.0032710665   0.0006513655
        0.0008498948  -0.0003835060   0.0003823762   0.0009980281  -0.0015195963
       -0.0017065888   0.0536903864  -0.0176936892  -0.0231393568   0.0011999723
       -0.0146847047  -0.0190416253
       -0.0001961010   0.0000122585   0.0000344242  -0.0008051732   0.0006849555
        0.0003669231   0.0053950843  -0.0103478006  -0.0127222871   0.0124252884
       -0.1220429482  -0.1101203670   0.0000077013  -0.0000502174   0.0000036492
       -0.0000362668   0.0000685537   0.0000302887  -0.0001160889  -0.0000083553
        0.0000464662   0.0000468230  -0.0000697901   0.0000578440   0.0001264794
        0.0004057708   0.0001525401   0.0034838051  -0.0011649075  -0.0001194161
       -0.0003420184  -0.0000621248  -0.0003329195  -0.0015294935   0.0096384013
        0.0147848349  -0.0176936892   0.1399392015   0.1297126966  -0.0007663505
       -0.0170029974  -0.0218946773
       -0.0002051799   0.0000972332   0.0000203031  -0.0003488745   0.0002212412
        0.0002131728   0.0031287413  -0.0029513454  -0.0015370583   0.0193125396
       -0.1100838625  -0.2036688389  -0.0000417243  -0.0000031698   0.0000315930
        0.0000120142   0.0000597681   0.0000118932  -0.0001288088   0.0000463525
        0.0000256687   0.0000205285  -0.0000461728  -0.0003236497   0.0003722830
        0.0002872988   0.0004394765   0.0005403452  -0.0002962770   0.0012621724
       -0.0003380449   0.0003785241   0.0007711424   0.0017353821  -0.0148555016
       -0.0287111409  -0.0231393568   0.1297126966   0.2334857458  -0.0009198447
       -0.0025667852  -0.0020204800
       -0.0013128979  -0.0011233796  -0.0000003003  -0.0055196427   0.0032625852
       -0.0000033043  -0.0255811622  -0.0183402055   0.0000037800  -0.1621987047
       -0.1211427817   0.0000555900   0.0000426594  -0.0000361615  -0.0000118708
       -0.0004510592   0.0001796923   0.0000002374   0.0000432565  -0.0000364999
        0.0000117550   0.0001853170   0.0003188921  -0.0001758696   0.0001847380
        0.0003167035   0.0001752131   0.0005984931  -0.0004384318   0.0001543343
        0.0005997627  -0.0004390112  -0.0001532398   0.0011822465  -0.0007843540
        0.0009242253   0.0011999723  -0.0007663505  -0.0009198447   0.1910270212
        0.1390293026  -0.0000607055
        0.0005064094   0.0003743457  -0.0000003111   0.0017848154  -0.0001164457
        0.0000019705   0.0082099303   0.0080197116  -0.0000026295  -0.1208822008
       -0.1635524062   0.0000517972  -0.0000838111   0.0000682375  -0.0000599626
        0.0001796648  -0.0000320304  -0.0000002064  -0.0000835043   0.0000679764
        0.0000600767   0.0001906663   0.0001221692  -0.0002201126   0.0001913301
        0.0001220248   0.0002194330   0.0001474043   0.0005527137   0.0002684124
        0.0001475268   0.0005529245  -0.0002690102  -0.0146528292  -0.0169592374
        0.0025811690  -0.0146847047  -0.0170029974  -0.0025667852   0.1390293026
        0.1877830137  -0.0000638411
       -0.0000013351  -0.0000011651   0.0002058053  -0.0000042086   0.0000029403
        0.0005433533  -0.0000192848  -0.0000142305   0.0003183225   0.0000556705
        0.0000510047  -0.0452781567   0.0000314319  -0.0000304498   0.0000120979
       -0.0000004061   0.0000002808  -0.0000075784  -0.0000311732   0.0000302816
        0.0000116071  -0.0001169423  -0.0000817505   0.0000434384   0.0001175570
        0.0000813859   0.0000438875   0.0004558970   0.0002351185   0.0000411337
       -0.0004560681  -0.0002363157   0.0000417634   0.0190711929   0.0219214180
       -0.0020472715  -0.0190416253  -0.0218946773  -0.0020204800  -0.0000607055
       -0.0000638411   0.0480920774
