           1           2   1.01944578515947     
           2           3   1.00870026977749     
           3           4   1.01944622334030     
           1           5  0.988025047702061     
           1           6  0.987621097680862     
           1           7  0.988010277585126     
           2           8  0.978622663187957     
           2           9  0.978631213835826     
           3          10  0.978619123446718     
           3          11  0.978632475650481     
           4          12  0.988017191647653     
           4          13  0.988019104189785     
           4          14  0.987620842209878     
