$coord
        -13.180066917464         -0.950255131900          0.031065478891     c 
        -10.873681002657          0.765172031580          0.018587334233     c 
         -8.391837819902         -0.710381713681          0.042167740919     c 
         -6.049177885119          0.980816272037          0.023173757126     c 
         -3.592845416865         -0.536332111096          0.059061306225     c 
         -1.207715324540          1.093215113590         -0.052860366676     c 
          1.193496428210         -0.504334303783          0.085657400131     c 
          3.647059558644          1.001677195842         -0.166424561403     c 
          5.964566000058         -0.727000071583         -0.181347984605     c 
          8.490242118681          0.672626097728         -0.117331751179     c 
         10.746369318289         -1.142313590535         -0.181816213531     c 
         13.249467967501          0.138995725175          0.403078530245     c 
        -13.137501032641         -2.244011675407          1.640019291834     h 
        -13.262351403006         -2.105374871551         -1.678591880346     h 
        -14.947260887401          0.118322784316          0.143219299522     h 
        -10.917797972649          2.009443502542         -1.639868456366     h 
        -10.923071576243          2.045575935935          1.650467719078     h 
         -8.334496937189         -1.994180535082         -1.583134110865     h 
         -8.337659587073         -1.948622886781          1.702607709749     h 
         -6.088771604812          2.210166847495         -1.645474114666     h 
         -6.100343215617          2.269810896447          1.644831505042     h 
         -3.540068040339         -1.720816167535          1.761614650070     h 
         -3.586722510903         -1.877201895637         -1.523604512598     h 
         -1.223277354548          2.481572709492          1.485964633854     h 
         -1.205930331927          2.216191019055         -1.794898733744     h 
          1.214849894533         -1.561978915156          1.868524706069     h 
          1.131578697278         -1.956947517170         -1.390818783672     h 
          3.793063143530          2.371451091833          1.384111118078     h 
          3.606226176272          2.143922581065         -1.896109692053     h 
          5.896943188375         -1.961892451690         -1.846553296527     h 
          5.861691371243         -2.016418199830          1.441620195471     h 
          8.606296711049          2.011701407200         -1.695147886362     h 
          8.586519642775          1.844168182888          1.589929436310     h 
         10.827619547937         -2.077031044758         -2.034571749738     h 
         10.416254620238         -2.679856847968          1.171816068400     h 
         13.666698153469          1.630164552989         -0.957986745689     h 
         14.825773763786         -1.193819063011          0.369579054096     h 
         13.220870454448          1.009842624946          2.273251117404     h 
$end
