           1           2   1.01898331667267     
           2           3   1.00770735702255     
           3           4   1.00809583220839     
           4           5   1.00576655739274     
           5           6   1.00881139444696     
           6           7   1.00670480407641     
           7           8   1.00584074046602     
           8           9   1.00797943211393     
           9          10   1.00771851698404     
          10          11   1.00593718305793     
          11          12   1.00800254412281     
          12          13   1.00762697979687     
          13          14   1.01902635536385     
           1          15  0.988065618227808     
           1          16  0.987635307947867     
           1          17  0.987589976961488     
           2          18  0.978830529509884     
           2          19  0.978521624920833     
           3          20  0.974246516542841     
           3          21  0.976489114214448     
           4          22  0.977816448663997     
           4          23  0.977526145391543     
           5          24  0.978638530998533     
           5          25  0.972391072174830     
           6          26  0.971193248776476     
           6          27  0.977827575751868     
           7          28  0.978380172511729     
           7          29  0.978150700531124     
           8          30  0.977188679876892     
           8          31  0.975108725102416     
           9          32  0.970158880272559     
           9          33  0.977802289141692     
          10          34  0.977066300205217     
          10          35  0.977605563489033     
          11          36  0.977859873876825     
          11          37  0.977181113508312     
          12          38  0.974646351885776     
          12          39  0.977287548292453     
          13          40  0.978645746555762     
          13          41  0.978757943611563     
          14          42  0.987587333209962     
          14          43  0.988051917441728     
          14          44  0.987625071498950     
