$coord
        -17.644009720675         -1.533531566719          1.597936111805     c 
        -14.933304010834         -0.580782540429          1.663674302633     c 
        -14.328041875987          1.197884495452         -0.534493656814     c 
        -11.664003638025          2.324462671733         -0.427868641597     c 
         -9.556294848346          0.345217978565         -0.545350915117     c 
         -6.920765693522          1.512205194154         -0.773391476421     c 
         -4.795213563221         -0.431064695977         -0.501846165876     c 
         -2.167155962068          0.678029722592         -0.962269605652     c 
         -0.033293307993         -1.161260122553         -0.321436892432     c 
          2.596644631328         -0.087163828053         -0.862615363706     c 
          4.725109838620         -1.786080429080          0.112060666779     c 
          7.357918094213         -0.834311313377         -0.608165481260     c 
          9.451635786088         -2.681844487611          0.178576180125     c 
         12.088982705153         -1.845781008806         -0.667239608142     c 
         13.157732515377          0.354055663125          0.875730286672     c 
         15.719789493978          1.270533421825         -0.111331606540     c 
         16.990918052488          3.151062433975          1.656119952131     c 
        -18.028104276627         -2.887780906534          3.103690488325     h 
        -18.990436510632          0.015842211171          1.800273783685     h 
        -18.063095065914         -2.463571705254         -0.193174584259     h 
        -13.620615173638         -2.188679195323          1.639135682248     h 
        -14.559679307081          0.392110979410          3.458885215892     h 
        -15.733990930941          2.720139415288         -0.576839121734     h 
        -14.580306251255          0.186211785631         -2.324986927821     h 
        -11.452701320537          3.447551115292          1.303943166039     h 
        -11.410620897051          3.676682801714         -1.982627054874     h 
         -9.629066579127         -0.858947517133          1.143665049212     h 
         -9.888528224172         -0.941863825176         -2.139980767125     h 
         -6.749137710868          2.496676044243         -2.592398418254     h 
         -6.689697725673          2.993408617370          0.662123388862     h 
         -4.869206868791         -1.277054847179          1.391439333391     h 
         -5.117558097073         -2.013519488725         -1.802614027859     h 
         -2.004127913206          1.287494736263         -2.937011559605     h 
         -1.941495389843          2.406896657653          0.158014433954     h 
         -0.294377039747         -2.934784122432         -1.363400102831     h 
         -0.167347793441         -1.693165274713          1.675217599108     h 
          2.770772390522          1.804076383214         -0.016286644668     h 
          2.815343904045          0.220014484182         -2.904301814103     h 
          4.585875548772         -1.974597088507          2.177406922399     h 
          4.466508806142         -3.716035033516         -0.625055751073     h 
          7.443319310244         -0.538707531575         -2.666827765237     h 
          7.687621826191          1.047547158772          0.221017376673     h 
          9.014853145239         -4.565230966463         -0.601087188818     h 
          9.432629163052         -2.936273388618          2.242454254932     h 
         13.420585765911         -3.439968493166         -0.549122842694     h 
         12.035427227353         -1.336450354651         -2.678807794764     h 
         11.813308128925          1.932720222143          0.910565090042     h 
         13.351956505274         -0.229873385905          2.859895273845     h 
         15.466251779035          2.105123672737         -1.998972443185     h 
         16.965057968855         -0.366658885153         -0.417832684647     h 
         17.360702651131          2.307908685456          3.509752656605     h 
         18.803490377308          3.800615327839          0.908939007319     h 
         15.800485125154          4.813552552315          1.968569841418     h 
$end
