   -0.07112382
   -0.05123591
   -0.05121072
   -0.05068366
   -0.05085203
   -0.05004876
   -0.05005342
   -0.05004496
   -0.05005636
   -0.05085172
   -0.05070404
   -0.05075872
   -0.05091660
   -0.05084661
   -0.05103294
   -0.05104626
   -0.07181701
    0.02517878
    0.02316383
    0.02515803
    0.02323704
    0.02481222
    0.02645447
    0.02566646
    0.02727220
    0.02501940
    0.02400582
    0.02529322
    0.02428299
    0.02520201
    0.02531970
    0.02518019
    0.02515245
    0.02532020
    0.02423779
    0.02517689
    0.02391726
    0.02527207
    0.02731385
    0.02551314
    0.02756569
    0.02553165
    0.02403441
    0.02452316
    0.02410584
    0.02446975
    0.02433055
    0.02733614
    0.02523965
    0.02620030
    0.02472625
    0.02329752
    0.02477261
