           1           2   1.02652408582752     
           2           3   1.01115266041872     
           3           4   1.01280823042048     
           4           5   1.01115227731893     
           5           6   1.01099281525883     
           6           7   1.01132388462770     
           7           8   1.01127743321367     
           8           9   1.01131110911523     
           9          10   1.01098367331238     
          10          11   1.01105139849389     
          11          12   1.01269421281053     
          12          13   1.01121258491783     
          13          14   1.01098684056335     
          14          15   1.01183305295213     
          15          16   1.01281890876428     
          16          17   1.02636014075911     
           1          18  0.981010551044443     
           1          19  0.982114320369438     
           1          20  0.978435952822442     
           2          21  0.977365636483486     
           2          22  0.975829700315606     
           3          23  0.974551371131749     
           3          24  0.973806633811799     
           4          25  0.972646404849232     
           4          26  0.972965139963020     
           5          27  0.975892156538212     
           5          28  0.974638507653282     
           6          29  0.973433468289887     
           6          30  0.974111286745709     
           7          31  0.974119494513949     
           7          32  0.974408422915208     
           8          33  0.974387433817052     
           8          34  0.974214998640042     
           9          35  0.973524475015247     
           9          36  0.974166086079055     
          10          37  0.975910563780918     
          10          38  0.974738820550949     
          11          39  0.972814843030075     
          11          40  0.973182267659123     
          12          41  0.972141463327792     
          12          42  0.973189228394325     
          13          43  0.975814800002969     
          13          44  0.974082967956299     
          14          45  0.975687152006079     
          14          46  0.973666059588776     
          15          47  0.975437352361096     
          15          48  0.972123961051901     
          16          49  0.975899178348022     
          16          50  0.973922741255844     
          17          51  0.981106828910361     
          17          52  0.982473555030780     
          17          53  0.980808553438872     
