$hessian                                                                        
        0.5040796671   0.0197364741  -0.0231983191  -0.0999595394   0.0352849376
       -0.0467901502  -0.0152321601   0.0159332363  -0.0127794228   0.0005583118
       -0.0000964200  -0.0000070361   0.0000863966   0.0000588979   0.0000797155
       -0.0755347391  -0.0516546508  -0.0606189869  -0.1283409947  -0.1005526075
        0.0580259255  -0.1821281709   0.0804880535   0.0857303067   0.0079116692
       -0.0087569388   0.0113108699  -0.0079664649   0.0067676076  -0.0123446448
        0.0007616304  -0.0009918544  -0.0004037245  -0.0032338223   0.0031750392
        0.0013451405  -0.0009351396   0.0006575760   0.0000125210   0.0000652804
        0.0000901651  -0.0002422987  -0.0000335302   0.0000010384  -0.0000202234
        0.0000296048  -0.0000854586   0.0000197278  -0.0001279990  -0.0000550955
       -0.0001194004
        0.0197364741   0.5071958622   0.0214616415   0.0345064583  -0.1069098227
        0.0499291475   0.0126288789  -0.0118111686   0.0088270728   0.0000220731
        0.0002026569  -0.0002148911  -0.0000558216  -0.0002296017   0.0000844453
       -0.0519280960  -0.1276362377  -0.1020143327  -0.1004496948  -0.1609917261
        0.0661053748   0.0806321258  -0.0923180773  -0.0517403758   0.0093646492
       -0.0148865040   0.0179447469  -0.0073263623   0.0084706347  -0.0106184620
        0.0001164409   0.0003947372   0.0008860002   0.0030355982  -0.0016898607
       -0.0011078542  -0.0001304351   0.0002152006   0.0003976146  -0.0000619690
       -0.0000918547   0.0001249965  -0.0000812369   0.0000309090   0.0000603927
        0.0000618640  -0.0000714904   0.0000652483  -0.0000709469   0.0001263432
       -0.0001907653
       -0.0231983191   0.0214616415   0.4970613417  -0.0452965242   0.0491979197
       -0.1283332018   0.0024480445  -0.0041254660   0.0077753137  -0.0001110428
       -0.0000292640   0.0001259952   0.0000818414  -0.0000835904  -0.0001937632
       -0.0607405057  -0.1015800388  -0.1675041437   0.0579776927   0.0663905498
       -0.0830201451   0.0859160866  -0.0517748357  -0.0955757463  -0.0068285247
        0.0120467751  -0.0125755696  -0.0140421981   0.0112774593  -0.0190498601
        0.0009831865  -0.0005020507   0.0009418115   0.0022589377  -0.0020424865
        0.0000106551   0.0004222943  -0.0003033069   0.0000319961   0.0001359670
       -0.0000537414   0.0001456736   0.0000232163   0.0000422901   0.0000411684
        0.0000296105   0.0000335993   0.0000075980  -0.0000597630   0.0000445458
        0.0001108766
       -0.0999595394   0.0345064583  -0.0452965242   0.4850414022   0.0388079734
        0.0074710367  -0.1282694306   0.0501599682   0.0371698232  -0.0199546911
        0.0082356667   0.0122777946   0.0005568964  -0.0000269440  -0.0001109054
       -0.0079252303   0.0057105373  -0.0115877470   0.0092874502  -0.0088910110
        0.0107499075  -0.0151900455   0.0155716024  -0.0152930447  -0.1344485762
       -0.0935586601   0.0628188682  -0.0790007312  -0.0568155547  -0.0622624308
        0.0063770261  -0.0042870024  -0.0026410367  -0.0132235933   0.0119899914
        0.0049379100   0.0006808603   0.0005126846  -0.0007669367  -0.0030667863
       -0.0020034762   0.0022103797   0.0001227409   0.0002695958   0.0000407491
       -0.0001496812   0.0000503916  -0.0000136259  -0.0008780710  -0.0002322213
        0.0002957824
        0.0352849376  -0.1069098227   0.0491979197   0.0388079734   0.5072004584
        0.0093317503   0.0463866327  -0.1054282499  -0.0300963185  -0.0077971560
        0.0101004427   0.0044882623   0.0000964586   0.0002111233   0.0000266166
       -0.0078094734   0.0092617770  -0.0105237385   0.0095637282  -0.0150669605
        0.0173534109   0.0105642303  -0.0101731653   0.0098767736  -0.0937075981
       -0.1341069332   0.0620955451  -0.0565617389  -0.1273157283  -0.0959929895
        0.0138155394  -0.0142401438  -0.0121861302   0.0154252315  -0.0127847318
       -0.0060372217   0.0000479043   0.0004431709   0.0001493524  -0.0031575876
       -0.0008825833   0.0021816932  -0.0001894053   0.0000419851  -0.0000355730
       -0.0000951084  -0.0000310329  -0.0000179144  -0.0006745683  -0.0003196056
        0.0001885618
       -0.0467901502   0.0499291475  -0.1283332018   0.0074710367   0.0093317503
        0.4984643304   0.0378073526  -0.0320339278  -0.0897894067   0.0125689113
       -0.0050910099  -0.0067118189  -0.0000098267   0.0002107657   0.0001177501
       -0.0146932478   0.0107376737  -0.0199776038  -0.0055363829   0.0108045499
       -0.0114529737   0.0057544603  -0.0058825723   0.0076449400   0.0630618263
        0.0619133153  -0.0887270153  -0.0625602676  -0.0961711216  -0.1546719511
        0.0149082702  -0.0164252512  -0.0126018297  -0.0137978868   0.0122052334
        0.0068657753  -0.0001511254  -0.0002990959   0.0000151985   0.0023197005
        0.0013241954  -0.0008888586  -0.0000355628  -0.0001702136  -0.0001633357
       -0.0000964900   0.0000984285  -0.0001168063  -0.0002206179  -0.0004818674
        0.0003268073
       -0.0152321601   0.0126288789   0.0024480445  -0.1282694306   0.0463866327
        0.0378073526   0.4762200847   0.0006212933   0.0343551596  -0.1282418655
       -0.0449978948   0.0394555921  -0.0152317768  -0.0125428837   0.0029113257
        0.0003599191   0.0000482618   0.0007893836   0.0003984417  -0.0005658135
        0.0003634393  -0.0014966726   0.0021785517  -0.0020508109  -0.0199385170
        0.0106255894   0.0131856058   0.0072256955  -0.0035609766  -0.0032137181
       -0.0811654308  -0.0549134525  -0.0667357358  -0.0811912863   0.0524749549
       -0.0686934809   0.0072302555   0.0034510243  -0.0033436476  -0.0199272215
       -0.0101463627   0.0135591040  -0.0014989316  -0.0022483142  -0.0019718536
        0.0003588228  -0.0000198803   0.0007887104   0.0004000736   0.0005803915
        0.0003455292
        0.0159332363  -0.0118111686  -0.0041254660   0.0501599682  -0.1054282499
       -0.0320339278   0.0006212933   0.4847044570   0.0006025641  -0.0487849828
       -0.1031913451   0.0325340498  -0.0163768508  -0.0119607925   0.0048349587
       -0.0009936469   0.0009157422  -0.0005338815  -0.0001308232   0.0001143574
       -0.0004017359   0.0019661176  -0.0017901030   0.0021576769  -0.0116672185
        0.0076976179   0.0075277662   0.0137609523  -0.0131925042  -0.0120791191
       -0.0547444230  -0.1235704167  -0.0914383097   0.0523219556  -0.1169683921
        0.0901623051  -0.0132126849  -0.0122371008   0.0120920270   0.0121206556
        0.0076593862  -0.0080812427  -0.0020753003  -0.0019755978  -0.0021599437
        0.0009676252   0.0009046232   0.0005271736   0.0001341266   0.0001294867
        0.0004151051
       -0.0127794228   0.0088270728   0.0077753137   0.0371698232  -0.0300963185
       -0.0897894067   0.0343551596   0.0006025641   0.5183454694   0.0389492746
        0.0305939155  -0.0920591819  -0.0121933261  -0.0081186588   0.0079236135
       -0.0007097657   0.0007361175   0.0008008263   0.0000820420   0.0000566994
        0.0004259379  -0.0029405054   0.0030348850  -0.0020192401   0.0130469044
       -0.0069893947  -0.0076587830   0.0149922411  -0.0146638074  -0.0120669331
       -0.0662893099  -0.0917950380  -0.1519148428  -0.0682394562   0.0905172143
       -0.1584949634   0.0154643037   0.0146690923  -0.0130273124   0.0126267837
        0.0064464949  -0.0076295943  -0.0028691529  -0.0030359997  -0.0018322948
       -0.0007437690  -0.0007390885   0.0008056348   0.0000781757  -0.0000457503
        0.0004157568
        0.0005583118   0.0000220731  -0.0001110428  -0.0199546911  -0.0077971560
        0.0125689113  -0.1282418655  -0.0487849828   0.0389492746   0.4850674023
       -0.0385241825   0.0088581382  -0.1000163761  -0.0361156693  -0.0440630369
       -0.0001497289  -0.0000502181  -0.0000125327  -0.0008767489   0.0002422705
        0.0002871662   0.0001232291  -0.0002680591   0.0000506976  -0.0030688929
        0.0020819193   0.0021389641   0.0006800790  -0.0005390075  -0.0007469725
       -0.0132221883  -0.0118072874   0.0053684534   0.0063835653   0.0041945874
       -0.0028009346  -0.0790574588   0.0546121668  -0.0642813134  -0.1343810091
        0.0957040558   0.0594764438  -0.0151787157  -0.0160898947  -0.0147023194
       -0.0079626349  -0.0061464701  -0.0114077708   0.0092977229   0.0092658547
        0.0104278739
       -0.0000964200   0.0002026569  -0.0000292640   0.0082356667   0.0101004427
       -0.0050910099  -0.0449978948  -0.1031913451   0.0305939155  -0.0385241825
        0.5065286595  -0.0095990279  -0.0369521023  -0.1104472311  -0.0498186754
        0.0000919695  -0.0000340082   0.0000151161   0.0006648720  -0.0003078014
       -0.0001668925   0.0001878807   0.0000490431   0.0000284360   0.0032397223
       -0.0010070474  -0.0021762594  -0.0000538427   0.0004470729  -0.0001645192
       -0.0159139017  -0.0129880516   0.0067564495  -0.0132614101  -0.0132061419
        0.0122064551   0.0543489770  -0.1205389877   0.0947551883   0.0958592386
       -0.1384699771  -0.0603716628  -0.0103778666  -0.0103148864  -0.0092547528
        0.0072956467   0.0092203098   0.0094869961  -0.0097463528  -0.0160427070
       -0.0171704927
       -0.0000070361  -0.0002148911   0.0001259952   0.0122777946   0.0044882623
       -0.0067118189   0.0394555921   0.0325340498  -0.0920591819   0.0088581382
       -0.0095990279   0.4991309324  -0.0455278298  -0.0505455747  -0.1247507282
       -0.0001012327  -0.0001023064  -0.0001135098  -0.0002404647   0.0005035012
        0.0003154491  -0.0000422301   0.0001635140  -0.0001709772   0.0022024829
       -0.0013190623  -0.0007617265  -0.0001497078   0.0002833105   0.0000102172
       -0.0132266322  -0.0114924900   0.0070636429   0.0153896611   0.0164481431
       -0.0136320877  -0.0645664281   0.0949360120  -0.1614014160   0.0597125739
       -0.0601957848  -0.0844336850   0.0061423041   0.0065385415   0.0077752449
       -0.0149582664  -0.0117586830  -0.0199004649  -0.0052187189  -0.0106675140
       -0.0104858856
        0.0000863966  -0.0000558216   0.0000818414   0.0005568964   0.0000964586
       -0.0000098267  -0.0152317768  -0.0163768508  -0.0121933261  -0.1000163761
       -0.0369521023  -0.0455278298   0.5040639046  -0.0205542772  -0.0224879329
        0.0000295376   0.0000860944   0.0000171739  -0.0001277509   0.0000510756
       -0.0001208965  -0.0000331017  -0.0000015833  -0.0000202580   0.0000647338
       -0.0000981947  -0.0002384897  -0.0009358692  -0.0006558364   0.0000356110
       -0.0032321345  -0.0031230536   0.0014583487   0.0007631958   0.0009771042
       -0.0004394532  -0.0079868731  -0.0072097443  -0.0121053445   0.0079171879
        0.0091525530   0.0109817557  -0.1816490720  -0.0775126693   0.0885303051
       -0.0758622517   0.0497447804  -0.0626402327  -0.1284066466   0.1024320672
        0.0546785543
        0.0000588979  -0.0002296017  -0.0000835904  -0.0000269440   0.0002111233
        0.0002107657  -0.0125428837  -0.0119607925  -0.0081186588  -0.0361156693
       -0.1104472311  -0.0505455747  -0.0205542772   0.5056424312  -0.0217480665
       -0.0000609904  -0.0000751108  -0.0000624565   0.0000687453   0.0001312208
        0.0001898912   0.0000816446   0.0000273011  -0.0000598429   0.0000670579
       -0.0000936069  -0.0001159583   0.0001476062   0.0002107576  -0.0004040093
       -0.0029548868  -0.0015768760   0.0011656190  -0.0000818778   0.0003826723
       -0.0008663549   0.0068268131   0.0084153362   0.0096444050  -0.0096085346
       -0.0159430102  -0.0178202045  -0.0776456641  -0.0889416636   0.0517385770
        0.0500137365  -0.1205413335   0.1002348877   0.1023272263  -0.1652116162
       -0.0633594289
        0.0000797155   0.0000844453  -0.0001937632  -0.0001109054   0.0000266166
        0.0001177501   0.0029113257   0.0048349587   0.0079236135  -0.0440630369
       -0.0498186754  -0.1247507282  -0.0224879329  -0.0217480665   0.4986286250
        0.0000319085  -0.0000304981   0.0000105124  -0.0000620594  -0.0000455794
        0.0001067146   0.0000203662  -0.0000417263   0.0000452559   0.0001340246
        0.0000615834   0.0001473934   0.0004177186   0.0002978263   0.0000342763
        0.0023684051   0.0021015998  -0.0001050428   0.0009857041   0.0005193542
        0.0009548691  -0.0142973113  -0.0122445466  -0.0189722393  -0.0065042941
       -0.0119354333  -0.0115255651   0.0887196423   0.0517726837  -0.0994310134
       -0.0627762325   0.0998042355  -0.1742635282   0.0546329617  -0.0636387778
       -0.0787271302
       -0.0755347391  -0.0519280960  -0.0607405057  -0.0079252303  -0.0078094734
       -0.0146932478   0.0003599191  -0.0009936469  -0.0007097657  -0.0001497289
        0.0000919695  -0.0001012327   0.0000295376  -0.0000609904   0.0000319085
        0.0852866143   0.0585151045   0.0738415305  -0.0088728606  -0.0158688977
       -0.0144310269   0.0076900186   0.0155157321   0.0184335619   0.0004281317
       -0.0001423915   0.0006714784  -0.0013516629   0.0021899012  -0.0031135047
       -0.0000968046   0.0007233801   0.0002427469   0.0002473401  -0.0001107104
        0.0002267760  -0.0002896819  -0.0003167684   0.0000662846  -0.0000043700
        0.0000212728   0.0000465265   0.0000313560   0.0000377071   0.0000591649
        0.0000798870   0.0000257792   0.0000825327   0.0000722739   0.0001101283
        0.0000867727
       -0.0516546508  -0.1276362377  -0.1015800388   0.0057105373   0.0092617770
        0.0107376737   0.0000482618   0.0009157422   0.0007361175  -0.0000502181
       -0.0000340082  -0.0001023064   0.0000860944  -0.0000751108  -0.0000304981
        0.0585151045   0.1460852424   0.1174459593  -0.0107198346  -0.0173700318
       -0.0167958629  -0.0042291524  -0.0110243926  -0.0133776562   0.0002610733
        0.0006486635   0.0000726137   0.0022724660  -0.0007233311   0.0027450817
        0.0000013613  -0.0000047437  -0.0000144102  -0.0000503146   0.0000185481
        0.0000044492  -0.0002487900  -0.0001253248  -0.0000300266  -0.0000036455
        0.0000113341   0.0000576245   0.0000018466  -0.0000020794  -0.0000000633
       -0.0000226576   0.0000708737   0.0000292761   0.0000825184  -0.0000169208
        0.0001020668
       -0.0606189869  -0.1020143327  -0.1675041437  -0.0115877470  -0.0105237385
       -0.0199776038   0.0007893836  -0.0005338815   0.0008008263  -0.0000125327
        0.0000151161  -0.0001135098   0.0000171739  -0.0000624565   0.0000105124
        0.0738415305   0.1174459593   0.1951958972   0.0039312291   0.0062196265
        0.0083059387  -0.0041402851  -0.0133621383  -0.0144144991   0.0002117069
       -0.0005180678   0.0001701827  -0.0026546334   0.0029764421  -0.0033814361
       -0.0002189002   0.0005434698   0.0005285771   0.0004125316  -0.0002236759
        0.0001110219  -0.0000841377  -0.0000946208   0.0001761010   0.0000513612
        0.0000146078   0.0000447043  -0.0000178373   0.0000146082   0.0000738734
        0.0000833530  -0.0000307931   0.0000187151  -0.0000032093   0.0001338754
       -0.0000451575
       -0.1283409947  -0.1004496948   0.0579776927   0.0092874502   0.0095637282
       -0.0055363829   0.0003984417  -0.0001308232   0.0000820420  -0.0008767489
        0.0006648720  -0.0002404647  -0.0001277509   0.0000687453  -0.0000620594
       -0.0088728606  -0.0107198346   0.0039312291   0.1490766174   0.1152838464
       -0.0672524076  -0.0195757853  -0.0175510226   0.0127320871  -0.0003851485
        0.0024880168  -0.0024348451   0.0006548571   0.0002952999   0.0002447967
       -0.0000936137  -0.0000252968   0.0000291605  -0.0001065417  -0.0001301036
        0.0000458572  -0.0011436955   0.0008961225   0.0006401957   0.0001316065
       -0.0000597973   0.0000673312  -0.0000653305  -0.0000314915   0.0000162547
        0.0000722671  -0.0000826493  -0.0000004645  -0.0000327696  -0.0000799176
       -0.0002400228
       -0.1005526075  -0.1609917261   0.0663905498  -0.0088910110  -0.0150669605
        0.0108045499  -0.0005658135   0.0001143574   0.0000566994   0.0002422705
       -0.0003078014   0.0005035012   0.0000510756   0.0001312208  -0.0000455794
       -0.0158688977  -0.0173700318   0.0062196265   0.1152838464   0.1846469949
       -0.0799447654   0.0075781419   0.0090444352  -0.0051964290   0.0023002097
       -0.0018389062   0.0032067465  -0.0001991279   0.0008519241  -0.0007109205
       -0.0001491203  -0.0001178862   0.0000621883  -0.0001599063   0.0002466184
       -0.0002065150   0.0011771123   0.0002535966  -0.0010139373  -0.0001878087
        0.0001894026  -0.0001530489  -0.0000227254   0.0000413731  -0.0000107061
       -0.0001073832  -0.0000249022  -0.0001344812   0.0000717452   0.0001982912
        0.0001725213
        0.0580259255   0.0661053748  -0.0830201451   0.0107499075   0.0173534109
       -0.0114529737   0.0003634393  -0.0004017359   0.0004259379   0.0002871662
       -0.0001668925   0.0003154491  -0.0001208965   0.0001898912   0.0001067146
       -0.0144310269  -0.0167958629   0.0083059387  -0.0672524076  -0.0799447654
        0.0959433356   0.0135295754   0.0110486989  -0.0076200897  -0.0024581953
        0.0034439484  -0.0031759185   0.0007173340   0.0001686458   0.0003150984
       -0.0000745007  -0.0000581839  -0.0001143144   0.0001755254  -0.0001485912
        0.0000335711   0.0005737204  -0.0003434363   0.0004425269   0.0000128503
       -0.0000718825  -0.0000938036   0.0000534380  -0.0000855020  -0.0000324616
        0.0000906827  -0.0001027736  -0.0000370220  -0.0002425375  -0.0001903437
       -0.0003418437
       -0.1821281709   0.0806321258   0.0859160866  -0.0151900455   0.0105642303
        0.0057544603  -0.0014966726   0.0019661176  -0.0029405054   0.0001232291
        0.0001878807  -0.0000422301  -0.0000331017   0.0000816446   0.0000203662
        0.0076900186  -0.0042291524  -0.0041402851  -0.0195757853   0.0075781419
        0.0135295754   0.2102866116  -0.0965358954  -0.0984350859   0.0008800230
       -0.0003630426   0.0003202206  -0.0001110707  -0.0002368628   0.0002123545
        0.0000426148  -0.0002487113  -0.0002103101  -0.0007195068   0.0006475696
        0.0002994067   0.0001502229  -0.0000210347  -0.0002097203   0.0000875356
       -0.0000198879  -0.0001070114   0.0000278750  -0.0000256808  -0.0000021877
        0.0000313330  -0.0000023687  -0.0000179319  -0.0000651100   0.0000249262
        0.0000527977
        0.0804880535  -0.0923180773  -0.0517748357   0.0155716024  -0.0101731653
       -0.0058825723   0.0021785517  -0.0017901030   0.0030348850  -0.0002680591
        0.0000490431   0.0001635140  -0.0000015833   0.0000273011  -0.0000417263
        0.0155157321  -0.0110243926  -0.0133621383  -0.0175510226   0.0090444352
        0.0110486989  -0.0965358954   0.1061389554   0.0575884179   0.0002137509
       -0.0000495448  -0.0005235103  -0.0003353635   0.0004338366  -0.0002002693
       -0.0001418576   0.0002864061   0.0002387150   0.0009023699  -0.0006642506
       -0.0002090594   0.0000360588  -0.0001240243  -0.0000832076  -0.0000941855
        0.0000931655  -0.0000574822   0.0000256101   0.0000280722  -0.0000104627
       -0.0000356783  -0.0000019785  -0.0000118746   0.0000319159   0.0000443211
        0.0000829079
        0.0857303067  -0.0517403758  -0.0955757463  -0.0152930447   0.0098767736
        0.0076449400  -0.0020508109   0.0021576769  -0.0020192401   0.0000506976
        0.0000284360  -0.0001709772  -0.0000202580  -0.0000598429   0.0000452559
        0.0184335619  -0.0133776562  -0.0144144991   0.0127320871  -0.0051964290
       -0.0076200897  -0.0984350859   0.0575884179   0.1102249135  -0.0003903580
       -0.0001520042   0.0007453728  -0.0000891246   0.0001790600   0.0005034083
        0.0000260374   0.0001817482  -0.0000422643  -0.0006836786   0.0007150301
        0.0003702459  -0.0000738774  -0.0001416640   0.0001816792  -0.0000087166
       -0.0000796066   0.0000793025  -0.0000030869   0.0000096653   0.0000089105
        0.0000605431   0.0000025849   0.0000745952   0.0000148080   0.0000081857
       -0.0000358071
        0.0079116692   0.0093646492  -0.0068285247  -0.1344485762  -0.0937075981
        0.0630618263  -0.0199385170  -0.0116672185   0.0130469044  -0.0030688929
        0.0032397223   0.0022024829   0.0000647338   0.0000670579   0.0001340246
        0.0004281317   0.0002610733   0.0002117069  -0.0003851485   0.0023002097
       -0.0024581953   0.0008800230   0.0002137509  -0.0003903580   0.1594517756
        0.1034027924  -0.0737957462  -0.0106543610  -0.0126611779   0.0046832461
        0.0007183252  -0.0003360117  -0.0002068444  -0.0001951959  -0.0004572539
       -0.0001298565   0.0000569577   0.0002249239  -0.0002636967  -0.0010363325
       -0.0005322821   0.0006873160   0.0000876094   0.0000936827  -0.0000121905
       -0.0000045362   0.0000057571   0.0000516173   0.0001323347   0.0001879231
        0.0000062877
       -0.0087569388  -0.0148865040   0.0120467751  -0.0935586601  -0.1341069332
        0.0619133153   0.0106255894   0.0076976179  -0.0069893947   0.0020819193
       -0.0010070474  -0.0013190623  -0.0000981947  -0.0000936069   0.0000615834
       -0.0001423915   0.0006486635  -0.0005180678   0.0024880168  -0.0018389062
        0.0034439484  -0.0003630426  -0.0000495448  -0.0001520042   0.1034027924
        0.1581384925  -0.0746009117  -0.0168007965  -0.0164000674   0.0069175575
        0.0003087494   0.0005854690   0.0000672991   0.0001385174   0.0007190148
       -0.0004348505   0.0000591960  -0.0000206711  -0.0001781998   0.0005562845
        0.0003103248  -0.0003856924   0.0000163661   0.0000979237   0.0000790464
       -0.0000200260   0.0000093524  -0.0000133437   0.0000626190   0.0001964223
        0.0000620019
        0.0113108699   0.0179447469  -0.0125755696   0.0628188682   0.0620955451
       -0.0887270153   0.0131856058   0.0075277662  -0.0076587830   0.0021389641
       -0.0021762594  -0.0007617265  -0.0002384897  -0.0001159583   0.0001473934
        0.0006714784   0.0000726137   0.0001701827  -0.0024348451   0.0032067465
       -0.0031759185   0.0003202206  -0.0005235103   0.0007453728  -0.0737957462
       -0.0746009117   0.1033011148  -0.0139313722  -0.0143780861   0.0083714128
        0.0000923509   0.0004472216  -0.0001834836  -0.0005729153   0.0001178795
        0.0006250194  -0.0002375380  -0.0001192077   0.0001683660   0.0006673719
        0.0003578073  -0.0004665783  -0.0001075045   0.0000568217   0.0000745049
        0.0000467165  -0.0000559767   0.0000470869   0.0000659646   0.0001427618
       -0.0001013789
       -0.0079664649  -0.0073263623  -0.0140421981  -0.0790007312  -0.0565617389
       -0.0625602676   0.0072256955   0.0137609523   0.0149922411   0.0006800790
       -0.0000538427  -0.0001497078  -0.0009358692   0.0001476062   0.0004177186
       -0.0013516629   0.0022724660  -0.0026546334   0.0006548571  -0.0001991279
        0.0007173340  -0.0001110707  -0.0003353635  -0.0000891246  -0.0106543610
       -0.0168007965  -0.0139313722   0.0946661858   0.0630579983   0.0740758481
       -0.0025142164   0.0032304360   0.0028327695   0.0005559120  -0.0001657576
        0.0002204341  -0.0000231384  -0.0000077695  -0.0000417676   0.0000562720
       -0.0000677625  -0.0002352403   0.0001510936  -0.0000393260  -0.0000733461
       -0.0002872869   0.0002441442  -0.0000922711  -0.0011452935  -0.0011557558
        0.0006135834
        0.0067676076   0.0084706347   0.0112774593  -0.0568155547  -0.1273157283
       -0.0961711216  -0.0035609766  -0.0131925042  -0.0146638074  -0.0005390075
        0.0004470729   0.0002833105  -0.0006558364   0.0002107576   0.0002978263
        0.0021899012  -0.0007233311   0.0029764421   0.0002952999   0.0008519241
        0.0001686458  -0.0002368628   0.0004338366   0.0001790600  -0.0126611779
       -0.0164000674  -0.0143780861   0.0630579983   0.1494286818   0.1112741244
        0.0032334050  -0.0020631957  -0.0019942656  -0.0003075923  -0.0000993415
       -0.0000570480   0.0000063723  -0.0001075479   0.0000787277  -0.0002337669
       -0.0000095931   0.0001255769   0.0000137682  -0.0001154191   0.0001516706
        0.0003179165  -0.0001205476   0.0001041026  -0.0008714937   0.0003043683
        0.0003473825
       -0.0123446448  -0.0106184620  -0.0190498601  -0.0622624308  -0.0959929895
       -0.1546719511  -0.0032137181  -0.0120791191  -0.0120669331  -0.0007469725
       -0.0001645192   0.0000102172   0.0000356110  -0.0004040093   0.0000342763
       -0.0031135047   0.0027450817  -0.0033814361   0.0002447967  -0.0007109205
        0.0003150984   0.0002123545  -0.0002002693   0.0005034083   0.0046832461
        0.0069175575   0.0083714128   0.0740758481   0.1112741244   0.1798055749
        0.0024252368  -0.0024108134  -0.0011179208  -0.0002155243   0.0003874180
        0.0005156190  -0.0000423152  -0.0000808063  -0.0001648804  -0.0002550462
        0.0001849235   0.0001573305  -0.0002094831   0.0000932349   0.0001731590
        0.0000539412   0.0000413326   0.0001704149   0.0006726053   0.0010182360
        0.0003964703
        0.0007616304   0.0001164409   0.0009831865   0.0063770261   0.0138155394
        0.0149082702  -0.0811654308  -0.0547444230  -0.0662893099  -0.0132221883
       -0.0159139017  -0.0132266322  -0.0032321345  -0.0029548868   0.0023684051
       -0.0000968046   0.0000013613  -0.0002189002  -0.0000936137  -0.0001491203
       -0.0000745007   0.0000426148  -0.0001418576   0.0000260374   0.0007183252
        0.0003087494   0.0000923509  -0.0025142164   0.0032334050   0.0024252368
        0.0991721809   0.0645002699   0.0728764546  -0.0065274658  -0.0075167870
       -0.0130052788   0.0005542939   0.0002995552  -0.0002258342  -0.0001955400
       -0.0001604195  -0.0005681271  -0.0007205869  -0.0009261188  -0.0006512618
        0.0002477212   0.0000646083   0.0004093739  -0.0001058115   0.0001675854
        0.0001705296
       -0.0009918544   0.0003947372  -0.0005020507  -0.0042870024  -0.0142401438
       -0.0164252512  -0.0549134525  -0.1235704167  -0.0917950380  -0.0118072874
       -0.0129880516  -0.0114924900  -0.0031230536  -0.0015768760   0.0021015998
        0.0007233801  -0.0000047437   0.0005434698  -0.0000252968  -0.0001178862
       -0.0000581839  -0.0002487113   0.0002864061   0.0001817482  -0.0003360117
        0.0005854690   0.0004472216   0.0032304360  -0.0020631957  -0.0024108134
        0.0645002699   0.1435457270   0.1084099059   0.0070381361   0.0095229138
        0.0117958987   0.0001735297  -0.0001107901  -0.0003638405   0.0004530160
        0.0007319703  -0.0001222684  -0.0006371301  -0.0006807896  -0.0006776152
        0.0001185187   0.0000264108   0.0002261405   0.0001325137   0.0002592593
        0.0001415667
       -0.0004037245   0.0008860002   0.0009418115  -0.0026410367  -0.0121861302
       -0.0126018297  -0.0667357358  -0.0914383097  -0.1519148428   0.0053684534
        0.0067564495   0.0070636429   0.0014583487   0.0011656190  -0.0001050428
        0.0002427469  -0.0000144102   0.0005285771   0.0000291605   0.0000621883
       -0.0001143144  -0.0002103101   0.0002387150  -0.0000422643  -0.0002068444
        0.0000672991  -0.0001834836   0.0028327695  -0.0019942656  -0.0011179208
        0.0728764546   0.1084099059   0.1770351425  -0.0132651394  -0.0129078435
       -0.0211407892   0.0002136058   0.0000786148   0.0005251961  -0.0001453278
        0.0004320508   0.0006158716   0.0003227523   0.0002466256   0.0003869654
        0.0002226896  -0.0000012856   0.0001023812   0.0000411374   0.0001987764
        0.0000208992
       -0.0032338223   0.0030355982   0.0022589377  -0.0132235933   0.0154252315
       -0.0137978868  -0.0811912863   0.0523219556  -0.0682394562   0.0063835653
       -0.0132614101   0.0153896611   0.0007631958  -0.0000818778   0.0009857041
        0.0002473401  -0.0000503146   0.0004125316  -0.0001065417  -0.0001599063
        0.0001755254  -0.0007195068   0.0009023699  -0.0006836786  -0.0001951959
        0.0001385174  -0.0005729153   0.0005559120  -0.0003075923  -0.0002155243
       -0.0065274658   0.0070381361  -0.0132651394   0.0991926474  -0.0618337339
        0.0751872405  -0.0025128569  -0.0031433051   0.0025395778   0.0007166517
       -0.0003038379   0.0001018714   0.0000424487   0.0001430198   0.0000207720
       -0.0000980469  -0.0000092394  -0.0002175726  -0.0000934452   0.0001463890
       -0.0000796484
        0.0031750392  -0.0016898607  -0.0020424865   0.0119899914  -0.0127847318
        0.0122052334   0.0524749549  -0.1169683921   0.0905172143   0.0041945874
       -0.0132061419   0.0164481431   0.0009771042   0.0003826723   0.0005193542
       -0.0001107104   0.0000185481  -0.0002236759  -0.0001301036   0.0002466184
       -0.0001485912   0.0006475696  -0.0006642506   0.0007150301  -0.0004572539
        0.0007190148   0.0001178795  -0.0001657576  -0.0000993415   0.0003874180
       -0.0075167870   0.0095229138  -0.0129078435  -0.0618337339   0.1357331133
       -0.1068997303  -0.0031259832  -0.0019042568   0.0024412330   0.0003275151
        0.0005642310  -0.0004732039   0.0002412076   0.0002713644  -0.0001932610
       -0.0007145804  -0.0000215178  -0.0005209772   0.0000269404  -0.0001199830
        0.0000582639
        0.0013451405  -0.0011078542   0.0000106551   0.0049379100  -0.0060372217
        0.0068657753  -0.0686934809   0.0901623051  -0.1584949634  -0.0028009346
        0.0122064551  -0.0136320877  -0.0004394532  -0.0008663549   0.0009548691
        0.0002267760   0.0000044492   0.0001110219   0.0000458572  -0.0002065150
        0.0000335711   0.0002994067  -0.0002090594   0.0003702459  -0.0001298565
       -0.0004348505   0.0006250194   0.0002204341  -0.0000570480   0.0005156190
       -0.0130052788   0.0117958987  -0.0211407892   0.0751872405  -0.1068997303
        0.1848168089   0.0029462965   0.0020218669  -0.0012781973  -0.0002189443
       -0.0000944241  -0.0001645135  -0.0002194784  -0.0002505846  -0.0000259822
        0.0002699924   0.0000340808   0.0005463358   0.0000283729  -0.0000614131
       -0.0001133883
       -0.0009351396  -0.0001304351   0.0004222943   0.0006808603   0.0000479043
       -0.0001511254   0.0072302555  -0.0132126849   0.0154643037  -0.0790574588
        0.0543489770  -0.0645664281  -0.0079868731   0.0068268131  -0.0142973113
       -0.0002896819  -0.0002487900  -0.0000841377  -0.0011436955   0.0011771123
        0.0005737204   0.0001502229   0.0000360588  -0.0000738774   0.0000569577
        0.0000591960  -0.0002375380  -0.0000231384   0.0000063723  -0.0000423152
        0.0005542939   0.0001735297   0.0002136058  -0.0025128569  -0.0031259832
        0.0029462965   0.0947437591  -0.0604392016   0.0763114959  -0.0106560286
        0.0162906131  -0.0145074504  -0.0001103446   0.0003334972  -0.0001019016
       -0.0013535445  -0.0023672959  -0.0025780480   0.0006524127   0.0002243167
        0.0007084164
        0.0006575760   0.0002152006  -0.0003033069   0.0005126846   0.0004431709
       -0.0002990959   0.0034510243  -0.0122371008   0.0146690923   0.0546121668
       -0.1205389877   0.0949360120  -0.0072097443   0.0084153362  -0.0122445466
       -0.0003167684  -0.0001253248  -0.0000946208   0.0008961225   0.0002535966
       -0.0003434363  -0.0000210347  -0.0001240243  -0.0001416640   0.0002249239
       -0.0000206711  -0.0001192077  -0.0000077695  -0.0001075479  -0.0000808063
        0.0002995552  -0.0001107901   0.0000786148  -0.0031433051  -0.0019042568
        0.0020218669  -0.0604392016   0.1415706419  -0.1098952377   0.0128255339
       -0.0161055121   0.0152421285   0.0002438922   0.0004385123  -0.0001789543
       -0.0023006305  -0.0009292237  -0.0030617572  -0.0002850251   0.0008669809
       -0.0001850808
        0.0000125210   0.0003976146   0.0000319961  -0.0007669367   0.0001493524
        0.0000151985  -0.0033436476   0.0120920270  -0.0130273124  -0.0642813134
        0.0947551883  -0.1614014160  -0.0121053445   0.0096444050  -0.0189722393
        0.0000662846  -0.0000300266   0.0001761010   0.0006401957  -0.0010139373
        0.0004425269  -0.0002097203  -0.0000832076   0.0001816792  -0.0002636967
       -0.0001781998   0.0001683660  -0.0000417676   0.0000787277  -0.0001648804
       -0.0002258342  -0.0003638405   0.0005251961   0.0025395778   0.0024412330
       -0.0012781973   0.0763114959  -0.1098952377   0.1875937325   0.0042389953
       -0.0060557896   0.0080800308   0.0002061916   0.0002036579   0.0005066556
       -0.0030316227  -0.0028315415  -0.0031719172   0.0002546217   0.0006895748
        0.0002944800
        0.0000652804  -0.0000619690   0.0001359670  -0.0030667863  -0.0031575876
        0.0023197005  -0.0199272215   0.0121206556   0.0126267837  -0.1343810091
        0.0958592386   0.0597125739   0.0079171879  -0.0096085346  -0.0065042941
       -0.0000043700  -0.0000036455   0.0000513612   0.0001316065  -0.0001878087
        0.0000128503   0.0000875356  -0.0000941855  -0.0000087166  -0.0010363325
        0.0005562845   0.0006673719   0.0000562720  -0.0002337669  -0.0002550462
       -0.0001955400   0.0004530160  -0.0001453278   0.0007166517   0.0003275151
       -0.0002189443  -0.0106560286   0.0128255339   0.0042389953   0.1593726586
       -0.1059291755  -0.0700970151   0.0008759240  -0.0002229317  -0.0003797185
        0.0004322941  -0.0002553038   0.0002202516  -0.0003881227  -0.0023873348
       -0.0023767926
        0.0000901651  -0.0000918547  -0.0000537414  -0.0020034762  -0.0008825833
        0.0013241954  -0.0101463627   0.0076593862   0.0064464949   0.0957040558
       -0.1384699771  -0.0601957848   0.0091525530  -0.0159430102  -0.0119354333
        0.0000212728   0.0000113341   0.0000146078  -0.0000597973   0.0001894026
       -0.0000718825  -0.0000198879   0.0000931655  -0.0000796066  -0.0005322821
        0.0003103248   0.0003578073  -0.0000677625  -0.0000095931   0.0001849235
       -0.0001604195   0.0007319703   0.0004320508  -0.0003038379   0.0005642310
       -0.0000944241   0.0162906131  -0.0161055121  -0.0060557896  -0.1059291755
        0.1633767716   0.0725222807   0.0003738001  -0.0000256920   0.0001796796
        0.0001667300   0.0006684434   0.0005025603  -0.0025761883  -0.0020768068
       -0.0034779378
       -0.0002422987   0.0001249965   0.0001456736   0.0022103797   0.0021816932
       -0.0008888586   0.0135591040  -0.0080812427  -0.0076295943   0.0594764438
       -0.0603716628  -0.0844336850   0.0109817557  -0.0178202045  -0.0115255651
        0.0000465265   0.0000576245   0.0000447043   0.0000673312  -0.0001530489
       -0.0000938036  -0.0001070114  -0.0000574822   0.0000793025   0.0006873160
       -0.0003856924  -0.0004665783  -0.0002352403   0.0001255769   0.0001573305
       -0.0005681271  -0.0001222684   0.0006158716   0.0001018714  -0.0004732039
       -0.0001645135  -0.0145074504   0.0152421285   0.0080800308  -0.0700970151
        0.0725222807   0.0981424014   0.0003053471   0.0005498095   0.0007173437
        0.0006685965  -0.0000903105   0.0001558284  -0.0023475289  -0.0032489936
       -0.0029358884
       -0.0000335302  -0.0000812369   0.0000232163   0.0001227409  -0.0001894053
       -0.0000355628  -0.0014989316  -0.0020753003  -0.0028691529  -0.0151787157
       -0.0103778666   0.0061423041  -0.1816490720  -0.0776456641   0.0887196423
        0.0000313560   0.0000018466  -0.0000178373  -0.0000653305  -0.0000227254
        0.0000534380   0.0000278750   0.0000256101  -0.0000030869   0.0000876094
        0.0000163661  -0.0001075045   0.0001510936   0.0000137682  -0.0002094831
       -0.0007205869  -0.0006371301   0.0003227523   0.0000424487   0.0002412076
       -0.0002194784  -0.0001103446   0.0002438922   0.0002061916   0.0008759240
        0.0003738001   0.0003053471   0.2097367685   0.0931190354  -0.1017895475
        0.0077262610   0.0041271082  -0.0043363478  -0.0195455655  -0.0071333058
        0.0138151094
        0.0000010384   0.0000309090   0.0000422901   0.0002695958   0.0000419851
       -0.0001702136  -0.0022483142  -0.0019755978  -0.0030359997  -0.0160898947
       -0.0103148864   0.0065385415  -0.0775126693  -0.0889416636   0.0517726837
        0.0000377071  -0.0000020794   0.0000146082  -0.0000314915   0.0000413731
       -0.0000855020  -0.0000256808   0.0000280722   0.0000096653   0.0000936827
        0.0000979237   0.0000568217  -0.0000393260  -0.0001154191   0.0000932349
       -0.0009261188  -0.0006807896   0.0002466256   0.0001430198   0.0002713644
       -0.0002505846   0.0003334972   0.0004385123   0.0002036579  -0.0002229317
       -0.0000256920   0.0005498095   0.0931190354   0.1023905378  -0.0575889299
       -0.0148280902  -0.0101204347   0.0132323139   0.0179269407   0.0088358850
       -0.0116290225
       -0.0000202234   0.0000603927   0.0000411684   0.0000407491  -0.0000355730
       -0.0001633357  -0.0019718536  -0.0021599437  -0.0018322948  -0.0147023194
       -0.0092547528   0.0077752449   0.0885303051   0.0517385770  -0.0994310134
        0.0000591649  -0.0000000633   0.0000738734   0.0000162547  -0.0000107061
       -0.0000324616  -0.0000021877  -0.0000104627   0.0000089105  -0.0000121905
        0.0000790464   0.0000745049  -0.0000733461   0.0001516706   0.0001731590
       -0.0006512618  -0.0006776152   0.0003869654   0.0000207720  -0.0001932610
       -0.0000259822  -0.0001019016  -0.0001789543   0.0005066556  -0.0003797185
        0.0001796796   0.0007173437  -0.1017895475  -0.0575889299   0.1145237495
        0.0189039757   0.0132455859  -0.0153559692   0.0121333286   0.0046553099
       -0.0074405183
        0.0000296048   0.0000618640   0.0000296105  -0.0001496812  -0.0000951084
       -0.0000964900   0.0003588228   0.0009676252  -0.0007437690  -0.0079626349
        0.0072956467  -0.0149582664  -0.0758622517   0.0500137365  -0.0627762325
        0.0000798870  -0.0000226576   0.0000833530   0.0000722671  -0.0001073832
        0.0000906827   0.0000313330  -0.0000356783   0.0000605431  -0.0000045362
       -0.0000200260   0.0000467165  -0.0002872869   0.0003179165   0.0000539412
        0.0002477212   0.0001185187   0.0002226896  -0.0000980469  -0.0007145804
        0.0002699924  -0.0013535445  -0.0023006305  -0.0030316227   0.0004322941
        0.0001667300   0.0006685965   0.0077262610  -0.0148280902   0.0189039757
        0.0856620720  -0.0561807501   0.0761397422  -0.0089222806   0.0153628670
       -0.0149634626
       -0.0000854586  -0.0000714904   0.0000335993   0.0000503916  -0.0000310329
        0.0000984285  -0.0000198803   0.0009046232  -0.0007390885  -0.0061464701
        0.0092203098  -0.0117586830   0.0497447804  -0.1205413335   0.0998042355
        0.0000257792   0.0000708737  -0.0000307931  -0.0000826493  -0.0000249022
       -0.0001027736  -0.0000023687  -0.0000019785   0.0000025849   0.0000057571
        0.0000093524  -0.0000559767   0.0002441442  -0.0001205476   0.0000413326
        0.0000646083   0.0000264108  -0.0000012856  -0.0000092394  -0.0000215178
        0.0000340808  -0.0023672959  -0.0009292237  -0.0028315415  -0.0002553038
        0.0006684434  -0.0000903105   0.0041271082  -0.0101204347   0.0132455859
       -0.0561807501   0.1379059205  -0.1152817363   0.0108868474  -0.0169434725
        0.0176323414
        0.0000197278   0.0000652483   0.0000075980  -0.0000136259  -0.0000179144
       -0.0001168063   0.0007887104   0.0005271736   0.0008056348  -0.0114077708
        0.0094869961  -0.0199004649  -0.0626402327   0.1002348877  -0.1742635282
        0.0000825327   0.0000292761   0.0000187151  -0.0000004645  -0.0001344812
       -0.0000370220  -0.0000179319  -0.0000118746   0.0000745952   0.0000516173
       -0.0000133437   0.0000470869  -0.0000922711   0.0001041026   0.0001704149
        0.0004093739   0.0002261405   0.0001023812  -0.0002175726  -0.0005209772
        0.0005463358  -0.0025780480  -0.0030617572  -0.0031719172   0.0002202516
        0.0005025603   0.0001558284  -0.0043363478   0.0132323139  -0.0153559692
        0.0761397422  -0.1152817363   0.2029883188   0.0035923094  -0.0053666147
        0.0079287989
       -0.0001279990  -0.0000709469  -0.0000597630  -0.0008780710  -0.0006745683
       -0.0002206179   0.0004000736   0.0001341266   0.0000781757   0.0092977229
       -0.0097463528  -0.0052187189  -0.1284066466   0.1023272263   0.0546329617
        0.0000722739   0.0000825184  -0.0000032093  -0.0000327696   0.0000717452
       -0.0002425375  -0.0000651100   0.0000319159   0.0000148080   0.0001323347
        0.0000626190   0.0000659646  -0.0011452935  -0.0008714937   0.0006726053
       -0.0001058115   0.0001325137   0.0000411374  -0.0000934452   0.0000269404
        0.0000283729   0.0006524127  -0.0002850251   0.0002546217  -0.0003881227
       -0.0025761883  -0.0023475289  -0.0195455655   0.0179269407   0.0121333286
       -0.0089222806   0.0108868474   0.0035923094   0.1491562975  -0.1174588184
       -0.0634219097
       -0.0000550955   0.0001263432   0.0000445458  -0.0002322213  -0.0003196056
       -0.0004818674   0.0005803915   0.0001294867  -0.0000457503   0.0092658547
       -0.0160427070  -0.0106675140   0.1024320672  -0.1652116162  -0.0636387778
        0.0001101283  -0.0000169208   0.0001338754  -0.0000799176   0.0001982912
       -0.0001903437   0.0000249262   0.0000443211   0.0000081857   0.0001879231
        0.0001964223   0.0001427618  -0.0011557558   0.0003043683   0.0010182360
        0.0001675854   0.0002592593   0.0001987764   0.0001463890  -0.0001199830
       -0.0000614131   0.0002243167   0.0008669809   0.0006895748  -0.0023873348
       -0.0020768068  -0.0032489936  -0.0071333058   0.0088358850   0.0046553099
        0.0153628670  -0.0169434725  -0.0053666147  -0.1174588184   0.1897697539
        0.0768100088
       -0.0001194004  -0.0001907653   0.0001108766   0.0002957824   0.0001885618
        0.0003268073   0.0003455292   0.0004151051   0.0004157568   0.0104278739
       -0.0171704927  -0.0104858856   0.0546785543  -0.0633594289  -0.0787271302
        0.0000867727   0.0001020668  -0.0000451575  -0.0002400228   0.0001725213
       -0.0003418437   0.0000527977   0.0000829079  -0.0000358071   0.0000062877
        0.0000620019  -0.0001013789   0.0006135834   0.0003473825   0.0003964703
        0.0001705296   0.0001415667   0.0000208992  -0.0000796484   0.0000582639
       -0.0001133883   0.0007084164  -0.0001850808   0.0002944800  -0.0023767926
       -0.0034779378  -0.0029358884   0.0138151094  -0.0116290225  -0.0074405183
       -0.0149634626   0.0176323414   0.0079287989  -0.0634219097   0.0768100088
        0.0907329089
