           1           2   1.02010274299877     
           2           3   1.00778028263793     
           3           4   1.00777932545567     
           4           5   1.02010875671088     
           1           6  0.987817172966492     
           1           7  0.985994646228260     
           1           8  0.987655148553876     
           2           9  0.978586810237936     
           2          10  0.976405422704135     
           3          11  0.977681456073677     
           3          12  0.977679110104373     
           4          13  0.976405757670339     
           4          14  0.978585757821647     
           5          15  0.987655043721572     
           5          16  0.987823864522548     
           5          17  0.985980348345926     
