$coord
         -8.424542596936          0.475798359136         -0.198114652735     c 
         -5.971848735904         -1.004548524818          0.077073078688     c 
         -3.630531872817          0.678512305876         -0.066325151236     c 
         -1.172349372685         -0.819570606076          0.125277156278     c 
          1.177960171985          0.853336231228          0.129274778739     c 
          3.631022799430         -0.670348085819          0.162576883028     c 
          5.993460112024          0.995181547673          0.154498506228     c 
          8.398572179009         -0.504821417307         -0.338315143209     c 
         -8.452659010896          1.576841870529         -1.939840639033     h 
         -8.677684726475          1.810365033070          1.352147742705     h 
        -10.073526380366         -0.758760367745         -0.220158862835     h 
         -5.969910172255         -2.028408212779          1.879355254986     h 
         -5.845701605734         -2.466172001609         -1.388558486054     h 
         -3.655375760856          1.758601124508         -1.837931076441     h 
         -3.700939448532          2.105146946224          1.437749916918     h 
         -1.194312316066         -1.998289626807          1.830695578642     h 
         -1.057608046687         -2.168990959475         -1.448255212063     h 
          1.154904401788          2.085032461334         -1.540777540781     h 
          1.125333573102          2.149654618190          1.750877546023     h 
          3.661460560871         -1.935686504934          1.806913951480     h 
          3.669198783599         -1.932634149850         -1.485140050803     h 
          5.782990820316          2.475342124868         -1.287198869052     h 
          6.124224734260          2.015995668257          1.959606810391     h 
          8.327301140075         -1.447992054874         -2.169606979899     h 
          8.687463610020         -1.968790237132          1.080806090005     h 
         10.074072524016          0.686560859021         -0.328210595255     h 
$end
