   42
          2          1          2
          4          3          6
          9          7         15
          4         16         19
          3         20         22
          2         23         24
          1         25         25
          2         26         27
          7         28         34
          1         35         35
          1         36         36
          3         37         39
          1         40         40
          2         41         42
          3         43         45
          3         46         48
          1         49         49
          3         50         52
          2         53         54
          5         55         59
          3         60         62
          2         63         64
          1         65         65
          1         66         66
          1         67         67
          1         68         68
          1         69         69
          2         70         71
          2         72         73
          1         74         74
          1         75         75
          1         76         76
          1         77         77
          2         78         79
          2         80         81
          1         82         82
          1         83         83
          2         84         85
          1         86         86
          1         87         87
          1         88         88
          1         89         89
