   -0.10206022
   -0.05274677
   -0.05905145
   -0.05887177
   -0.05793780
   -0.05805664
   -0.05858279
   -0.05845971
   -0.05883167
   -0.05285426
   -0.10207244
    0.03309663
    0.03244589
    0.03309313
    0.02834508
    0.02825702
    0.02871826
    0.02921972
    0.03092441
    0.02883739
    0.02839023
    0.02949431
    0.02941703
    0.02836703
    0.02931702
    0.03133087
    0.02756716
    0.02804177
    0.02952557
    0.02955343
    0.02834204
    0.02841696
    0.03317126
    0.03250297
    0.03315034
