           1           2   1.01907848514414     
           2           3   1.00778713738319     
           3           4   1.00690985864408     
           4           5   1.00804707401692     
           5           6   1.00589292392291     
           6           7   1.00798425833685     
           7           8   1.00669474357866     
           8           9   1.00705288070731     
           9          10   1.00783000806659     
          10          11   1.01902125869060     
           1          12  0.988032782448152     
           1          13  0.987566123325128     
           1          14  0.988047417890072     
           2          15  0.978688568072676     
           2          16  0.978579010341643     
           3          17  0.977527136862051     
           3          18  0.977587945739364     
           4          19  0.975062995962300     
           4          20  0.977379458492672     
           5          21  0.977264427336871     
           5          22  0.977360910038094     
           6          23  0.977368431912927     
           6          24  0.977251677033321     
           7          25  0.977394830442332     
           7          26  0.975028058772784     
           8          27  0.977599679574568     
           8          28  0.977538275007055     
           9          29  0.977363734226242     
           9          30  0.977599244953868     
          10          31  0.978722169358745     
          10          32  0.978614055625711     
          11          33  0.987990451226452     
          11          34  0.987581692585246     
          11          35  0.988050945475576     
