$coord
          8.133749136348          0.982251533257         -0.227775692780     c 
          5.863390832403         -0.645013931627          0.453784550946     c 
          3.352513882588          0.553670929851         -0.319694489329     c 
          1.061681073181         -1.036485121829          0.438190563971     c 
         -1.442915458612          0.116573649631         -0.421193158413     c 
         -3.722082149562         -1.552967644339          0.194328112852     c 
         -6.221609106181         -0.478126328595         -0.789288669358     c 
         -7.098045104206          1.861726384652          0.644193422068     c 
          8.230583532255          1.318955183184         -2.261682330794     h 
          9.911667293678          0.105689361066          0.347904820778     h 
          8.039095146492          2.825947069608          0.700306144485     h 
          6.032109579879         -2.515887966161         -0.431531333187     h 
          5.842888735808         -1.027638471842          2.495833113653     h 
          3.194107455411          2.443269020290          0.517864391792     h 
          3.335701194908          0.866674475770         -2.368636736393     h 
          1.254304377516         -2.946300232931         -0.348854947773     h 
          1.040723486115         -1.309616587833          2.494384460700     h 
         -1.676453047132          1.994121318819          0.424510150342     h 
         -1.374315276700          0.450719012756         -2.467462773060     h 
         -3.399397706167         -3.443789727850         -0.597458720165     h 
         -3.844336226579         -1.842911707695          2.242815152526     h 
         -6.019428966581         -0.048712514026         -2.810140404370     h 
         -7.699490490200         -1.936791885199         -0.697001141546     h 
         -7.427918159408          1.437731477917          2.639839196038     h 
         -8.865799770761          2.612528502075         -0.118633127962     h 
         -5.700334230348          3.379966866301          0.565125680571     h 
$end
