   37
          1          1          1
          4          2          5
          5          6         10
          5         11         15
          1         16         16
          1         17         17
          2         18         19
          2         20         21
          2         22         23
          3         24         26
          2         27         28
          2         29         30
          2         31         32
          1         33         33
          2         34         35
          1         36         36
          1         37         37
          6         38         43
          2         44         45
          4         46         49
          1         50         50
          1         51         51
          1         52         52
          1         53         53
          2         54         55
          1         56         56
          2         57         58
          1         59         59
          2         60         61
          2         62         63
          1         64         64
          1         65         65
          1         66         66
          1         67         67
          4         68         71
          2         72         73
          1         74         74
