           1           2   1.02654301554746     
           2           3   1.01245353643567     
           3           4   1.01292579256101     
           4           5   1.01114369783324     
           5           6   1.01284176960159     
           6           7   1.01120824198236     
           7           8   1.02644649624861     
           1           9  0.981017948483422     
           1          10  0.982346821568724     
           1          11  0.981014691522029     
           2          12  0.975879708957138     
           2          13  0.975482326735020     
           3          14  0.974466121084768     
           3          15  0.972189279949665     
           4          16  0.974675107915382     
           4          17  0.975639356581348     
           5          18  0.973218365724408     
           5          19  0.974403035223306     
           6          20  0.973556126023990     
           6          21  0.974482314871915     
           7          22  0.975869548427594     
           7          23  0.977351060768114     
           8          24  0.981009637303006     
           8          25  0.982070327427730     
           8          26  0.978544893715041     
