$coord
         10.162724915466          3.195880803722          0.831461280290     c 
          8.364640897268          1.764455451279         -0.899702894074     c 
          6.208169599540          0.499291061751          0.548108684980     c 
          4.395602589575         -0.977755704582         -1.155617811317     c 
          2.139092007846         -2.043675073642          0.296533212897     c 
          0.270434069106         -3.474280384422         -1.389006916510     c 
         -1.971405794535         -4.599905132734          0.063681377956     c 
         -3.450438958583         -2.659702076956          1.624764103242     c 
         -4.583821310840         -0.525120800353          0.040411973107     c 
         -5.789951077074          1.564981981652          1.639681100998     c 
         -6.811805126509          3.772929600187          0.074200636097     c 
         -9.013829554581          3.032480542153         -1.623607744596     c 
          9.172716675127          4.653807097266          1.900479460323     h 
         11.678423377641          4.141939868882         -0.207953109890     h 
         11.045787620579          1.928587424562          2.202902308387     h 
          7.573513502640          3.052635382707         -2.319424909717     h 
          9.402316718976          0.332454456943         -1.991526292343     h 
          5.149680173143          1.937239007587          1.603215818080     h 
          6.994229128251         -0.766762521126          1.989551438964     h 
          3.721839287463          0.249725846874         -2.686607485363     h 
          5.415214956894         -2.516011501515         -2.107197090820     h 
          2.810379861372         -3.291464132642          1.812188146936     h 
          1.164579753484         -0.487019858336          1.259296828817     h 
          1.287127246549         -4.968233755736         -2.415665503465     h 
         -0.426014970674         -2.203247439242         -2.875949560644     h 
         -3.276013964772         -5.520475157228         -1.263412347311     h 
         -1.291184540507         -6.124709357503          1.297028282357     h 
         -2.219403358905         -1.840771062611          3.071457892578     h 
         -4.959103714888         -3.601259282003          2.689121693740     h 
         -5.972491495950         -1.311357588193         -1.285524674851     h 
         -3.114017530912          0.315477834403         -1.154681980477     h 
         -7.322429181292          0.758776182295          2.782414480925     h 
         -4.396949299182          2.254517431267          3.017316316842     h 
         -5.274633476503          4.577508828327         -1.066814757308     h 
         -7.406654855879          5.308669312434          1.344164752469     h 
         -8.424263680189          1.750302190234         -3.129312303594     h 
         -9.885148279614          4.671990283369         -2.524906434566     h 
        -10.487147354178          2.065267970321         -0.546812434646     h 
$end
