   -0.07112128
   -0.05113281
   -0.05179110
   -0.05128920
   -0.05130212
   -0.05081968
   -0.05082051
   -0.05129687
   -0.05132915
   -0.05179316
   -0.05116388
   -0.07112888
    0.02325486
    0.02530911
    0.02532804
    0.02484245
    0.02338356
    0.02597154
    0.02436291
    0.02717919
    0.02776707
    0.02707864
    0.02420703
    0.02406529
    0.02452370
    0.02414976
    0.02460979
    0.02726527
    0.02420433
    0.02673981
    0.02817070
    0.02434582
    0.02610361
    0.02340911
    0.02497189
    0.02326688
    0.02525140
    0.02522687
