           1           2   1.02654305947426     
           2           3   1.01150648260919     
           3           4   1.01242925668466     
           4           5   1.01250887983565     
           5           6   1.01137634345906     
           6           7   1.01094801131793     
           7           8   1.01142239883116     
           8           9   1.01261728559808     
           9          10   1.01267596445885     
          10          11   1.01144112656725     
          11          12   1.02667665012337     
           1          13  0.982190455375587     
           1          14  0.981091826791464     
           1          15  0.979072838941449     
           2          16  0.975779850115362     
           2          17  0.977199066817150     
           3          18  0.974556734676041     
           3          19  0.975987947937928     
           4          20  0.972906320970196     
           4          21  0.972928426090507     
           5          22  0.972816754072143     
           5          23  0.975556843907671     
           6          24  0.975953063274688     
           6          25  0.974442804632084     
           7          26  0.975868432844056     
           7          27  0.974538739718069     
           8          28  0.972909004109941     
           8          29  0.975160872491319     
           9          30  0.974475461410519     
           9          31  0.970601351278046     
          10          32  0.975760222341949     
          10          33  0.974532857878941     
          11          34  0.977267230592386     
          11          35  0.975766396458417     
          12          36  0.982155575284870     
          12          37  0.978626346309792     
          12          38  0.981005713377140     
