   -0.10202263
   -0.05257876
   -0.05907829
   -0.05683082
   -0.05809912
   -0.05720441
   -0.05802511
   -0.05765724
   -0.05753287
   -0.05804106
   -0.05743861
   -0.05193219
   -0.09928204
    0.03237781
    0.03303190
    0.03300218
    0.02805404
    0.02851616
    0.02881519
    0.02881945
    0.02724613
    0.02922622
    0.02826659
    0.02758879
    0.02695473
    0.03300590
    0.03344253
    0.02631018
    0.02655417
    0.02682129
    0.02569594
    0.03387817
    0.02555440
    0.03788586
    0.02786590
    0.02568165
    0.02543767
    0.02982260
    0.03481999
    0.02893591
    0.03211184
