           1           2   1.01909366770129     
           2           3   1.00778022358474     
           3           4   1.00693102464653     
           4           5   1.00795363709807     
           5           6   1.00567092670937     
           6           7   1.00940438560443     
           7           8   1.00655469332648     
           8           9   1.00661799018812     
           9          10   1.00937552526854     
          10          11   1.00684930422944     
          11          12   1.00757741487841     
          12          13   1.01999563592326     
           1          14  0.987558633875414     
           1          15  0.988001756559036     
           1          16  0.988049859829356     
           2          17  0.978742911455439     
           2          18  0.978552942025168     
           3          19  0.977785321045764     
           3          20  0.977278381878995     
           4          21  0.976787957675394     
           4          22  0.975476910821856     
           5          23  0.977377870248086     
           5          24  0.977362755772450     
           6          25  0.977573911782426     
           6          26  0.973107665120559     
           7          27  0.972327552716533     
           7          28  0.977077060455448     
           8          29  0.977660130478870     
           8          30  0.977579803657246     
           9          31  0.976925898728185     
           9          32  0.972404889745215     
          10          33  0.977090706021133     
          10          34  0.971935143805443     
          11          35  0.977629191044489     
          11          36  0.977580031503883     
          12          37  0.978614301730141     
          12          38  0.976409712180250     
          13          39  0.984518869766879     
          13          40  0.987659537327332     
          13          41  0.987780472111250     
